5.658012167638377943e-02 3.738448678670906744e-02 1.755923351891730891e-02
7.548601327694498542e-02 4.050169271683708161e-02 1.347713110180708170e-02
1.188131780518093816e-01 1.054343600266699349e-01 4.900038154846367289e-02
6.599720566274813738e-02 4.704141080046361778e-02 1.661254682555080367e-02
9.711651056186876296e-02 4.869350954605886767e-02 1.546414663446148315e-02
8.149581280071166445e-02 5.345241872935705546e-02 2.415362328888372156e-02
7.723626321709550768e-02 3.239581468184062757e-02 4.416750804575680228e-02
9.173702740599021244e-02 4.479170446317275178e-02 5.945182562923534419e-02
1.140711164970760194e-01 6.246931319655359138e-02 3.909617593196419022e-02
4.695086011287398498e-02 3.039828473755739474e-02 3.386602674921708467e-02
9.496592695734992762e-02 5.907797697738555870e-02 2.495553334926050443e-02
7.215354943548581146e-02 4.319237929366017553e-02 1.738948626719947002e-02
1.187304325502056696e-01 9.132900004693757234e-02 1.736685198817770059e-01
7.460040362365717714e-02 5.221733779306877987e-02 2.748710097264469784e-02
7.727478026356923713e-02 5.648974753265472576e-02 2.985672292333100067e-02
7.470386513228637060e-02 6.110859327608185454e-02 2.410043109038448317e-02
7.478556930738083919e-02 4.651981216106625128e-02 2.604691742000904073e-02
6.649947083054938424e-02 4.288501157129496338e-02 2.696805469855800830e-02
7.262824704633520645e-02 6.037483483817687041e-02 2.921611554464730726e-02
6.001673614551200631e-02 3.333686674088983531e-02 2.528575232044022805e-02
5.061967728821059609e-02 3.553779466461574194e-02 3.820972529398959650e-02
6.855290635092696483e-02 5.505912176399833241e-02 3.015190368818166516e-02
6.257766072376459709e-02 5.373231948025877780e-02 2.643943086268071493e-02
8.329348338181327693e-02 7.162081983026029330e-02 1.691746404972359688e-02
9.949072923660541579e-02 7.824456703803722712e-02 3.889395130164843145e-02
5.005836089661087895e-02 3.559217692403773836e-02 1.919611036858031444e-02
6.303542071661356883e-02 4.541515445133682133e-02 1.709353628373014300e-02
1.018711258149538335e-01 4.120096470876152134e-02 1.938004372842898337e-02
7.399281725033589330e-02 2.608899106923617123e-02 1.187344375347244331e-02
6.900916831664939688e-02 4.295645610028794165e-02 2.948477114823921247e-02
5.976016920322671511e-02 3.369154767961478336e-02 9.273610101311853537e-02
6.599150147801755018e-02 3.766243029742398496e-02 1.993714369190664054e-02
5.964878559453990620e-02 2.866030647372123583e-02 1.142507948048776013e-02
6.957023680713751712e-02 4.380276823046658219e-02 2.041973235536713796e-02
9.809756359862649433e-02 8.643927018693772779e-02 5.603118196577752674e-02
5.673990051407272472e-02 5.482082356330175016e-02 1.696860449884134842e-02
5.869836512285375729e-02 7.284880698806017740e-02 2.394948133976345858e-02
7.027466469207745148e-02 4.143547822860042806e-02 1.294995161245676360e-02
4.611930677613476637e-02 2.370673194968324696e-02 6.128081342216888140e-03
1.437465231603849702e-01 7.790544791225594012e-02 3.862176042360000033e-02
6.823522889006568282e-02 9.052157234384279605e-02 1.152121530192893178e-01
8.148736661808250736e-02 5.652253585551072351e-02 2.366142643016144048e-02
4.518491471811079269e-02 2.398428777209635904e-02 1.984790699107045336e-02
8.607748412893055645e-02 6.191393254360338938e-02 2.507112153958415343e-02
1.224443232893243222e-01 9.420113641430713503e-02 4.228725724398144092e-02
4.753480799549780061e-02 2.239610472997970517e-02 3.568071505375224745e-02
8.932146990270287135e-02 4.703877703369650082e-02 2.797686315063013796e-02
4.874242451687830352e-02 3.730574797058968523e-02 1.487937087261297434e-02
5.686998650873159589e-02 1.155884896357242397e-01 1.953653897441394449e-02
7.160229600207046463e-02 2.905317380400123523e-02 2.187498344249073912e-02
6.970879397523306598e-02 4.027131353163194982e-02 1.780711626587080237e-02
4.350925057987817257e-02 2.576052932225035563e-02 1.954789199061871680e-02
5.358889963868314343e-02 4.676576203557344241e-02 2.564615868112796182e-02
8.590311754717933068e-02 9.243175189062662056e-02 7.765968622963656531e-02
7.237749559623359030e-02 6.466605147299811507e-02 3.274399264520155839e-02
6.451634606956310747e-02 2.796192952739966556e-02 3.960219569075858204e-02
7.984681578447579142e-02 6.899314402120662604e-02 2.011363068154102193e-02
9.693390657662410981e-02 7.773388989917227876e-02 3.440245258598283867e-02
5.232095080272667481e-02 3.223170177831122946e-02 1.461763264833484607e-02
5.653089510845705351e-02 3.946820013876830430e-02 1.736260009162518547e-02
8.701158028865123295e-02 5.961843584761888915e-02 2.326627152864272144e-02
1.253992627184682684e-01 1.018048306324876862e-01 3.227888605787156140e-02
1.252630685106736197e-01 1.037689829296619543e-01 1.166837835410769603e-01
6.094418169898578597e-02 4.752537998860033308e-02 1.256965670342898196e-02
9.328919885812833601e-02 4.713776153223468712e-02 1.968011281711048305e-02
6.149280524395651926e-02 4.273654462142349036e-02 1.914047403970541364e-02
8.423195865650540126e-02 4.410485848312854090e-02 1.196675263146731137e-02
1.362834275433623676e-01 7.817769190055121054e-02 5.120733971236791221e-02
7.132102435410388186e-02 1.421700098517187927e-01 1.464967871706894346e-02
1.085200154069654033e-01 7.963391211018225335e-02 4.427934213347942821e-02
9.928036236172912976e-02 5.863000394470239962e-02 6.885691031020990671e-02
8.026058058665577755e-02 6.211115023570257243e-02 2.601948411605375586e-02
3.593630526283347892e-02 2.282740430062207490e-02 1.973905246593338214e-02
2.994556984834537486e-02 2.113040332794255405e-02 1.712081161690820821e-02
9.320966463960417281e-02 4.700475863875094862e-02 2.921423540990109036e-02
9.541136375391512381e-02 7.426557229939123594e-02 2.503466774769776484e-02
7.367210666950971265e-02 6.138512180513321786e-02 3.960184887550746019e-02
7.616368226265289587e-02 4.963334531631055646e-02 1.947886580594863914e-02
6.111124895460887801e-02 4.303903154415689158e-02 1.235713654835284177e-02
7.439542587210706825e-02 9.348555930254200119e-02 1.510963634655547172e-01
7.841037552265284205e-02 6.345693798750522141e-02 2.914401324316167816e-02
2.880342650582315422e-02 2.512266515769127906e-02 4.036134925922976735e-02
6.362375464907212008e-02 4.270764184915455675e-02 1.480793729594473591e-02
7.486061511464781049e-02 4.317631205548086437e-02 2.129783077267350527e-02
8.091790806547675963e-02 5.235385502661173140e-02 1.789432807612189105e-02
5.803376513420139410e-02 5.601361463784451655e-02 2.280910684632091179e-02
4.898241640852693535e-02 2.984392128817064949e-02 7.032747063568834875e-03
9.400731990457611431e-02 6.417485009557394315e-02 5.969424745865601484e-02
6.123547712434253970e-02 5.839394088346543804e-02 1.845501361495461776e-02
5.530518329306235992e-02 3.245596672367044577e-02 1.378853625741595368e-02
7.184677401148607812e-02 4.107111871963271127e-02 2.165277682383582106e-02
4.453737350437447090e-02 1.645058998673775211e-02 1.073009810499128518e-02
5.729816940093206135e-02 2.143699210514189366e-02 9.442707049042035894e-03
7.090079626210721297e-02 5.690609815796350557e-02 2.700392165908751391e-02
5.801002110759594099e-02 3.961057261132326646e-02 3.650682842874177630e-02
5.787774982888586189e-02 4.401665958958695529e-02 2.358527641187705901e-02
5.756913681167349223e-02 4.905433307366426771e-02 1.537460615115093798e-02
4.880866739017995087e-02 4.722253410370279986e-02 1.071981751012884322e-02
4.568478866770594310e-02 4.355083771521923997e-02 2.774505854770648039e-02
9.192743787540423595e-02 4.812032559474290622e-02 2.981955692882926751e-02
7.388109003962502197e-02 7.151954285592371230e-02 2.650303052724939379e-02
3.410545371432812528e-02 2.428470728903156517e-02 1.272831519146255114e-02
4.916902221525656924e-02 3.496521880819389999e-02 2.235689147523613890e-02
7.062802003253408623e-02 6.299782535303975750e-02 1.693834647837178659e-02
5.234059231495484521e-02 1.073951195640912848e-01 3.606171145038058329e-02
1.006343782107736728e-01 5.672333425030220977e-02 2.361147058738559748e-02
8.279096831725227257e-02 6.020415958726774847e-02 2.834617621581364197e-02
3.628142759617261626e-02 2.323141647528141271e-02 5.566117349500568877e-03
6.346018545343415362e-02 5.414775822138366557e-02 2.578516380260298391e-02
7.332351132586888143e-02 6.074636126784208057e-02 8.532688655229803132e-02
8.949067312845195021e-02 5.613295605028439245e-02 3.412165519816105080e-02
6.074985673736032349e-02 4.883734052670868353e-02 3.711289128314457231e-02
9.283363526059650039e-02 5.216025677181713310e-02 1.867678134772193799e-02
5.950072812392200039e-02 5.897171411965537041e-02 1.232723786759030576e-01
7.207598146480476142e-02 4.311961763362915506e-02 2.606298092531003988e-02
8.445796540050422296e-02 6.184637520854295578e-02 3.381978340161449076e-02
6.351672002455051314e-02 7.716904530721084565e-02 1.650203322300392711e-02
9.247784825851286528e-02 5.828761149351813220e-02 2.270594745073140075e-02
4.743094260749061708e-02 2.558237344249869247e-02 6.473910723502139530e-02
5.920895867885228592e-02 4.026749729076729845e-02 1.958760773292412757e-02
5.989163555028938907e-02 6.087569516517071094e-02 1.822348350280520585e-02
8.282474830981083336e-02 6.442465883321023268e-02 2.594031042927271921e-02
9.398887249737210292e-02 5.553445720045113720e-02 2.654845927054181806e-02
4.722815118223450820e-02 2.048613834074203277e-02 3.766581527438167543e-02
7.713147448428245290e-02 6.455017911341819070e-02 6.493738988979273763e-02
5.899022598375455034e-02 8.371148889117506486e-02 5.798935921379376468e-02
5.320487420110089904e-02 9.063406022527306649e-02 1.027108876908785634e-01
5.535681128009996982e-02 4.313610555451713457e-02 1.630678718551864526e-02
5.630196479853104286e-02 2.890181236865668399e-02 1.227790346369116679e-02
4.705216801822553058e-02 3.714643973061532156e-02 1.595479234407824395e-02
7.266074937447455917e-02 5.415014506170935660e-02 1.564089773972787700e-02
6.478175088480020438e-02 3.362369673795039676e-02 1.766107387265852813e-02
7.563958134429735192e-02 4.999633148623918583e-02 4.880849789384953535e-02
6.776232999930052736e-02 7.809083940352098963e-02 2.844046739471453936e-02
7.107674649617538865e-02 5.746975506649766585e-02 1.814051449993395529e-02
5.622214081594870128e-02 6.193729954962951673e-02 2.690895226692906206e-02
1.004021678779438570e-01 6.357971403172622826e-02 7.898639679667264490e-02
8.298081977528697084e-02 7.791540661102792920e-02 3.133648748462464217e-02
4.999566190023109480e-02 3.287217258096916672e-02 9.290830738303763534e-03
9.373518626893871664e-02 5.721534378142650867e-02 2.341953300355434711e-02
1.093343302547997581e-01 5.624420709645164274e-02 4.387390618655451213e-02
6.968780054400418311e-02 9.213747743862558959e-02 2.490164770499574826e-02
1.699095404568461143e-01 1.414909880049123048e-01 1.752396687872698755e-01
7.639215944263318125e-02 4.759665544547076604e-02 4.438645080437339518e-02
4.232620106387248449e-02 5.208450087612982032e-02 2.505729895856085784e-02
6.569105851739712176e-02 4.701083417834955175e-02 1.507486918453488853e-02
9.945095526471514624e-02 1.052692676059659438e-01 3.882986628557390935e-02
7.375252453231878613e-02 3.039413933718549191e-02 1.275332772233309098e-02
8.979498966873308841e-02 4.900446530753357899e-02 3.032074353691764992e-02
5.750160863422423829e-02 2.402125031793681670e-02 3.281113430156640948e-02
8.231382175089552167e-02 6.040502253019532780e-02 3.257850761703290354e-02
6.041390285722079978e-02 5.596529090736709899e-02 2.392796309541489475e-02
8.931018918528546569e-02 9.627026461687542003e-02 2.970926763458497932e-02
8.797759122284677658e-02 4.156500264622135093e-02 1.363194754753674631e-01
6.511945620757943198e-02 3.571272001083998504e-02 2.186069432949248534e-02
1.089956468695589681e-01 5.475182029035254028e-02 3.006934482178325388e-02
6.155382613080605941e-02 5.554769176447144075e-02 2.204198473158877972e-02
1.024042701904220726e-01 8.926626227088166332e-02 5.953874508809130911e-02
7.296885888895672523e-02 4.072062500718335448e-02 6.379164918433723186e-02
9.604051284783234055e-02 5.587182577696886421e-02 1.775014171308232983e-02
1.261550725806389051e-01 1.002339094897675420e-01 3.003169683270451654e-02
8.552136503469066897e-02 3.440259957355294718e-02 2.222545702055069711e-02
4.829976657092312220e-02 2.284398665923752930e-02 9.264404171208395072e-03
1.019022990728765954e-01 8.077879163485467140e-02 2.938530732217556687e-02
7.355522223658357561e-02 5.516869889381793846e-02 1.872585585045015780e-02
8.027879279191683926e-02 5.180970013531130403e-02 2.579519640565213628e-02
1.138655235867159637e-01 7.342866789846513864e-02 2.817185547619296612e-02
6.066769603784441522e-02 4.513433710820381750e-02 2.188720566360874420e-02
6.967669492132083642e-02 3.514039167478039127e-02 1.711504011018784299e-02
6.201856400678557035e-02 4.048409589185367197e-02 6.580285956413894910e-02
6.352620542274657611e-02 2.705272562088860064e-02 9.973767644488823123e-03
4.892059641497718131e-02 2.206407662560853564e-02 1.063022017591012114e-01
5.451780977777454656e-02 2.857548361107030768e-02 7.610753955373882051e-03
8.413810834953915074e-02 4.833162862140823191e-02 4.015996942888164223e-02
6.529597325527122798e-02 5.966187802480544394e-02 2.637305995348995444e-02
5.885170081718836543e-02 2.397701352703232591e-02 1.393240132166610572e-02
7.356585168909404726e-02 4.566610753671402484e-02 2.296148880281042789e-02
7.806200014013393862e-02 3.974389901739143471e-02 8.061340928256785499e-02
9.134364766921433676e-02 7.340541826159073524e-02 5.446818609240446085e-02
9.403586892108124762e-02 8.357107125515297885e-02 3.702662051357460266e-02
8.221391096019003975e-02 5.603466807956805629e-02 2.605573428900666982e-02
4.575964129560200488e-02 3.142440867858019987e-02 2.969276819354650654e-02
8.531290147320504114e-02 4.862910781404099214e-02 2.195902423239271331e-02
7.823358214084907836e-02 5.736362085702668978e-02 3.084142450491787757e-02
8.853313342008617415e-02 1.092885587855269708e-01 2.457410268147287163e-02
9.136507105321223232e-02 3.850511639455231339e-02 1.433017975811524611e-02
9.626653639364841919e-02 3.927255527701477983e-02 2.240146246542703418e-02
1.133136014217798748e-01 5.440185905150355522e-02 8.228475369477052104e-02
7.105375043320426298e-02 2.903233098485092159e-02 1.792785603812519293e-02
6.282529944800535615e-02 5.529186035775216640e-02 1.287579165728417255e-02
8.035421053374390554e-02 6.193483381959281192e-02 4.511274994629647928e-02
6.776737641709477955e-02 3.256627099728105074e-02 1.279279254394417170e-02
9.427909855155036656e-02 3.861728029359019765e-02 1.971214704842999890e-02
8.025806425805936950e-02 8.769726273607955647e-02 3.162325249613585909e-02
6.286552486608062984e-02 3.107058181625734286e-02 3.994900559909507487e-02
7.724905455574374025e-02 4.270839254736221585e-02 4.362409820154387885e-02
9.651291190571251177e-02 6.629490499583294560e-02 2.446005392566915834e-02
8.847143365781140467e-02 4.517072818006341584e-02 3.045738967553709639e-02
9.640730719952983474e-02 7.209667650341146372e-02 2.462487176463223904e-02
7.249492657488736114e-02 6.735462757397996103e-02 3.734231256612098593e-02
9.165213831198348871e-02 6.130344192811230941e-02 6.243808133108570690e-02
4.986778577222261699e-02 3.270974222550954158e-02 4.092476217244114811e-02
8.180185423496108554e-02 5.916828275017101124e-02 4.969744059968436711e-02
1.121157634192954111e-01 1.125709487849957113e-01 6.346858378285920310e-02
1.200728869436360063e-01 1.281812630943816589e-01 6.030006838434653210e-02
1.134612816883780462e-01 6.480062273417372398e-02 2.994929453803514552e-02
7.037016996422817972e-02 4.871341415769995381e-02 1.291239947137928432e-02
5.289670587530549695e-02 2.430297659723490433e-02 1.345296958158869946e-02
8.104286078810432614e-02 6.441362131914786515e-02 3.850273197801414027e-02
6.258106483436522149e-02 5.874458020765441213e-02 2.171928488232024654e-02
1.035597547973812760e-01 1.005152578307060285e-01 1.052524591246760677e-01
9.932275801742561361e-02 1.139987615551320416e-01 4.870895415073535351e-02
5.284009867641205338e-02 5.074139952817317833e-02 1.802160011639043422e-02
5.580668237944989840e-02 3.208677276073487045e-02 3.626379892173443170e-02
5.251685734272076161e-02 1.581691984273647308e-02 7.820055585960829572e-03
7.709153995015217975e-02 4.220711325309979556e-02 1.150911860701288487e-02
4.500226372934411356e-02 4.309129196699891529e-02 3.789520005849143086e-02
6.000579349707457072e-02 4.961941683573613260e-02 3.259756617930358730e-02
1.278868963861801433e-01 8.202118413912133643e-02 5.765362437603890888e-02
7.136325459561661255e-02 6.251627793823563706e-02 7.805001404755324002e-02
9.957225174252784528e-02 5.756541899443502752e-02 3.603722713321456245e-02
6.029789103164904379e-02 4.511924995898225488e-02 3.289863951753146942e-02
7.859253859590069335e-02 4.540333468239280551e-02 2.163145491072504187e-02
8.277017419747388638e-02 5.511461115573441927e-02 2.448257372878407528e-02
5.151910876416417040e-02 2.698992196035317551e-02 2.557292908334235157e-02
7.216306279100447030e-02 7.185705076725050489e-02 2.050252967533706949e-02
5.539639433519887024e-02 1.728477979887180216e-01 2.051518793945832433e-02
4.794204069332148183e-02 7.183903923665985181e-02 3.388948464047944475e-02
5.328647609507143612e-02 5.681527509255912545e-02 3.235331882223564659e-02
8.826710269131934905e-02 4.950550525118308648e-02 3.762865330459583268e-02
6.852489251008751781e-02 7.712438333110731292e-02 3.603081203550233258e-02
9.225523894840681471e-02 6.535455730989730982e-02 2.988176623731093884e-02
7.958934294134857590e-02 3.669526496382545522e-02 9.646095493249207120e-02
6.406694130232856721e-02 5.252482437823120104e-02 2.263258969327787071e-02
5.944523545058968961e-02 3.616038391927016427e-02 2.749334455037462724e-02
4.202632664264657064e-02 1.842453381246610122e-02 1.074485178647935184e-02
7.210234683229790886e-02 5.210731742874693401e-02 1.848514955972306237e-02
1.098565585668566519e-01 4.261090998693027598e-02 4.373716501351307406e-02
5.286408531496018803e-02 2.565506611218081046e-02 1.531491572132499118e-02
1.181748688932671570e-01 7.907205493397274909e-02 3.828113086585350350e-02
3.857898762663532211e-02 1.775096415197552346e-02 1.006263345365350503e-02
5.645594219650338502e-02 3.801979394992836131e-02 1.471321070711277372e-02
7.163480250281258066e-02 6.771273823271381498e-02 4.865856972180319928e-02
7.479232766724236425e-02 4.350925990423051837e-02 9.848701682671692770e-02
5.055528040017420732e-02 2.224142423142909386e-02 1.457227396310475410e-02
6.779388646659730011e-02 4.290075274542557576e-02 4.290995588640662828e-02
8.373260156821836497e-02 4.489525117702235224e-02 4.037767906382907362e-02
1.295765672414127267e-01 1.079940365373018019e-01 5.295386551512262091e-02
6.366581533568312079e-02 3.301635593782895062e-02 1.987835448621950996e-02
7.576831011771435753e-02 4.275833164794545088e-02 1.765146310533519114e-02
9.002024638633743248e-02 6.293503047508050563e-02 2.720671116773827614e-02
6.509858665270225331e-02 5.606660259681955916e-02 1.063114763540734184e-02
7.174520675188221508e-02 1.363381256456659141e-01 6.179490825778345686e-02
5.174073597487945098e-02 3.994925471487074248e-02 4.356970514248181825e-02
1.023302289484206845e-01 4.433633197948837895e-02 2.053527365542765631e-02
7.745851090801020300e-02 5.675884329900518499e-02 2.578029397129818351e-02
5.235079590780217923e-02 3.000275228996094473e-02 1.421994137203621764e-02
9.143517281465690649e-02 5.822463966134390490e-02 4.063305346829578640e-02
5.174409150488359921e-02 3.185708773161202711e-02 1.012099509649360823e-01
6.443763991767595400e-02 4.200556173011963518e-02 1.712502578472868339e-02
9.508389966099001223e-02 9.685415299200447747e-02 4.360640297829115886e-02
6.806069483138572906e-02 4.436931882117415432e-02 1.863203356874346128e-02
9.012074843446114814e-02 5.402795118831054538e-02 2.259054736445588810e-02
7.892373885705597503e-02 5.779733582117035917e-02 2.761212458735035416e-02
6.301375869689586351e-02 7.627563029490401492e-02 4.445276661422203901e-02
6.158834141910530385e-02 3.754398411822255227e-02 1.534748237638368720e-02
8.996549964940481203e-02 8.108784345063703436e-02 4.361741586959326511e-02
5.688194598588085238e-02 4.547073604324872176e-02 1.880543360646542289e-02
7.493593171918837281e-02 6.811395977102729926e-02 2.803086551167793122e-02
8.647676430507557355e-02 6.365540933602857609e-02 6.897510031128739616e-02
4.722725989571730648e-02 6.346111068483473172e-02 2.255551698955328768e-02
5.572893029769360185e-02 4.146804677921371585e-02 1.286083668910958065e-02
6.265688508960742809e-02 5.223652624509985548e-02 2.203229539634929401e-02
6.067541158793703787e-02 4.647059505236326299e-02 3.508442336972462938e-02
7.907525451458645438e-02 6.167893380347888588e-02 4.299645731823592554e-02
5.437984430645245032e-02 3.486534057346097476e-02 1.682902841247761044e-02
9.421196153058644662e-02 1.218702755954464978e-01 2.177980901337625910e-02
9.047930110001796422e-02 1.138382913081925213e-01 2.109466307030111523e-02
4.106219221176127254e-02 2.801946281197068012e-02 6.410270435422320626e-03
5.004196936017886455e-02 3.062834705939525282e-02 8.101674725946557756e-03
8.462768859589489545e-02 5.462580069957899409e-02 5.550014521391258282e-02
7.684439433937266528e-02 1.147909714526929997e-01 2.861033655256623245e-02
7.882544426574709939e-02 4.583760403655284116e-02 1.305819768118305670e-02
1.278902989989074424e-01 7.445814883293511155e-02 4.771869105192336202e-02
4.195158098864751328e-02 4.143160182724014290e-02 3.067391759294259626e-02
7.074046683187887319e-02 5.303944590674659898e-02 2.808279700712417587e-02
1.034603652434777227e-01 7.614823466751605152e-02 9.220011358863056117e-02
4.918932219782083670e-02 5.121610761901392028e-02 8.152037193044203017e-03
6.772519674498940490e-02 4.680315999076032352e-01 2.181332025607619907e-02
7.797654424389045824e-02 4.006003782210143527e-02 1.936602329837178171e-02
7.426873760075386466e-02 2.487831916017115355e-02 1.771478567862771331e-02
7.743609074583941709e-02 6.488006516608091356e-02 3.301448799332915018e-02
7.007934649354877199e-02 2.918111332949203246e-02 5.059913475422033596e-02
6.486492648422714780e-02 5.042235990485630787e-02 3.537468598962458660e-02
7.466580690208297899e-02 3.948041050384036577e-02 8.333266358267846577e-03
4.423820699659251898e-02 2.499918379596180809e-02 2.362590779127059920e-02
9.329462492393104933e-02 5.101979576018038365e-02 2.042899091882910065e-02
5.994160898570793927e-02 5.414320187807879214e-02 3.269567346577793160e-02
7.303346667714709362e-02 6.621024930491044291e-02 1.612029105925575356e-01
8.589906600826040239e-02 5.890328822316728830e-02 1.744602015301517303e-02
7.197658394906868151e-02 4.786041113419696458e-02 1.521949859484682428e-02
9.467573195710765610e-02 8.708708790738672878e-02 4.616951740054178049e-02
6.283731021411601003e-02 3.545893118436812402e-02 1.683008301492834938e-02
5.113445436511854930e-02 4.067082469640270759e-02 1.693147108700885500e-02
1.298574487884482931e-01 7.112890217858722219e-02 3.335747950310963272e-02
8.075367505400782298e-02 9.978987118109960974e-02 2.332822109815903613e-02
5.433873697021281146e-02 1.823648970568439096e-02 5.118716870827500105e-03
1.469720011414573368e-01 8.129824984012221090e-02 4.177786238085176573e-02
1.135877006405818929e-01 8.522642090133336623e-02 1.154791309574359770e-01
9.968199333424933306e-02 9.098159559215612813e-02 2.523039780109760655e-02
7.638420730609353504e-02 3.249002059660637681e-02 3.973049858345528706e-02
4.895161316419884695e-02 5.257182644948839301e-02 1.926461039617600318e-02
1.161766462193206673e-01 1.031947386201618189e-01 1.097169918260547800e-01
1.186243163215413843e-01 6.243224812529375722e-02 2.410195892012192628e-02
6.685512568997513394e-02 7.985264606555830813e-02 5.720413573837694610e-02
3.577067024509340137e-02 1.361924495900933979e-02 2.858001988118418282e-02
5.354135180611889477e-02 3.489935234202033720e-02 1.282696184689139166e-02
1.001605191242849330e-01 6.557305370202080874e-02 3.174441575246707281e-02
5.413913074760005190e-02 1.587582895728190807e-02 5.691291684909220716e-02
5.383402730153442894e-02 5.782200437341357413e-02 1.660574438713106546e-02
9.355427790938052046e-02 3.460883212509287266e-02 2.381664917286111308e-02
5.663027366454626704e-02 3.403066362082734359e-02 1.725462382974122383e-02
5.311464545055754466e-02 4.652787999443586120e-02 1.704838093204604638e-02
6.994544564386813434e-02 4.821977708562667775e-02 2.929851863916221183e-02
6.232595445807773832e-02 2.957099561036165281e-02 3.531740708244790472e-02
5.668280733882580941e-02 4.863247924076177092e-02 1.741046403638678644e-02
8.817316059261642858e-02 4.771311762988450500e-02 5.818752266849763072e-02
9.520945896335128444e-02 5.999264640434841950e-02 2.891424146519117749e-02
8.097426613262456718e-02 3.984534674416786298e-02 2.438666705355047037e-02
7.291520523336469939e-02 5.796360229582965540e-02 3.531462715968092941e-02
1.116610131574498482e-01 7.200710736177588778e-02 3.538340941386113742e-02
1.031504621129253757e-01 1.031819198555531253e-01 2.999807450299398631e-02
9.046183105335192653e-02 5.712398807483181490e-02 1.934364411636423781e-02
7.541003709503749097e-02 5.738458698807714226e-02 3.641424889069121151e-02
9.416235698975200519e-02 7.978248520987017700e-02 3.225487649892749137e-02
4.686558543285972850e-02 3.300498219969030811e-02 1.243965963379443929e-02
8.090950337366581424e-02 4.966890204392796632e-02 2.870536475506156593e-02
3.219835025656874600e-02 2.219601749554071454e-02 7.729470605158967646e-03
8.398575188161942762e-02 7.538217673392326457e-02 2.329098967061324701e-02
8.784371627242300307e-02 8.210822098197972929e-02 4.625536281101365332e-02
5.982829197064719329e-02 3.058618784953696934e-02 1.166022076658418914e-02
8.557399672703561166e-02 6.434550120889853675e-02 2.553158756624995807e-02
9.479369087871503119e-02 5.727838769917310835e-02 2.425816815429251289e-02
1.098031559441566135e-01 4.884133634769639160e-02 1.436316548210167243e-01
6.301967102716507507e-02 3.392086923568511658e-02 3.169652137160619554e-02
7.554035561860782122e-02 5.500777933734393721e-02 6.857175559616780769e-02
6.680304465429197369e-02 3.604321563901972253e-02 1.829164254552166982e-02
6.793464159678266889e-02 1.023459568849405948e-01 2.804132694605149939e-02
7.977672502638873120e-02 6.426267435065433076e-02 3.262439587173306121e-02
8.217360592391831364e-02 5.612168335931962126e-02 1.388034997316747385e-02
1.115023940733595592e-01 8.090426850151789806e-02 3.908919911453514334e-02
9.070387145820299479e-02 7.475498594494385529e-02 4.747763472245694616e-02
6.571924760322016279e-02 3.244080019742051624e-02 1.571524817978233943e-02
8.655218817058055181e-02 4.992708121882805800e-02 7.188741002392995405e-02
8.201521508123124637e-02 3.562450192548022310e-02 3.795285010416717120e-02
7.671985992814869815e-02 7.857228031924691491e-02 2.645174897189596364e-02
1.504945555401645818e-01 1.277402910890088616e-01 6.597229182443022089e-02
1.007887075052851800e-01 6.634795922453666506e-02 1.704213432513903073e-02
6.574923785066436044e-02 4.043154848241518190e-02 1.815808826623723990e-02
1.110638562539224272e-01 7.037022868869108327e-02 2.845802106823475466e-02
4.102395039830147166e-02 2.867529494676925375e-02 9.627479749428933392e-03
4.782448285047227049e-02 2.740884396045700777e-02 7.158985339137316842e-03
8.667681159097918864e-02 4.644625413865272751e-02 5.735351314140595125e-02
4.361140241925533234e-02 6.373618773914081770e-02 1.635094077783120006e-02
4.696683198619608368e-02 3.007233420346822061e-02 1.061021217173933884e-02
7.632302237389780586e-02 1.096058921660130747e-01 2.450701701884709996e-02
7.837427064239957386e-02 6.263061508706971314e-02 8.810890727082393292e-02
1.080710833941894017e-01 8.870049842634342152e-02 1.108546427834417036e-01
9.653725803504641101e-02 6.428424079586114726e-02 7.084829637089232190e-02
5.895230169534092929e-02 2.552846526633342772e-02 9.508333544281977884e-03
6.980670082521417408e-02 5.413578625128001587e-02 5.054221633332847685e-02
5.294956527941169222e-02 3.105352923701212506e-02 8.029916484222611450e-02
9.419194049292695103e-02 3.710326007312701735e-02 4.754191386996642343e-02
5.980126748525210756e-02 3.133480815013966331e-02 1.204636877290088740e-02
1.623166816705668702e-01 6.792195359204897809e-01 3.951996228346763007e-02
7.865419179613285239e-02 8.098757361588065917e-02 3.923625703857930302e-02
6.844862272248662671e-02 5.581417629037409289e-02 1.400031583260946851e-02
5.195084368952671006e-02 4.139868271057555588e-02 5.381547170460229679e-02
5.473646814514478154e-02 3.473529179563643321e-02 9.061234356254137257e-02
7.642654441119926811e-02 8.461472390508617547e-02 7.824168635392181326e-02
7.698525887510732080e-02 8.180275056652323851e-02 2.073041646925306500e-02
8.660527904105383423e-02 2.722903435986764875e-02 4.119134752861729198e-02
1.340821538766157339e-01 7.495890107357776333e-02 2.930577616134506097e-02
1.061347406886635897e-01 8.213249064710489988e-02 6.972174070764093623e-02
1.230342403791435391e-01 5.387001275356963215e-02 2.904249883600158039e-02
8.936382167954315392e-02 4.034881506209628266e-02 2.458411439054651940e-02
5.086126480896901308e-02 3.044691246996213130e-02 9.330444867190725022e-02
7.834088502010516653e-02 1.946538026687678891e-02 3.103092533688714058e-02
9.136281056008076218e-02 5.709242706519705723e-02 3.059624862616795726e-02
6.192138895582844499e-02 5.383301777635900176e-02 1.424013602130452978e-02
3.988624298239715898e-02 1.241549969247782506e-02 8.028223539504266912e-03
7.740100718746720232e-02 6.197896156611810287e-02 1.255251560370498724e-02
5.097582324834889350e-02 3.665940698965065164e-02 1.689313677206598363e-02
6.047014447537451404e-02 4.953412198175982661e-02 1.651481014421074880e-02
5.312269643084169962e-02 2.132235149434790963e-02 1.148613597878970702e-02
4.997480934558034410e-02 2.389239822313068626e-02 8.548950466905512122e-03
1.018428548477169904e-01 7.554509360382768990e-02 4.891614331381086145e-02
6.407793197486784387e-02 4.872431219605667663e-02 2.433829902136974005e-02
8.995576093272862617e-02 5.915504486967350373e-02 2.609933955117340471e-02
1.063185471303334378e-01 8.015554956300194323e-02 8.021757210592113385e-02
9.346579972963918459e-02 8.535122760832603017e-02 2.726060383385380675e-02
5.155440755335258252e-02 2.540859309659576626e-02 3.179040995081888060e-02
6.219766116368637132e-02 5.179378334132130057e-02 1.047921980722346380e-01
6.165699410050615864e-02 3.484849985940641215e-02 1.736195581400813703e-02
7.035129661204721219e-02 6.047654677287551961e-02 2.544179659904689458e-02
4.590570878668791266e-02 4.996990085654917646e-02 2.662888515558954963e-02
3.892855196338318446e-02 3.452043564545502485e-02 3.187111623541057093e-02
6.416201297473453358e-02 4.161547214970800351e-02 3.426280927742907101e-02
5.872117035285484565e-02 3.754859534509805835e-02 1.085668262574831545e-02
4.493410990330450744e-02 2.405823880866845774e-02 2.255292552350362037e-02
7.820439457828985697e-02 4.814621492833924543e-02 1.491588648496339556e-02
1.539605382563218050e-01 7.649722491960005144e-02 4.334414707839957109e-02
7.607987687057810033e-02 4.968280381302821874e-02 2.836876358974051854e-02
4.728937125735890173e-02 3.780394032675376409e-02 2.163124776248884912e-02
4.826170796478872899e-02 2.972970051475597869e-02 5.206413424190999006e-02
6.450874926130296949e-02 3.412751412870235201e-02 1.211489745746041798e-02
8.995005089349841776e-02 7.681082355323871902e-02 2.316271368646460188e-02
1.221674494739390660e-01 9.650285014353049418e-02 4.793474044114263283e-02
8.164537082892552033e-02 8.685736436263169491e-02 2.421481928296351574e-02
8.619693974340712772e-02 5.274433413126582842e-02 3.223346990607998952e-02
8.557775908917132635e-02 7.370352351724944462e-02 3.995272917694934339e-02
6.690194505691332560e-02 3.453575964943976506e-02 5.138396013278359598e-02
1.197158045799702197e-01 4.978665997433706636e-02 2.891937526535269185e-02
9.560216897891311849e-02 1.391286669610557747e-01 8.083839459247971204e-02
8.731924712064098593e-02 4.855065669374195036e-02 1.507111791016583872e-02
1.032543796435761163e-01 7.853524880546045028e-02 7.442688034937061659e-02
6.006648756261932787e-02 3.927868422502878848e-02 1.618664898322095397e-02
4.553920546713451090e-02 3.718299384304545041e-02 3.673280580032119158e-02
6.643640461062504110e-02 1.876272020340360308e-02 2.423319218823713483e-02
8.649559290048998428e-02 1.150791440286524359e-01 1.009831748864689627e-01
7.791746329890740508e-02 7.050783071147329051e-02 3.154305373226144044e-02
7.908427127053353767e-02 4.684079012351810567e-02 1.518184611988299473e-02
7.710269211122626476e-02 4.443868994281054141e-02 2.213035020097097599e-02
8.158163941605740821e-02 7.252682074707726689e-02 2.380199891635725179e-02
7.244438471356808018e-02 8.911814181726519790e-02 1.190679463277868333e-01
6.083515173753548805e-02 4.228258420694557679e-02 1.907203786468060838e-02
4.324243175305007847e-02 3.332956947657958469e-02 2.790168405296432341e-02
6.603312423654728036e-02 6.223138286330146679e-02 2.967004445889983091e-02
8.298344976889250602e-02 4.938305659144939103e-02 2.602211849577084485e-02
4.358166705223834314e-02 3.220222488460073446e-02 1.428155764191002541e-02
5.604280008815133718e-02 2.652895043216480300e-02 1.152144798084347131e-02
6.116284251961771889e-02 2.394853911724444118e-02 3.345752996739924379e-02
7.948602018857206519e-02 5.102978019594223841e-02 1.233014101268471580e-01
6.419048282583335319e-02 9.144779574506096687e-01 9.923965212836111452e-03
5.638849313550539644e-02 6.092603356221852617e-02 3.054007478336556031e-02
3.599642711950133689e-02 3.545670043923021542e-02 2.406867439702489037e-02
6.815712452139580102e-02 4.627069106248007935e-02 2.265545921033244869e-02
5.951321557477694951e-02 2.452758201322722403e-02 8.219068680846748284e-03
7.307405067523098374e-02 4.356366141917381030e-02 2.001625313407515150e-02
8.914331297975894297e-02 5.793883847625388994e-02 4.597077454387048234e-02
7.256480132614812062e-02 3.957522613776691400e-02 4.841219298723928310e-02
8.026061334563185101e-02 4.182045045722876386e-02 2.259233079850875292e-02
7.138722819974541167e-02 5.037261396999549029e-02 2.184453672998726281e-02
9.095384070789745701e-02 1.736735457104635061e-01 3.025585664084363274e-02
7.788110500869412089e-02 1.467541079285340500e-01 3.137359408137402328e-02
8.344202076272781710e-02 5.861555227364259602e-02 2.521544966843326796e-02
6.956849579014233453e-02 4.203565092127450886e-02 2.301513538627168384e-02
5.703482533431378232e-02 4.349933001214585648e-02 1.278512834014244523e-02
8.214252428392024297e-02 4.539377037608827159e-02 1.844551173935609148e-02
9.140432414520439919e-02 7.253313127355502654e-02 1.643646113438237619e-02
9.009057579719366438e-02 6.329278835797509661e-02 2.233622864397317304e-02
7.886353566280522587e-02 6.261118365678740305e-02 2.114664098745430709e-02
6.886716440221676838e-02 4.479988423212492854e-02 2.764229560641053018e-02
7.888391144852426040e-02 4.964435241983970737e-02 3.055550318071171417e-02
1.142935430357164273e-01 1.036107230084832576e-01 1.262059915104449814e-01
5.330947889209401019e-02 1.995969115482938011e-02 7.957637440097115045e-02
6.229478896729060550e-02 3.076067749674884361e-02 4.599047242401299584e-02
8.640917722341036333e-02 5.280857444584901444e-02 2.067382802924018839e-02
8.347074768854637061e-02 8.310175250416278192e-02 5.568775424211040020e-02
6.053884402088979128e-02 4.090798840208177689e-02 1.693222025186053373e-02
7.052917572514305622e-02 2.450863332057212629e-02 7.779664049773237118e-03
6.663414798277757234e-02 5.447072255497077686e-02 2.222957626097504455e-02
4.783156124853796265e-02 2.351157295233614192e-02 2.376444333897355723e-02
1.204314642300884780e-01 6.448574397358278198e-02 9.562132928077803073e-02
4.950955410504043197e-02 7.607143329121940356e-01 1.888059205623713460e-02
8.326390978058732795e-02 7.709298810820114367e-02 2.206051762145471926e-02
8.282975801354731937e-02 4.254864560487489622e-02 1.562259451495336474e-02
7.848270135158420813e-02 7.462817309411558242e-02 2.238996514843469288e-02
1.054878457089990090e-01 6.091348375212029403e-02 3.040071894015409018e-02
5.266143255943556145e-02 5.104143003995785521e-02 1.825688053333019215e-02
9.058551039550249984e-02 7.176242736252071153e-02 3.434434723207761830e-02
9.633114752781775370e-02 5.748503703617284522e-02 2.132102780981471463e-02
9.738825203815482112e-02 6.466834872573773429e-02 1.077810406447412134e-01
4.867178091510963867e-02 2.851466515353555387e-02 3.807912286343077823e-02
6.406425512490776519e-02 4.445196809837145824e-02 2.966756520101552358e-02
8.691586856708277686e-02 5.404942663156681731e-02 2.259146391541570070e-02
6.064328178862295887e-02 5.226943641931885293e-02 1.010649600765427779e-02
5.794718696323251927e-02 1.016097143929551860e-01 1.940013400066988372e-02
6.715834557410563233e-02 3.367524140608604832e-02 1.257189031702659297e-02
1.227368131682512326e-01 9.194198611934745191e-02 2.794681226806667793e-02
9.970745106235444355e-02 4.343148765890057772e-02 2.563432222174904726e-02
8.600767330983784265e-02 3.914188170758559765e-02 1.832342442274574601e-02
6.490361556897793205e-02 3.524493871942643158e-02 1.766301671841405407e-02
1.043591216010236328e-01 7.179888339696617328e-01 3.996126937422986997e-02
4.751969823813610022e-02 1.943989260553274229e-02 2.429179947243820248e-02
1.315448448334054499e-01 8.661678536893159530e-02 4.589528970353878856e-02
6.020405376560043070e-02 3.545100987150706651e-02 4.915807404155697613e-02
8.011818432637884957e-02 8.891135204379867207e-02 8.244678830913043655e-02
7.323143746217215810e-02 5.513709126188778148e-02 9.693402118313836080e-02
1.051010448298929922e-01 9.440380760461312970e-02 3.666746616077486837e-02
