1.209977266411590459e-02 5.309003909078922889e-03 3.699893476634612960e-03
2.716837362051698068e-02 1.284781052269827126e-02 2.333678164458174997e-02
1.947830860183825605e-02 4.599886336332018738e-03 4.226808884112609813e-03
1.832988200755646460e-02 7.878416817473806594e-03 5.375071662235242700e-03
2.905899032107634242e-02 7.801536829864292276e-03 1.264854705482721352e-02
1.049783022570504980e-02 6.389948743397879174e-03 7.550339649174322466e-03
2.403863751552068329e-02 1.194297435484499223e-02 2.808486017276329641e-02
2.922363211451424123e-02 1.130524522375723345e-02 1.339001536628440375e-02
2.806011380600310565e-02 1.039689388058913540e-02 7.148245757117295193e-03
3.044197349278259662e-02 1.153659542823711262e-02 1.598167001486463373e-02
2.026958909385283628e-02 5.028104370767529779e-03 4.036309190137002574e-03
2.715308690881624784e-02 1.832638611046227134e-02 1.198385206519623006e-02
3.552583654550413306e-02 2.465449628382011468e-02 1.356764287768242108e-02
3.036336061429686581e-02 7.335599421168048292e-03 1.446120984561922312e-02
3.200519292360375773e-02 2.532561499821951723e-02 2.915862784032725516e-02
2.094766485105048828e-02 1.210989361876635764e-02 6.073516337868140741e-03
2.459596402852411851e-02 1.612527197917736771e-02 1.022180019992209934e-02
2.147274151912535387e-02 1.277983226808938888e-02 4.953820027998382530e-03
2.107496093836144085e-02 7.671650859248041986e-03 1.366489890232640454e-02
1.584705184599751598e-02 4.981509303050093117e-03 3.520850540278799411e-03
2.535599001051675253e-02 1.199347785598541688e-02 1.195139884493322951e-02
2.376682112880475553e-02 1.114942072923430505e-02 1.295069570072435866e-02
3.662419063754691201e-02 2.507129614927328803e-02 1.666551595832215307e-02
2.721200198099828910e-02 1.282469739975837519e-02 1.554219023004301155e-02
3.481649848144295623e-02 1.770421789877393501e-02 3.096845088441354393e-02
2.707931778810221402e-02 1.621938752804169201e-02 1.257901017625690648e-02
3.359857003363395100e-02 1.461657874408887892e-02 1.103502217301649373e-02
2.323077183366980755e-02 7.695168681798201724e-03 6.340638163874357663e-03
3.441138796795895766e-02 1.754063852787688185e-02 1.456400790173642025e-02
1.578689745501611272e-02 6.601760487246431490e-03 3.382979757485718181e-03
3.116855049697262944e-02 1.231988219198141936e-02 1.111925374792284080e-02
2.660033060019294585e-02 9.760133732037486881e-03 1.005705921208090679e-02
3.306730595702461750e-02 1.671704974564962309e-02 1.074677420028016805e-02
3.461384360591552439e-02 1.308973901641296775e-02 9.462475956600947466e-03
1.660371829797086321e-02 8.645947850973379617e-03 1.570149030090842515e-02
4.879350849532047840e-02 2.717992759986388382e-02 1.980560179763301773e-02
2.668108553789147117e-02 1.657820970366542454e-02 1.987133896733282029e-02
2.312814161961926698e-02 1.872178480936831022e-02 9.755826608573159309e-03
3.257927222797097483e-02 6.747105148653793905e-03 1.340994728400792500e-02
2.615717981439121334e-02 2.514884846755039219e-02 1.941318461764901873e-02
2.202411052843499667e-02 8.509267749099371989e-03 7.950105753119720078e-03
3.125901529012441171e-02 1.540641531618668590e-02 2.196000457106320192e-02
2.502645376027968355e-02 1.372331574322684447e-02 1.357484909791486540e-02
3.191488511851620080e-02 1.350139039845439821e-02 9.753544523102950989e-03
1.376307038892611925e-02 5.052802978162372616e-03 3.596417379680067090e-03
2.311169199489444478e-02 1.126128375245331187e-02 9.817219143952440538e-03
4.516653091507574769e-02 1.699017787255082887e-02 2.197992019130557556e-02
2.647176248401215959e-02 1.306516243475874979e-02 1.580202874522166484e-02
2.085350969075431410e-02 8.668622314543969823e-03 5.664249878798326317e-03
4.473418383519071895e-02 2.553195922084336780e-02 1.867258650694422414e-02
2.390001913801467759e-02 7.106614612238129798e-03 9.370783859886008468e-03
3.565398440245597794e-02 2.110590721962716035e-02 1.390243833947774933e-02
2.001220516253587878e-02 9.737666442219416324e-03 8.016186296732060595e-03
2.380163360524545357e-02 9.016601797554037526e-03 1.737776193665983848e-02
2.841771355229116489e-02 1.865481883196901808e-02 1.240071441263364965e-02
3.898068837195826919e-02 1.388073184669440588e-02 1.126649808043499006e-02
3.801543196473002734e-02 1.820487791056296309e-02 1.482231257772305931e-02
2.497327672264445381e-02 1.414390980223092717e-02 8.227263031398261012e-03
1.969776151962345304e-02 1.513172641260636213e-02 8.608248220637560941e-03
2.940874828472752472e-02 1.633102646281964915e-02 1.035148892884020684e-02
2.441594887293464453e-02 1.268554693028066914e-02 1.168570560864595764e-02
3.793807060362122674e-02 1.552569069680269712e-02 3.780787159948155451e-02
3.657015260770817705e-02 2.706451176455880459e-02 2.545764234913953580e-02
2.708347523749298630e-02 1.884832299534644831e-02 2.173904857315570038e-02
2.144532980064407790e-02 6.154489351801320680e-03 4.151820356987603183e-03
2.124872311014732243e-02 1.540849356572872308e-02 8.409862975302332538e-03
1.520046709094001990e-02 5.871891426805293975e-03 6.348348945264949833e-03
2.550089027241059583e-02 1.353625228696907212e-02 8.726659064042269209e-03
3.201735629164497582e-02 1.970827280420816424e-02 1.789857780005051427e-02
2.736516818699724629e-02 1.553868109119810326e-02 1.914854444248121484e-02
2.064040910566459358e-02 2.135741487880105094e-02 1.631443671658316594e-02
2.907869263749960492e-02 1.380074927725389450e-02 2.567726213521001263e-02
2.023199515455295291e-02 1.251002990926736863e-02 7.750829917808891266e-03
3.561326129090636172e-02 1.045311333246525497e-02 1.092702940844061943e-02
2.467323970370221414e-02 1.544168257802824157e-02 6.578618218728964247e-03
2.294728710320655465e-02 1.602819272248341004e-02 7.018014844720793684e-03
2.164575947448629453e-02 1.014855708665611880e-02 7.686428651385147567e-03
3.602103415748791893e-02 1.814674590745954386e-02 2.014486734122415690e-02
2.054624093476224364e-02 1.060013109077492278e-02 6.200694985254194720e-03
3.070465875520273294e-02 1.297975568999243552e-02 2.007257373602779060e-02
2.784278262964166514e-02 1.009755056315316327e-02 7.608996123136788775e-03
2.007757318170244956e-02 7.508795281473974736e-03 5.751514384479822217e-03
2.131504214605656894e-02 1.511904142970024734e-02 7.360865016568083133e-03
2.089402531064196711e-02 9.254229854126773749e-03 9.348328724562020992e-03
2.783491176945178738e-02 9.191993355482125372e-03 1.032799213180704730e-02
2.696153296637652727e-02 1.927912739230529249e-02 1.303466752892484294e-02
2.390824753396652430e-02 4.801062449113201527e-03 4.292390561787398813e-03
2.839323142235637351e-02 1.232394406075172123e-02 1.028105940056655773e-02
2.055039780084636641e-02 9.658894530351833096e-03 1.387492560540243280e-02
2.218180444769833268e-02 1.634680499472675880e-02 6.765117940183813794e-03
3.804969735302987655e-02 2.317844719357835259e-02 1.612124409722260135e-02
1.718722516175578627e-02 1.227638934272823508e-02 7.931302015444684911e-03
2.940482005366981330e-02 1.551923947504302639e-02 9.773329200660626007e-03
3.747580004414990951e-02 2.197780929269184391e-02 1.739775260487382014e-02
3.117286835511448584e-02 1.174525413969350687e-02 9.805391129358197871e-03
2.845818526914565411e-02 1.164107501101813678e-02 2.455730299046661458e-02
2.366943481497075716e-02 1.780160748886608704e-02 6.520007865613567342e-03
3.393813904324347736e-02 1.002850446459349447e-02 1.122576074558361697e-02
2.699898874836136747e-02 1.339014417760717689e-02 1.093182173544247557e-02
4.918834185454381419e-02 2.719099427527429599e-02 3.583964185593922075e-02
2.194128810593523257e-02 8.236040053915486686e-03 1.335225800941963227e-02
2.836765650205497202e-02 1.283878429810087450e-02 7.950635066921890939e-03
3.184626465332359574e-02 1.340905781943419438e-02 9.339683309955108120e-03
1.940451572297562446e-02 7.122426559821296368e-03 5.210136092783881900e-03
2.344409900982513673e-02 2.276127693655077139e-02 9.038937226122057203e-03
2.447219686363348232e-02 1.504622115886625894e-02 9.600928833971875825e-03
2.195572310562543886e-02 9.926698999567849790e-03 1.235748797450209914e-02
2.593476294050303665e-02 1.087134177644775990e-02 6.297298518231467072e-03
2.832414625387199777e-02 1.982619362086437964e-02 9.108950240991488256e-03
3.176252740619284198e-02 1.560521135282120705e-02 1.253888412991194072e-02
2.866621423031269836e-02 2.376642356681905877e-02 1.417648056001237673e-02
2.255971032376074062e-02 1.246734644120611052e-02 8.364098246542042356e-03
2.051373761541974705e-02 6.064021143812594813e-03 7.377113273846521227e-03
2.763919869290936901e-02 1.171498665888841967e-02 8.801317282326911323e-03
1.835378270984330817e-02 7.487889590674226721e-03 4.744418664275320760e-03
2.712541259772965896e-02 1.407051660112583827e-02 2.013082752312600823e-02
2.916766577824580695e-02 8.618532783289946722e-03 1.685790428901654328e-02
2.606385476205114529e-02 2.001575815498572025e-02 1.261023562968958955e-02
2.666793395587938043e-02 1.595970174165990338e-02 1.101544038576201742e-02
2.945222551198229191e-02 1.768036708217859618e-02 1.096198410172995533e-02
2.315646491904722534e-02 1.165339184534961575e-02 5.585876846751105032e-03
3.033821223603084746e-02 1.426389017107220457e-02 1.551747933572801552e-02
1.715498444627753735e-02 4.894175614321648847e-03 4.298781812650151815e-03
2.711773567495738210e-02 1.854863969080075559e-02 1.086638696488822359e-02
2.278365395706272861e-02 1.114011192914844336e-02 1.153492664916958010e-02
3.025869895678359386e-02 1.477523391993413975e-02 1.606051948694627030e-02
2.381375381477229478e-02 1.276225647514916267e-02 1.105782672886116216e-02
2.374172949190632431e-02 1.441357443195254856e-02 1.517011702346191156e-02
2.209113556217954730e-02 7.829697129569894790e-03 6.761995339377319461e-03
1.848315887122028642e-02 7.333458979827119778e-03 3.611841311336736957e-03
2.263008738926510291e-02 1.831268722413212369e-02 9.103229158807818466e-03
2.619118089748505990e-02 1.372086580494332950e-02 8.499237415764417450e-03
3.138999325532620954e-02 2.066684029366231204e-02 1.333802056800773711e-02
2.865449862557841593e-02 1.210000348030299683e-02 1.242947697532495802e-02
3.540777158458616181e-02 1.972762529997316647e-02 8.734913929240726432e-03
2.677814882965734097e-02 1.446158869974515683e-02 1.024386055310702245e-02
2.571018988089218346e-02 8.926465126792659452e-03 1.642340235253755484e-02
3.074722040781987728e-02 2.433455777067448922e-02 1.529567875053869201e-02
2.030231815856462993e-02 4.819617470705830214e-03 4.375743510614092321e-03
3.382794747593346335e-02 1.414827752171029032e-02 9.577368374336866358e-03
4.030846228274407445e-02 1.319296601518783231e-02 1.097496936094344636e-02
1.682706632388299497e-02 8.660463260704331576e-03 8.166313164482984222e-03
2.294251691025287268e-02 1.223446221495777184e-02 2.101970636391010949e-02
3.387781542464731593e-02 1.566350662133626087e-02 1.102249698064989604e-02
2.582095447305021024e-02 2.238202629974279587e-02 1.572210050982175700e-02
1.847337267175839029e-02 1.192087268290012957e-02 1.730223952904721973e-02
2.395860621901794996e-02 2.491633254699496952e-02 9.619078831653648382e-03
2.493390597941038539e-02 1.157776791487363094e-02 1.632140313461345749e-02
2.592888210919006009e-02 1.294742626249168263e-02 1.142946050151159333e-02
3.523767271624962671e-02 1.235839069244918514e-02 1.129571454727139324e-02
2.844785635210978977e-02 1.320592901895879454e-02 1.201779211005496104e-02
3.764506362773831216e-02 1.578847891321629934e-02 1.360154861119772587e-02
2.496083969354459878e-02 8.276704999972753218e-03 6.973977716168894281e-03
2.767795645133574664e-02 1.203907096247211483e-02 8.814157337377915083e-03
2.516941019424879383e-02 7.501951724312890674e-03 1.001417124324651721e-02
2.864745126152205140e-02 1.370563012133435218e-02 7.716889222436417589e-03
3.470013547635110440e-02 1.866796715523977995e-02 2.162264996536315126e-02
2.449948403733281238e-02 9.388159102172558695e-03 7.913216624260477339e-03
3.742118903359799992e-02 2.031448269667214881e-02 1.559448926233119453e-02
4.415494976178866576e-02 2.447557501348094494e-02 2.606050854556993604e-02
3.572486375081704996e-02 1.645595160076814001e-02 2.318204445853289108e-02
2.532547546682255984e-02 1.080442455632173344e-02 1.098111647353614169e-02
3.429268362753017801e-02 1.457075712267430490e-02 1.175115925567767061e-02
2.371201907343394727e-02 9.593885737950211268e-03 5.978677027309011772e-03
2.899054850248387188e-02 1.421375512258820327e-02 1.225138018322845072e-02
2.629914335693957564e-02 1.872956654360042120e-02 1.082278358717627710e-02
2.355523735525686183e-02 2.726723751989579628e-02 6.536873067971394474e-03
2.417358334725551103e-02 8.211153476014330932e-03 4.118898397836081963e-03
3.390978366573933755e-02 1.763174481322736867e-02 1.241226627000396703e-02
2.860938513681519912e-02 1.789811310728948654e-02 1.698515261979464952e-02
1.863152548609900774e-02 8.686737532787390526e-03 1.781460867889952948e-02
3.380918644185922778e-02 1.409097714316171791e-02 1.680842519981923244e-02
2.259298138943994713e-02 9.459474659650697614e-03 1.535407302679396221e-02
3.093745144889368387e-02 1.390611887235997622e-02 1.070295199727401905e-02
2.164527820766318222e-02 1.328198124180642904e-02 7.737292185476386634e-03
2.843531229717475781e-02 9.530559073611732240e-03 1.041370650080024329e-02
3.854547509927715165e-02 2.548246191613302847e-02 2.067007244976556274e-02
2.363164976227301664e-02 6.417029810198622911e-03 1.241081982608927860e-02
1.962512854977421783e-02 6.707945316333160934e-03 5.656065686111866157e-03
2.380399363183684572e-02 1.447551279565040261e-02 1.220062094965155414e-02
2.498123988417013872e-02 9.081843989474227413e-03 6.296538332132419619e-03
2.560843937545261365e-02 1.128385101660745252e-02 8.495624358657256903e-03
3.103987710185249216e-02 8.965281795457920311e-03 1.788390338300207064e-02
2.303707687280272254e-02 9.197979588911133625e-03 6.355007271066659760e-03
2.885028410004597879e-02 2.014949515059901927e-02 6.593617473781787641e-03
2.205953676621717416e-02 1.090370313703510619e-02 6.194451081520425083e-03
4.159408886547992512e-02 3.834072423436157839e-02 2.845427393603284019e-02
2.361167960510175343e-02 5.826803212504672036e-03 3.100126947239806915e-03
2.592182032506210737e-02 1.102446537891371703e-02 9.173909447349911511e-03
2.735566990691543771e-02 1.687489463678554236e-02 1.386845374252415608e-02
2.029493571278566041e-02 9.035000852018186535e-03 1.462767159779351095e-02
2.763452388324212985e-02 7.244904456049654565e-03 5.412901048950613872e-03
2.524120582992405576e-02 1.250045879336052213e-02 1.057569604186251941e-02
1.599055828559355769e-02 9.371055864324320112e-03 6.916447482543314380e-03
3.604672448398030249e-02 1.584227510235061698e-02 1.454659936528320853e-02
2.588832023621315953e-02 1.461264531075758162e-02 1.120831954927115938e-02
3.079561142586664108e-02 1.691342988523190233e-02 1.082104301101743243e-02
2.278219123955076489e-02 7.829256767996265257e-03 7.322966006829337640e-03
2.082216272189479911e-02 9.494490019086598148e-03 1.202250399904088163e-02
2.108293656956356996e-02 5.063401719980197349e-03 8.491501031861472051e-03
1.419823856118638053e-02 8.851353534567896197e-03 4.387759797435983322e-03
1.923274385523668015e-02 1.214182225277718290e-02 7.575487018996783853e-03
2.926070994719358331e-02 9.084254297306252474e-03 6.312670630912215960e-03
1.922650368097658310e-02 7.169058537774817587e-03 4.784694023898443047e-03
2.710523455922553976e-02 8.465768308029909123e-03 1.989962411051420313e-02
2.461518714170109201e-02 1.037138141451699261e-02 7.404256618589646205e-03
1.974198293237905064e-02 1.398976601520232621e-02 2.241925465442468068e-02
4.439084314421023331e-02 1.787480344409671934e-02 2.417014468014542367e-02
2.546187083702751777e-02 1.498825569204312314e-02 9.505461494802101841e-03
3.496090697302026845e-02 1.981827381972244700e-02 1.623707281777733713e-02
3.368627310987380719e-02 1.721557104086945955e-02 1.825489269357085179e-02
2.171366919747948904e-02 9.852479066071409552e-03 7.069789253113314964e-03
2.532174195702027730e-02 1.440092613745714949e-02 2.366850667293641033e-02
2.605479507322002938e-02 1.369578460271685810e-02 2.273670141568921374e-02
2.111721214869815774e-02 1.624199394173155009e-02 6.308816508330847977e-03
2.332847776789100797e-02 1.042896237934902264e-02 6.566651696073526681e-03
2.743269218977566551e-02 1.002440539484350177e-02 8.432093820574623755e-03
3.164123140828153241e-02 1.811027804245879738e-02 3.172363224648769298e-02
3.016816032172550330e-02 1.718569533751248060e-02 1.330932962676964308e-02
2.934213355702678869e-02 1.503685430689391186e-02 1.735037299752970053e-02
3.227165258570041662e-02 7.169003408677397660e-03 7.995701610654593755e-03
2.819421059353196049e-02 7.725029710023214279e-03 6.289125083961904714e-03
2.681704768242177891e-02 1.731593781861298642e-02 1.429576751160950739e-02
2.702583231807908354e-02 1.829780601722946071e-02 1.066852876281232203e-02
2.487015072577438909e-02 9.370347817780221369e-03 1.205635869528741758e-02
2.980706261919839270e-02 3.734294256095073428e-02 1.357557595294009087e-02
2.840102102134291553e-02 2.024679633399288636e-02 2.050413957586650487e-02
3.724060056325447648e-02 1.652851457237118626e-02 1.854403518618329486e-02
3.064652825861881660e-02 2.084142116786425608e-02 2.042755197364806360e-02
2.303868566914351462e-02 8.789010344259422930e-03 7.148884708272275346e-03
2.997941038212494427e-02 9.466931859162220145e-03 8.524241832955806869e-03
2.344921282793489478e-02 8.704440521740724329e-03 1.003115966336674131e-02
3.482829278167267478e-02 1.113420276031294905e-02 1.654199120671941831e-02
1.926994781928648495e-02 2.673174684371468299e-03 8.607601522121683876e-03
3.127464422393950311e-02 1.892848480115588705e-02 1.306198398665500866e-02
3.567054021534350750e-02 2.060387277959011693e-02 2.673215541927776578e-02
2.851155364018702343e-02 1.067579819812543122e-02 1.605299740823692284e-02
2.113516257915742588e-02 1.922315366002013901e-02 9.106436119063287746e-03
2.379764540513204171e-02 8.676086591212940971e-03 6.556418586609985034e-03
2.258536965358953416e-02 1.530145796013979501e-02 1.762882913409731522e-02
2.947342332504478829e-02 2.046020057517611984e-02 1.228563390995538775e-02
3.543234674029036024e-02 1.844438132637490901e-02 1.321063990178195958e-02
1.928694400193522659e-02 1.409463835266108397e-02 8.358107165067300143e-03
2.680689633367096258e-02 1.566383968671850035e-02 1.984895036776425370e-02
3.101430835892958135e-02 1.387331712356652293e-02 1.008338844927595540e-02
1.895931174592185506e-02 1.259773624512031641e-02 7.612649464879657317e-03
2.057855502482400234e-02 7.127233614531932465e-03 5.501185444772755534e-03
4.876253533637263382e-02 2.522780178810746926e-02 2.336879325688769049e-02
2.344647582263720623e-02 1.206462471272550484e-02 8.112754591589336345e-03
2.413438386677579928e-02 2.753274017093577247e-02 2.882579202344597025e-02
2.678089830205136052e-02 9.117402925410720421e-03 7.116681064534332440e-03
3.601865973582889929e-02 2.550333528416799667e-02 2.275939739111692423e-02
2.736633617542437100e-02 1.040183993761914331e-02 9.412775162374525245e-03
3.127045133433843660e-02 1.059602369610262822e-02 1.860811664748901820e-02
1.803634410112925357e-02 9.524852665124625833e-03 5.677504082835559476e-03
2.536118778596627155e-02 1.468445386373237738e-02 6.634347517257632200e-03
3.238305402973289115e-02 2.265470713050513063e-02 1.395699372645652081e-02
3.586480755166811252e-02 1.325995933008841839e-02 1.973093157034403605e-02
3.766165389274880870e-02 2.383405262276375863e-02 1.971757956111454962e-02
2.996957595818754844e-02 1.341125787136944643e-02 1.224776755021764543e-02
2.533690619230732563e-02 1.373310299956404142e-02 9.470003867425396543e-03
2.537698360124690522e-02 8.752575425315274604e-03 9.248188660037501285e-03
2.928349005097942090e-02 1.202504997935591180e-02 2.310036205175732688e-02
3.284850840312256853e-02 2.006236747307586776e-02 1.861224437820012401e-02
2.553010968407414330e-02 1.321906364994430809e-02 1.172618327629036325e-02
3.729321229372361407e-02 2.363674911603107220e-02 1.724040424551842934e-02
2.027345137096473252e-02 7.625600310227173551e-03 5.039817140319838469e-03
2.184178461566807852e-02 1.896825064866970376e-02 8.540919972399871676e-03
4.623107374236505585e-02 2.522197199816758953e-02 2.535013615139058638e-02
2.472033315900390091e-02 1.366370662380719803e-02 1.516217529581805057e-02
2.473083864709394245e-02 5.607689902261192745e-03 8.948258772317708651e-03
2.437223435984619060e-02 1.014255937804520169e-02 6.570370185921664205e-03
2.749637832425025005e-02 1.301210235002833553e-02 1.876340915170949392e-02
1.085073108316096657e-02 4.026344294990540085e-03 2.461822263223866977e-03
1.459115096956055575e-02 5.991555793763909607e-03 5.629668069759731844e-03
2.286114469913903824e-02 1.275942010557486704e-02 1.817489301356045583e-02
3.228740206279024499e-02 1.612621277471501524e-02 9.417161685193015455e-03
2.598422009194476315e-02 1.174858360365749373e-02 8.544692357651919798e-03
2.744759199188414461e-02 1.201834878963441156e-02 8.754868610998464348e-03
1.040665757568065737e-02 6.262806686760363090e-03 1.360517594265672932e-02
2.955642647469122405e-02 1.195584858117484592e-02 2.375374201779082220e-02
1.906860039834916420e-02 4.838385758642421187e-03 3.677607276520794381e-03
2.921180583000529754e-02 1.527721645923698843e-02 1.110495136744049302e-02
2.635649230669797477e-02 9.920988727966243217e-03 8.484079848706471694e-03
2.397441452436591472e-02 1.186114075020897746e-02 7.669867865752778846e-03
3.484295192341616693e-02 1.316657703776115060e-02 1.169164151865110211e-02
2.859866486395702678e-02 9.438345390051554318e-03 1.742678906334979919e-02
1.434336399357076519e-02 5.550263974129943968e-03 8.891016251850035468e-03
2.992663070874959294e-02 1.473385534776165337e-02 1.792429053328473132e-02
3.128458417491144367e-02 1.422966208498416610e-02 1.997866913172542322e-02
3.450034230099667532e-02 1.770302467936547830e-02 1.309109541932249911e-02
4.518207495958154879e-02 1.940743626117047080e-02 2.575232539930553260e-02
3.547967699081640280e-02 2.219149667333792514e-02 2.468073699161323770e-02
2.876279798347170999e-02 2.775374418317790026e-02 2.627452411245004976e-02
2.359203021021949453e-02 6.176702274594163440e-03 9.470188490320691210e-03
2.148907104412976429e-02 8.139084560183258710e-03 6.798988754141238773e-03
3.245112913882219202e-02 1.218089277357670835e-02 1.039378036318167921e-02
1.986859081311455680e-02 1.414457601737520789e-02 1.344291813252793642e-02
2.596207732073839425e-02 1.173056270485920913e-02 1.014047855256570117e-02
3.613731248011482072e-02 1.910141311814215689e-02 1.107452396934029831e-02
2.700812699406043155e-02 1.138986764731146975e-02 8.648327182530392634e-03
3.248042184431663981e-02 2.608579389425241465e-02 2.018573498248059719e-02
2.470864412020992024e-02 5.669170865833546638e-03 1.115378055357426831e-02
3.069195192544736661e-02 1.931697269916879400e-02 1.057115940730586102e-02
3.003797288671239060e-02 1.999971533234114196e-02 1.773638875170210905e-02
3.485985209320068695e-02 1.936018384147225255e-02 1.149939702834081728e-02
2.886766643918223935e-02 1.616569178495762954e-02 1.397005788705203005e-02
2.484377170170826155e-02 9.602035418632904468e-03 8.412249486372608970e-03
2.377536811756113949e-02 1.410778655343857685e-02 8.169638850498674859e-03
2.445646478805663451e-02 1.441077681316973134e-02 1.843051987011649212e-02
2.989916220286948853e-02 2.061363829084717283e-02 1.815437445449626097e-02
2.886008186325627473e-02 2.345507107504970351e-02 1.085370951911800511e-02
2.408992439528765198e-02 1.309689141343103186e-02 7.635674492343183864e-03
1.971282575651506219e-02 6.013358270100269305e-03 3.674730088739301681e-03
2.908966984725812679e-02 1.083257313688263529e-02 1.049123815176040454e-02
2.185700240547997983e-02 4.608577877395855088e-02 6.408382767207660910e-03
3.153438102717321528e-02 1.690374747938090325e-02 3.119911799790540258e-02
1.956818945202648541e-02 1.092536659239309697e-02 1.317276643483610531e-02
2.851575444695816919e-02 1.022891218429526280e-02 8.704368865376633721e-03
2.951914581553230499e-02 2.804570227245078984e-02 1.220104213204241048e-02
2.082533240866218938e-02 1.071914194588765787e-02 1.735161988365526223e-02
2.453408032820727711e-02 1.183055378037465091e-02 6.223410545068338087e-03
3.341480749306669634e-02 2.280624527866960405e-02 2.451769296658494815e-02
2.805179297485778378e-02 2.053070675623114988e-02 1.385319465206485620e-02
2.781416592098586923e-02 7.933010293877013758e-03 8.436591246569622587e-03
2.536796175314724733e-02 2.018870590237934262e-02 1.796976101294657166e-02
2.253830091059093668e-02 4.978454276743255261e-03 5.194636540815961330e-03
2.515584015015807223e-02 1.279703850255475839e-02 1.261146765176620471e-02
3.376664179651694270e-02 1.596222653826092144e-02 9.918849954635619234e-03
3.217921801002447679e-02 1.734160189750857950e-02 2.662817763181755948e-02
3.734106155814734956e-02 1.865808063676678563e-02 1.153456879149323405e-02
2.850249060742043525e-02 9.088086058792866836e-03 7.842233054971056022e-03
2.145016250678324563e-02 9.345244900811171263e-03 7.422204164801415524e-03
1.817086094121097076e-02 7.184066243878226010e-03 6.660455143083374163e-03
4.115762030503256064e-02 1.798506792221377451e-02 2.075239362434701598e-02
2.641374201007411562e-02 1.718798255016037307e-02 1.919996820715107883e-02
3.047018212802021786e-02 1.095154770774408454e-02 9.239672329767001022e-03
3.252990955216276264e-02 1.145365130670967548e-02 9.459200683159283557e-03
2.571416957513381063e-02 1.788911635660463822e-02 1.910242020646640143e-02
2.259369892286801351e-02 1.088938939074555329e-02 1.486123931713971905e-02
2.890406478701619195e-02 1.352092419039311808e-02 2.194846292373796304e-02
1.689248209144503243e-02 7.854435748318556315e-03 1.219743587495990267e-02
3.507433106333609357e-02 3.003408800223816497e-02 2.966673454131747364e-02
2.728989313654529847e-02 9.890133739308715546e-03 1.300809221843083306e-02
2.815780547425705826e-02 3.064970222291775459e-02 1.128120507073683033e-02
3.034284232174298823e-02 1.275304158792373369e-02 1.662131474128104511e-02
2.902319829408575233e-02 1.008199754013264920e-02 1.032721596031336772e-02
3.544729993353160080e-02 1.587523274893840042e-02 2.574908709583350469e-02
2.983288964306044302e-02 1.139567401509206622e-02 1.815581404978738531e-02
2.870037735230587111e-02 1.620044093977815458e-02 1.482744386819158378e-02
2.018428049105187860e-02 8.716559738432617596e-03 6.593629272857555283e-03
2.698046443519226331e-02 1.647756699199428090e-02 8.363188201045279949e-03
4.209435083738460176e-02 1.962127941146457263e-02 1.703630970572918638e-02
3.185834854294281038e-02 1.313964995917367949e-02 1.297753664845775062e-02
1.886262700137474047e-02 7.292794332346503629e-03 3.801616625380466012e-03
3.866145705751713318e-02 1.404884157069001896e-02 1.359409671564495992e-02
2.544672650120701277e-02 1.318642378529400090e-02 1.877155211696657916e-02
1.479143052198565907e-02 5.882915357999439834e-03 9.705934299077043775e-03
2.946238037285900044e-02 1.877037160059812082e-02 3.444643698175615248e-02
1.741449134101726026e-02 3.114249615309052331e-03 2.964377154683446852e-03
2.294283518878040620e-02 1.055608907692919506e-02 1.752221091478872381e-02
2.545510818961245134e-02 5.609072105139552115e-03 5.734509140888611155e-03
2.366891153741730938e-02 7.886771916353119138e-03 7.534405118683137198e-03
2.951534019676399154e-02 9.720727168379897018e-03 1.600848654059815190e-02
1.566209058581583338e-02 4.972095563509688725e-03 3.771823465204778882e-03
2.472167264249513011e-02 1.045528423288832019e-02 1.301879037908262177e-02
2.680606278954927174e-02 1.589496044848512368e-02 1.836999397501920886e-02
2.208576162128823156e-02 1.051590355981779808e-02 7.483574953976675215e-03
2.503804297429019013e-02 1.576524032060741543e-02 2.364113016067041773e-02
2.007605435210855702e-02 9.742417325220065899e-03 7.704962312905135058e-03
3.050306028794364660e-02 6.210870833703759086e-03 5.087136874307920248e-03
3.160845491801277107e-02 1.766537953981639486e-02 1.985256588585122134e-02
1.801847169606722587e-02 7.111817756017558764e-03 1.291975745780145346e-02
3.759191035586482987e-02 1.556149091188307326e-02 1.020798201899380912e-02
2.653839047145134522e-02 1.427008173709235633e-02 1.593580042167220753e-02
3.907253063005428073e-02 3.013476691311699207e-02 1.676512390653989507e-02
2.536009464883724404e-02 1.322520969709108270e-02 8.340240124807243166e-03
2.536986232007847064e-02 7.592313603257200977e-03 5.469375677912740111e-03
1.811116264644637916e-02 1.123118625856563829e-02 6.973322842583009121e-03
2.824271264647309695e-02 1.371433955507600846e-02 1.220658361609179565e-02
2.711650495598321234e-02 1.832950939410133220e-02 1.107736972069896415e-02
3.635153080659703911e-02 1.548639305955975057e-02 1.498374508521566582e-02
2.683198424480062391e-02 1.527051371734015200e-02 1.012999137319024051e-02
3.176348857839142448e-02 1.230805868599638836e-02 2.152358709125037906e-02
2.836641768526397545e-02 1.095181187086953847e-02 6.860562671762629634e-03
2.564407502476759651e-02 6.958742299800696821e-03 6.517774212792911380e-03
2.869467402296727726e-02 1.128454367040228334e-02 1.755766687156271391e-02
2.934353513437190641e-02 6.478998740896712606e-03 8.148938505868541168e-03
2.541559707825119183e-02 7.421215018364233848e-03 1.005724125380075620e-02
2.718437114762534482e-02 1.031604081851883285e-02 1.752988140834588551e-02
2.501735258733944409e-02 2.215778017410750811e-02 6.806082116282825140e-03
2.913399706594692329e-02 1.814573263131484537e-02 1.085876181449616992e-02
2.584291814738587725e-02 7.475791293262406406e-03 1.585551820180764945e-02
4.590365851439848904e-02 2.873102126929964056e-02 2.263143643565954100e-02
2.149480234021544992e-02 9.586721826998437918e-03 7.951451254851684899e-03
2.543726072060510310e-02 9.052908071915954230e-03 1.354085117500255023e-02
1.979127353492542846e-02 6.359158327557663457e-03 5.651750468988189086e-03
1.608009416606021730e-02 7.283414853054898629e-03 5.908693276292359235e-03
3.382025560212637005e-02 2.347800925810909767e-02 2.377792646060338314e-02
2.365610628093800169e-02 1.781558362046248289e-02 6.751031231459458590e-03
2.778099431277027478e-02 1.952976027163125239e-02 1.285895678306300978e-02
1.727325208706590245e-02 1.085488597774632996e-02 1.668690997966315245e-02
2.754253390870959120e-02 8.826743251994366088e-03 1.149947034834329120e-02
2.694436424824768472e-02 1.337257641892098531e-02 9.338781163852054312e-03
2.667148214323053837e-02 1.426473865309295028e-02 1.324441307359961253e-02
4.079580094290877895e-02 1.889284596326022345e-02 1.208954101896380154e-02
2.577895205551403168e-02 1.200839764191938101e-02 1.239222056051067500e-02
3.864330916887524781e-02 1.268454780031428621e-02 1.406184244031190474e-02
1.551501289038964733e-02 8.632970369272963129e-03 5.629638289379086842e-03
3.319836481925601823e-02 2.062651655010482032e-02 1.218377180839165519e-02
2.425620250645462925e-02 1.272910863292926568e-02 1.257568636008316205e-02
2.783299762442709505e-02 1.101330567759280579e-02 7.120362182287261546e-03
2.697898017910438373e-02 1.408939451281012584e-02 1.828334766809979611e-02
2.297633532347481689e-02 1.557164519471354591e-02 9.790737033150986174e-03
3.601778987049463615e-02 1.311064033540973277e-02 1.390736684248113433e-02
2.537223051800807649e-02 1.050975516198506508e-02 9.092288606617048713e-03
2.001346775530223748e-02 9.941760462166540288e-03 2.806250174428221150e-03
3.741325071306151467e-02 2.137748858483709546e-02 1.389945095492567048e-02
2.527762602096468234e-02 4.700786360732445851e-03 6.841331608848805548e-03
2.461033425116583226e-02 8.495730345738283437e-03 1.746950006589110746e-02
2.511990663435297033e-02 1.284840578569620279e-02 7.349059447645057974e-03
2.848658591717579888e-02 1.103019627758299037e-02 9.239337692451412426e-03
2.444204815693528515e-02 1.190570821335252584e-02 1.034061727879963255e-02
3.817090505651990484e-02 1.538441597419438339e-02 9.946166389531167079e-03
1.834398235840655270e-02 6.384258452848445668e-03 6.586040969883059752e-03
3.455926077698665694e-02 1.228589759945731240e-02 1.130082765773992443e-02
3.266438388935952869e-02 1.947223270104888465e-02 2.787214554345308209e-02
3.688003686951567967e-02 2.057349211953382259e-02 1.222453332499102985e-02
2.393983476121564619e-02 1.121088408430524243e-02 9.619189321608163923e-03
3.592910770725594310e-02 1.753605257890754332e-02 1.369151637506070204e-02
2.741286967698420077e-02 8.973835217975848627e-03 8.967849232975182508e-03
3.794918188194195546e-02 1.648553937099936015e-02 2.123672544466847015e-02
4.545174926533808446e-02 2.668639834367259739e-02 2.181215313422618304e-02
2.978343273530829199e-02 1.682204796210381645e-02 2.001987992834700775e-02
3.788446817814228318e-02 1.553304858428547312e-02 1.476128481139463329e-02
2.409547895099815179e-02 1.694731918119381925e-02 2.867652908107465315e-02
2.537831425666623592e-02 1.498545324112575405e-02 1.188771024375464072e-02
2.570655306492649825e-02 7.653320491905594297e-03 5.733586141674155631e-03
2.133113690216446173e-02 9.348849895026760393e-03 6.780541915042856763e-03
2.265180059021047396e-02 7.137173573422749516e-03 8.637359991823386277e-03
2.779602492630653399e-02 1.225191400161977986e-02 1.095783231577403954e-02
4.028001920451428075e-02 2.623036669342489538e-02 1.427948859145488324e-02
3.065530791427694204e-02 1.415555721578596986e-02 2.297042876534347022e-02
4.165359140158503282e-02 1.735885529114774076e-02 1.333483831225571944e-02
2.056334602421464389e-02 5.981331540233097294e-03 3.551836833518429680e-03
2.499163705189866302e-02 9.812257259714714588e-03 1.734561891863460256e-02
2.491881603012072524e-02 1.357955858510394645e-02 1.501724539483726209e-02
2.920287612052876666e-02 1.678105970117840795e-02 8.124635504096571620e-03
3.764433534111016194e-02 1.464905075899050613e-02 8.679404583119177882e-03
2.452066421728857706e-02 8.606560964425065061e-03 8.642988266029952293e-03
2.465590831877024700e-02 1.402350798152182665e-02 9.609193660289701636e-03
3.418179911509153929e-02 1.712465380360504025e-02 9.166682552075099827e-03
3.446149951037964787e-02 1.615802436678488024e-02 1.391565715557036009e-02
1.760518714112705926e-02 1.658147513563837730e-02 1.243219214442688528e-02
2.696141989756189322e-02 1.342094858071151905e-02 1.321089894626992917e-02
2.861440823390656168e-02 1.258582947001133170e-02 1.179926373130401988e-02
1.887810676332259477e-02 1.486877751711012351e-02 6.244978967293935909e-03
2.496887426844328350e-02 9.325072913671055702e-03 8.600940931188700428e-03
3.460870875103702615e-02 2.234895249285160854e-02 9.041222518349927018e-03
4.251929433624550281e-02 1.227283105327069135e-02 1.180358040618246195e-02
2.597791277485577560e-02 1.330634407922038319e-02 1.002840740640158906e-02
3.264773306008123682e-02 1.932862789317882704e-02 2.349308882514125271e-02
2.965777360176884148e-02 1.517953705041490825e-02 1.362028841253437594e-02
2.009549833685702475e-02 1.503619628545549425e-02 9.706336660237534220e-03
1.977279675060724870e-02 1.327277660479482708e-02 1.048576294635227696e-02
2.573828639777314686e-02 8.816375335566053670e-03 7.038786153032649921e-03
2.831504082458365795e-02 4.083518225765352984e-03 5.651184472922033200e-03
2.975993582583044694e-02 1.719515637929442536e-02 2.464475728163762619e-02
3.567994001742047505e-02 1.307305870404416696e-02 1.167603602594670734e-02
1.862446589984252665e-02 7.598572915500517028e-03 1.280757955651767172e-02
2.638693582271447666e-02 1.146132665523458966e-02 1.110413290171259094e-02
1.787826959696686355e-02 7.161061937630865126e-02 5.740416548224266252e-03
1.767167412084485328e-02 7.775765160005266435e-03 5.504144470524285210e-03
2.059055076190801845e-02 5.352833354432237449e-03 2.865905270980351627e-03
2.398376165013266920e-02 2.662782262721735335e-02 9.362639591330721225e-03
3.311035266311608549e-02 2.120128324270609613e-02 1.140585405014395842e-02
2.011678446183597091e-02 1.204781678632481715e-02 6.069644349595016905e-03
3.506689814537734817e-02 2.424299059655299349e-02 1.867340655692922152e-02
3.282788094469737267e-02 2.079764537134689076e-02 2.014466374529082573e-02
2.147603985990679393e-02 6.570231087724519650e-03 5.823983726478959913e-03
2.753131976825207161e-02 9.885971586186766136e-03 1.502213472794192151e-02
4.906242182593822249e-02 2.058374237226243131e-02 2.277051683305501145e-02
2.658079143771274050e-02 1.064060577080442466e-02 1.106448308494815784e-02
4.029633342284697634e-02 2.136851599729836307e-02 2.078571181627379347e-02
2.845592070913890298e-02 1.555086006449850518e-02 9.249900749643092529e-03
2.801110249844166247e-02 1.632654986019724599e-02 3.412355594115089319e-02
4.603415764994895493e-02 1.790738373105072584e-02 1.407239865137317747e-02
2.824021996330611239e-02 1.375218327894082646e-02 1.799706752112945757e-02
3.394773255178400867e-02 1.728514617253377669e-02 1.955942700737538925e-02
2.734454028480683488e-02 1.474894128492095814e-02 1.054571462764779602e-02
1.858117266551230495e-02 1.317223066571986990e-02 1.092658775447425887e-02
3.541458201737593403e-02 2.032515580128192029e-02 1.912343843681782798e-02
3.083363305627712103e-02 1.741453569968810788e-02 1.882124422573401915e-02
4.663793168278732026e-02 2.616237349496464137e-02 2.839784357305504339e-02
2.303800539409826126e-02 9.691121718801902138e-03 8.348148344197095852e-03
1.663680483105355046e-02 1.253048299062671338e-02 3.286003701077377156e-03
3.185692219554649846e-02 1.575744481681403200e-02 8.894164977022119001e-03
2.928574155830991621e-02 9.830693853208690922e-03 9.908706141791883554e-03
2.152606468622067851e-02 1.758519443800539428e-02 8.925854165409422697e-03
3.161733730667466019e-02 1.105690746362450114e-02 1.378765507015306847e-02
