2.697017049864478683e-02 8.363065402777335178e-03 1.736438460378626758e-02
3.134965110483322465e-02 1.133209611131170969e-02 1.169193841669710979e-02
2.319681067419463935e-02 8.583762578674446891e-03 8.558803860496826815e-03
1.969582928591037327e-02 9.483920439681312042e-03 6.891753978389010896e-03
2.306726711059944521e-02 1.364358512506413587e-02 9.060447523117649143e-03
2.433507408287203036e-02 8.624108348398171545e-03 7.725198809796310698e-03
2.411617275534652660e-02 7.044240536713319845e-03 1.082030332057887581e-02
1.857496902339314526e-02 5.965001785678087851e-03 6.125613749570863950e-03
2.101188166900517032e-02 1.176301968072814355e-02 6.323119001225053354e-03
1.926865814515996145e-02 1.327556378820518405e-02 7.101683062904344187e-03
2.043934220100162083e-02 4.645807320326079959e-03 1.198082441605156749e-02
3.220365454541607164e-02 1.290380501289550841e-02 1.066863931086797952e-02
2.313438134525942075e-02 1.075595116130815057e-02 6.640903279612502506e-03
3.138513572161570619e-02 8.562269645642571481e-03 8.104077588272803195e-03
3.261721596316807803e-02 1.609365515781949543e-02 1.327522439967804974e-02
2.477784489116844138e-02 1.531296901910441689e-02 4.956566226253038797e-03
3.050741662686089206e-02 1.893947012505752675e-02 7.467273721742883306e-03
2.483888746985229642e-02 1.703697399943764415e-02 8.014629972895814802e-03
4.127641492027129405e-02 2.116049423974594376e-02 1.778942565074646126e-02
2.123307471686523146e-02 1.193280242496592633e-02 8.379276313980100338e-03
2.273344320382942457e-02 4.023815052579291646e-03 4.452437797500556106e-03
2.804396998869042659e-02 1.383410935287433287e-02 8.791205635616408318e-03
2.193430790936812258e-02 7.866069135075544339e-03 6.607937613699248897e-03
1.896783768385802010e-02 9.642116089326772596e-03 6.268938141391513022e-03
1.956066562900724698e-02 1.179068163252122887e-02 7.582638294615196006e-03
2.450054337033449534e-02 1.050651812884775479e-02 2.564187838525802329e-02
1.922191851740414487e-02 1.023667077021035536e-02 6.057271164676851505e-03
3.067613473114816705e-02 1.362927635508696077e-02 9.140935154454183156e-03
1.660498603794654734e-02 7.914464555528936615e-03 6.004004882821562666e-03
3.412837909712290729e-02 1.225887577343226856e-02 7.200851296259696763e-03
2.215901948435947816e-02 5.661575162357991922e-03 5.098223217257492196e-03
2.576317461867474665e-02 7.319930143648855497e-03 5.380975104829559610e-03
3.030978534359592136e-02 1.015614591775455475e-02 1.035621835069599692e-02
2.459581557175287078e-02 8.673259990022937765e-03 7.893884428645366047e-03
2.273629504249644398e-02 9.348035031656754673e-03 6.478061440949128141e-03
2.167591446877033604e-02 1.895292775490622222e-02 8.901726726171371729e-03
2.702872004566986980e-02 1.419978896907629802e-02 2.298411264616794653e-02
2.450362200534615675e-02 1.309593525404939562e-02 1.518214314721082897e-02
1.310314753614486884e-02 4.659913252776789853e-03 4.104439064455366916e-03
3.368025328137150970e-02 7.579644511896320436e-03 1.719184305744943589e-02
1.775602292914918445e-02 9.362636252458761063e-03 8.690639118191340398e-03
3.585708203222912754e-02 1.338021192436239515e-02 1.105633509044474418e-02
2.260890875756663837e-02 4.004725544489627642e-03 5.689541422870770734e-03
2.542944451171600881e-02 1.062446159099429167e-02 1.591146126451221943e-02
1.652312252413480273e-02 7.428450344353056123e-03 3.532098933066847319e-03
1.753402622094210606e-02 8.128777562949555252e-03 7.162717240242618202e-03
3.338302556461162501e-02 1.395372087480530043e-02 9.496738187767970671e-03
2.205864812586520035e-02 6.024439270343330544e-03 1.665539326824036492e-02
3.167508003489420687e-02 1.066418505775397312e-02 1.787503362022733328e-02
1.894362381615153149e-02 5.292597025280385004e-03 4.121178149603162838e-03
1.933208810350146162e-02 8.983261323650477276e-03 6.582107667203162746e-03
2.294684492992736524e-02 1.581272428348150585e-02 7.650425059316181067e-03
1.442809907950949946e-02 3.330547989996954748e-03 2.541218441340564391e-03
2.859072965726787430e-02 1.169600859089399252e-02 9.141412222634188664e-03
2.557912609526255196e-02 1.103098612064558337e-02 9.011483464389291598e-03
1.717877032259640391e-02 1.124684429750298295e-02 8.614021417683510526e-03
2.718259690972612413e-02 1.405825064090159178e-02 9.724811146201623596e-03
2.167978099843287029e-02 1.138438283754799642e-02 6.304965806288731142e-03
3.364768991481103394e-02 1.370197871903974969e-02 1.097043217427358906e-02
2.325670789782353226e-02 4.028473620140398531e-03 3.000560350088713000e-03
2.541685741199969234e-02 8.902870182485311812e-03 2.421106372450879465e-02
3.185227362552037894e-02 6.961337325153396996e-03 5.774198196191444518e-03
2.615472391650111236e-02 9.247998609613459001e-03 6.350550792599819055e-03
3.107921322342206694e-02 2.318663171052770186e-02 2.056386321089613556e-02
1.967593161882846831e-02 1.250947699157052215e-02 5.031695928701174214e-03
3.385535288532116882e-02 1.571019242659597859e-02 3.368565226563777215e-02
2.821460353959693440e-02 1.291064205825746304e-02 1.218147616619816298e-02
2.799120828443651954e-02 1.251448136539230933e-02 2.416874011275418205e-02
3.040674872216575508e-02 1.432973335287137870e-02 2.232449995732921355e-02
2.893410944410357288e-02 1.273785170092084883e-02 8.057618684724907748e-03
2.817290844627435079e-02 8.622815543879721462e-03 7.563389688190090207e-03
2.925063334567588880e-02 1.657961803925829536e-02 2.055283374298920440e-02
1.789926077479587693e-02 7.491125888158282550e-03 7.456577842200965908e-03
2.968704626763571039e-02 1.141969470217755675e-02 9.340182561519687343e-03
2.459641930921172004e-02 9.623013524242409605e-03 6.992646532818187939e-03
2.714017060221607380e-02 8.569302974956538241e-03 5.544927602227077944e-03
3.494700927834176740e-02 1.366387624127532452e-02 2.711416546624149243e-02
4.160829822356906793e-02 1.372597056763481815e-02 1.271260218751597490e-02
2.766230939811929398e-02 1.242188134361879234e-02 8.128107251926832560e-03
2.404771848121129221e-02 1.128340818742354368e-02 8.308920290922290619e-03
2.863377336918249486e-02 1.121593296740182322e-02 7.952954606103943003e-03
2.126627138671926751e-02 1.480913695709253422e-02 1.194877576114403150e-02
2.256178086650780651e-02 8.054285336067687137e-03 1.581459031625193079e-02
3.293211732099148026e-02 1.085014582231877585e-02 1.814383571848024804e-02
3.885010208439973467e-02 2.704471415271589296e-02 2.096036101124377354e-02
2.834713652259868502e-02 8.396029449852824428e-03 1.674828631069747928e-02
1.799567880054920091e-02 5.442673661410727705e-03 5.907853296287126146e-03
1.955796270722033256e-02 6.364027841403462060e-03 4.547372687603436908e-03
2.815572348697148800e-02 9.425191389913645940e-03 8.370587683425398384e-03
2.888281079058585207e-02 1.471278683483069269e-02 1.149890500782941270e-02
2.316232753197795813e-02 8.075982339692432815e-03 2.000916870599152644e-02
2.686170749042217365e-02 1.676237135324113933e-02 1.867610834987497651e-02
2.794498605563341259e-02 7.944035168377557021e-03 6.349606082481603839e-03
3.473889823652970277e-02 1.548513801056095908e-02 1.257667614357245445e-02
2.778411324035268831e-02 1.228893710646534673e-02 1.007950310114687220e-02
3.144865319069614640e-02 1.241763647325087871e-02 1.582185043223285209e-02
3.264142317651715780e-02 1.396136431865328646e-02 2.110018458189899179e-02
2.216023947996169363e-02 1.481762424647465638e-02 7.608784944151764963e-03
3.301876935324227214e-02 1.500584295732189377e-02 1.357710453193698014e-02
2.073499382320475107e-02 8.017424421497096332e-03 7.444465504732203018e-03
2.208758892338266375e-02 1.710417036281560235e-02 5.005437202307966987e-03
2.585475861329051064e-02 1.363735345570084821e-02 1.051689550779784897e-02
2.249338176397609051e-02 8.540167901065520359e-03 1.667812819361543658e-02
3.134314233236961539e-02 1.723143194191626565e-02 1.316933083774822315e-02
1.115929019574081471e-02 4.361493831033102717e-03 1.510798608551767400e-03
2.558524876126600303e-02 1.624395055143666722e-02 1.400895502662172568e-02
3.486787576361079222e-02 1.209425642490708289e-02 1.162215745525771102e-02
2.959197044174066357e-02 1.274336553092073401e-02 1.518022907372396611e-02
3.796037365942196706e-02 2.496760862441003634e-02 2.148222040613801537e-02
2.261579668985112812e-02 8.307465042251467938e-03 1.024937704666548273e-02
3.356115391456374747e-02 1.538407850295194987e-02 2.341223117955522001e-02
3.301205956642860179e-02 6.920430630923126228e-03 7.948538375258872371e-03
2.960529211026076413e-02 1.634454232749690122e-02 2.849232706684167588e-02
2.735112546529143776e-02 1.155320066778538907e-02 8.924345493423040468e-03
2.046489632630234257e-02 4.824183733909174002e-03 4.156089265934610234e-03
3.202340295222367433e-02 1.158102890765001607e-02 1.215005271655561665e-02
3.263875534872033579e-02 1.911677282102006853e-02 1.151143850926808140e-02
3.470070071460179539e-02 1.229238040436789019e-02 1.053247276787046272e-02
3.156672362509559127e-02 1.053214760270247685e-02 1.944793409836301223e-02
3.027547166764013586e-02 1.310650391720771454e-02 1.178979907850974049e-02
2.486694486126715675e-02 1.259841295554126744e-02 1.078724442697994931e-02
3.516230831408107688e-02 2.048028403580936380e-02 1.901524805224005799e-02
2.112311293485721886e-02 7.179642019980540628e-03 8.145102269752020618e-03
1.326967424428971386e-02 1.209135105669505161e-02 4.262104872264697170e-03
2.745457467831258561e-02 1.068093226639376531e-02 3.078816287661580511e-02
1.666802889947406607e-02 4.161344458462467623e-03 1.362942145831539525e-02
3.063859822325129892e-02 1.049297007343778787e-02 1.024864366764252632e-02
2.569850957636458932e-02 1.312349319809543238e-02 9.973883115644614772e-03
3.022988011880495957e-02 1.790669016657255030e-02 1.343923959957323173e-02
2.017163558985761440e-02 6.883465047121939233e-03 5.508399910097203089e-03
2.346495254892282112e-02 7.339710994469134803e-03 5.738526155328172070e-03
2.789059024177927351e-02 7.699464330645540075e-03 5.322685351583646488e-03
3.034738996923563858e-02 1.712884440190756002e-02 1.252106067311438940e-02
4.946489225744030854e-02 1.908352266206387107e-02 1.824223836317447403e-02
2.873662675271831252e-02 8.774497497879552715e-03 8.647730011322156060e-03
1.993719829506501728e-02 6.469382668133264944e-03 1.042936853056753745e-02
2.586060800676250743e-02 8.699146328366420475e-03 6.076843775887097801e-03
3.064410264175530807e-02 1.236843541887944729e-02 1.049931002562390706e-02
2.220531687891544662e-02 8.199160140238876543e-03 8.406687855293599326e-03
2.265568137699343343e-02 1.121763941609622318e-02 7.618658763737298605e-03
2.172220997561792946e-02 1.075244634122222119e-02 2.092851160458659987e-02
2.517730577467025554e-02 9.866271912880381773e-03 9.467325009212872178e-03
3.135336524856748019e-02 1.330046405617098769e-02 1.182181177594398593e-02
3.536314445538405599e-02 2.776640699157992970e-02 2.529968501413662474e-02
2.509764174997861780e-02 1.138226257477805911e-02 9.010053905986928346e-03
2.774385738033820215e-02 1.051969322394253822e-02 6.928264200284076600e-03
2.326496253741904691e-02 9.864071012756761223e-03 6.803926020650797116e-03
2.715496984617733756e-02 1.233604487630626627e-02 1.419870567299394426e-02
2.769497042792681135e-02 1.124288396846104265e-02 1.929425944218782565e-02
3.257966991306052856e-02 1.259296831771836329e-02 1.359279897252473751e-02
2.528355363000962461e-02 1.013704795937842192e-02 2.769148543879102267e-02
1.450529500428985284e-02 6.772374015546694416e-03 5.325745632393102946e-03
1.961602565990851199e-02 1.076920321575395786e-02 3.603638250573775424e-03
2.323951932317664879e-02 1.205016258655935632e-02 2.509946200538910877e-02
3.257464981684302097e-02 1.838354432932150229e-02 2.612705996286658963e-02
2.514088246393320070e-02 1.447172391113777171e-02 2.020900533388047746e-02
3.629171982706787952e-02 1.273056179376892867e-02 2.991207800659695382e-02
2.106783210318686345e-02 8.022278250380810577e-03 5.954114256274528443e-03
1.830140431576883150e-02 9.675892628404594159e-03 1.424883011677083137e-02
2.988425150657879684e-02 1.764316192818271914e-02 2.261056945421500639e-02
2.478570972507083969e-02 1.029457457480173477e-02 1.172375265739591076e-02
3.121537928150119531e-02 1.272922708955053286e-02 6.975383696978578948e-03
2.820416632371259072e-02 1.132260724622970172e-02 1.227152052363608345e-02
1.964150553139757532e-02 8.303033920077661223e-03 5.356609829101009225e-03
3.576549710906334889e-02 1.853898337302937321e-02 1.381733315293083401e-02
3.276341132078250395e-02 1.551238348115555749e-02 1.277774919388798697e-02
3.703876280815947969e-02 2.289374290898226610e-02 1.643975074712688764e-02
3.287724268884685552e-02 2.511274539308093467e-02 3.808604773706264490e-02
4.177661980773663547e-02 1.939520079205376418e-02 1.647210224962743913e-02
4.036508249548119431e-02 1.835896097710630614e-02 1.620936487688383332e-02
2.549629545661190669e-02 1.030950138143031658e-02 9.046587503898164545e-03
3.565595648675081580e-02 1.582700948315721168e-02 1.450664970833632876e-02
2.247718998073723259e-02 1.046748107076047457e-02 6.201649673202951768e-03
2.219288388348898342e-02 1.652986234270430177e-02 2.107274909183990547e-02
2.701459472335579134e-02 1.111929552645287041e-02 1.302142737794750524e-02
2.649782549885861677e-02 1.205754921674482769e-02 9.075033850093309692e-03
3.146087035080070982e-02 1.084247960257572231e-02 1.265074855233789403e-02
2.810302757669396953e-02 1.136398063257645398e-02 1.228288155547519779e-02
2.165827124634184253e-02 7.408748639047878573e-03 5.658479501125119812e-03
3.189149185265593989e-02 1.128484684189390123e-02 6.685364595472300872e-03
4.444266392242430391e-02 2.468814513767104285e-02 1.527947801370690105e-02
2.374182682010502962e-02 1.194328068971716589e-02 8.287432448136381261e-03
3.187189662788721123e-02 2.216830653533384890e-02 1.672392557914284539e-02
2.624701041571169194e-02 2.535490267444539744e-02 7.547573513604759546e-03
3.313845309773250786e-02 9.987239897966158214e-03 9.141938154317959947e-03
2.111880672072186105e-02 9.433496655904228048e-03 5.653147074429813734e-03
2.826794000827270725e-02 1.527464401960331938e-02 1.387673715633756799e-02
2.981644590142645476e-02 1.050383319005466359e-02 8.748146318882297351e-03
2.594280592153962173e-02 1.122670551343844109e-02 9.364404284850866636e-03
3.260119079438814071e-02 1.112579606793495310e-02 1.067901585395634317e-02
2.389572780274670794e-02 9.674951912821755026e-03 5.257613128201179230e-03
3.996127968366021410e-02 2.086378312457262685e-02 1.555347051663764218e-02
2.931656054415120866e-02 1.069492890966972434e-02 1.126333761644900296e-02
3.554419679707879198e-02 1.766797974696530590e-02 1.215485900742523800e-02
3.280257574630487949e-02 1.851794169071749319e-02 1.313465271543129420e-02
2.692722680523624429e-02 7.128607604423833378e-03 4.079026951864228416e-03
4.435851904087551728e-02 1.878750134003845385e-02 1.533630970250053974e-02
2.878067780034454515e-02 9.010622787525674263e-03 1.093110756442388851e-02
3.613473014895964008e-02 1.252340368372815115e-02 9.108442256423574662e-03
3.307255351457742687e-02 1.001874858439819917e-02 2.195271289088476449e-02
3.349260960138141646e-02 1.311609596997074557e-02 2.558556753844577411e-02
2.467091028677083006e-02 1.135206133231669856e-02 1.184028727395070209e-02
2.402220740362539034e-02 1.040567368902866122e-02 2.151009278772908831e-02
3.149250446976192830e-02 1.326320435226808862e-02 1.366312720997958814e-02
2.361136716508607791e-02 9.440472125404893167e-03 7.240740828438646526e-03
2.150594163414408164e-02 2.009294025146088347e-02 9.009953843574600163e-03
2.251207106973728000e-02 1.352860761790010413e-02 8.804451027726794415e-03
1.535319673436707708e-02 1.077129981953753833e-02 6.414732995079186831e-03
3.509167716675330728e-02 1.334969231455174037e-02 1.608908313046549313e-02
1.914066398457731077e-02 1.432028108042182613e-02 8.151570585021018084e-03
2.020317085949050254e-02 1.665032414135925176e-02 7.800372539654821559e-03
1.751710655005047843e-02 8.916784810448006096e-03 1.799174884426201979e-02
3.319929796477306266e-02 7.458955337959451842e-03 7.978037704299788951e-03
3.037301266428595742e-02 2.076709943850146844e-02 2.047951590361880500e-02
3.083311064667595622e-02 1.420304328200999201e-02 1.176522509285958702e-02
2.183745887191997775e-02 5.398148529234500156e-03 1.633766802589932746e-02
2.837543303663614055e-02 1.497967967582133041e-02 1.671858333286204562e-02
2.189839731811607515e-02 1.084622981523998726e-02 8.518320416526118516e-03
2.866099535933924400e-02 1.407573077395228578e-02 8.584273358939865581e-03
1.286046373373033423e-02 3.281707235219879192e-03 2.285293562961962944e-03
3.666220577969280664e-02 1.473027518620095844e-02 1.229078956259415517e-02
2.574043950761304225e-02 9.393205801343446418e-03 1.695381275592522385e-02
2.574116563470217264e-02 8.544551348039082853e-03 7.867168204193820610e-03
2.089109019365568976e-02 1.099899414820685803e-02 1.163839259001238011e-02
2.275067846058352952e-02 6.637378395454960646e-03 6.813377522981854673e-03
2.867214069836185319e-02 1.749619760481530006e-02 7.550400160008264097e-03
2.696939623616892087e-02 1.199514623051865271e-02 1.086527441574302102e-02
2.729867214571417983e-02 8.518827141323084828e-03 8.411165950313197887e-03
2.113841960613090445e-02 8.598054770165416624e-03 1.918551747276446909e-02
2.063643248472243896e-02 6.970983863994789816e-03 4.792323421713888879e-03
2.655988416993165790e-02 1.336697146336246825e-02 1.936956236095558476e-02
1.408644720727086561e-02 5.185563200651800535e-03 1.595105796893386135e-02
2.904560307816187251e-02 1.117393356513241530e-02 9.701864645550326016e-03
2.874565713976320533e-02 1.220414555944194374e-02 1.935040639291821934e-02
2.544308414002100296e-02 9.889233455169624959e-03 9.929665580205250877e-03
2.967080335994021559e-02 1.547438679795370975e-02 1.182928091627651057e-02
2.294229299268176619e-02 1.086329462711968508e-02 8.237509207332086025e-03
3.295165799000989576e-02 1.392109279557505325e-02 1.985863087110932221e-02
3.546854541345584311e-02 3.069273993757979518e-02 9.839888064535687318e-03
3.108626368137636445e-02 1.707815062110878968e-02 8.099790197272086628e-03
2.812508304448070942e-02 1.271748698648243053e-02 2.569492052800620083e-02
2.490502559866180146e-02 6.551370894013006790e-03 6.166628152665352101e-03
2.938711873202650565e-02 1.474103515904981801e-02 2.838001022378355137e-02
3.430260414855733353e-02 1.257544860617895548e-02 1.711217037941973468e-02
2.345521480892916177e-02 9.710181286398836958e-03 2.048564706571113711e-02
3.227218148500735073e-02 2.347043969919575257e-02 2.398828579692020152e-02
2.339082521894086941e-02 9.155598281031492383e-03 7.355486806934881383e-03
1.910130312930862981e-02 7.608302452784155602e-03 4.352545350501012961e-03
1.023834107860502156e-02 5.309512709378141904e-03 2.575573968886764493e-03
2.469967510723924606e-02 1.495583087595490565e-02 1.019510524807643731e-02
1.777166336885544623e-02 7.342812209544524737e-03 1.438856448271920961e-02
3.789347773566219962e-02 1.441319950108364140e-02 1.274867119969027782e-02
2.433497101901112639e-02 9.255578137979001904e-03 7.133376284689472817e-03
3.142836908716856864e-02 8.945992175006274930e-03 7.557383610099989608e-03
1.662344648164433905e-02 6.123082003287746988e-03 1.361998689798597090e-02
2.580176676519349219e-02 1.945650044225552544e-02 2.177793376712526194e-02
2.626932457965513654e-02 1.029899146869171084e-02 2.210104323804783916e-02
3.063448029875380854e-02 9.691822431880523642e-03 1.031237046105371209e-02
2.318798596760116015e-02 1.125421964090882881e-02 6.926692710050769836e-03
1.710153249962581556e-02 7.287346899734087682e-03 2.084215832337541277e-02
1.364873855713974807e-02 7.634198223243815820e-03 3.460732159145393262e-03
2.726983918817346003e-02 1.345856795154730563e-02 1.689847657236215328e-02
2.706895129184231155e-02 8.323690734932725696e-03 1.795848330151183711e-02
2.132044078188003247e-02 7.938002567060018291e-03 2.245933529062951739e-02
2.247699020172408760e-02 1.096287054710836512e-02 1.189293042338905593e-02
3.504230207143570197e-02 9.571421216215760669e-03 9.075591849047008955e-03
2.083107795040540361e-02 9.563162115951940809e-03 5.434230822272980571e-03
2.039163383905243099e-02 3.970089031439411401e-03 2.828244752251014241e-03
2.936038279303626597e-02 1.125556049076020110e-02 8.630132918527684896e-03
2.798578302644953372e-02 1.108679431183828314e-02 1.008579521487722001e-02
1.941232977414548283e-02 3.762847068347369150e-03 1.080588395748844667e-02
2.106585630161096623e-02 1.227127052526458956e-02 1.268542584294448348e-02
3.706986201969587197e-02 1.983650647870426748e-02 2.724220888933800988e-02
2.798816481834115813e-02 1.899877970844938632e-02 2.508453403724836620e-02
3.329490499279787880e-02 1.302494118833382418e-02 9.982202146358885864e-03
3.108182732151519231e-02 1.280921554088118586e-02 1.080857942281496058e-02
2.069623937265288594e-02 9.016233912478495774e-03 7.870258043330632253e-03
3.532340010166558353e-02 1.614751807873511177e-02 8.369300439049173410e-03
2.266778988527372307e-02 7.698043413463968691e-03 2.098142283177528711e-02
2.228978539858410962e-02 1.601564313926315611e-02 1.114514559896435594e-02
2.438122325074879027e-02 7.751069168626627606e-03 5.724150123727378067e-03
1.544118407922882331e-02 1.002417028849081695e-02 1.526444488887374398e-02
1.981481363401465037e-02 8.255433314047485455e-03 4.973742055903540224e-03
3.284775807996065389e-02 1.403103942197710986e-02 8.517469221572204763e-03
2.248067805745057601e-02 5.955715970488331505e-03 1.550855097797819611e-02
2.561363445056387411e-02 7.261907745652700780e-03 6.654874759736312782e-03
2.791881925920238275e-02 1.100685157357502407e-02 1.435637046486975058e-02
2.837926560850505958e-02 1.433239039687492569e-02 9.959295367658185100e-03
1.908848889946923241e-02 5.729322617105056525e-03 1.963667858376283090e-02
3.299186125917168838e-02 1.286189118950216773e-02 1.044311762528375015e-02
2.055811688851048175e-02 3.498659872711598617e-02 2.092432444666861291e-02
2.779386105366691770e-02 1.105593799729820588e-02 8.064906614410036895e-03
2.524768940905120981e-02 1.393742332099994624e-02 7.744492710585940305e-03
3.165638780860341450e-02 1.478810618016586018e-02 1.253730876564056358e-02
2.990774439478750130e-02 8.419783126585454053e-03 1.117144152888571024e-02
1.545251103325096312e-02 8.070971600214766478e-03 5.278202250718135556e-03
2.696596224713220316e-02 9.744319862018921072e-03 7.515685690162468222e-03
2.698623596458243901e-02 1.552078097382448771e-02 1.417494441894491877e-02
4.201750343409111493e-02 1.338688042600622019e-02 1.876816189283351047e-02
1.667469494213822886e-02 4.425070745092355567e-03 3.791942318478385560e-03
2.382671674416043245e-02 8.563534026398063673e-03 1.299792650113125794e-02
2.143218387755356849e-02 8.618935338602263727e-03 9.291358980085795069e-03
1.134749021465506109e-02 5.877379231624827241e-03 1.679910717256420313e-02
3.317516230404128630e-02 8.127509891020413477e-03 7.265349854678848467e-03
2.641458811156292483e-02 1.184916136070423773e-02 2.375469687286436982e-02
3.175184364965985551e-02 1.308445402919884704e-02 1.265023627567276113e-02
2.426438257066270907e-02 7.785777901222538239e-03 8.154515521702215483e-03
3.546113749148208788e-02 2.654363243693519392e-02 1.821678661937293706e-02
4.072600565488442709e-02 3.775291412412894870e-02 3.714429760449116519e-02
2.726610248186972507e-02 2.119452428129879260e-02 1.235691168197044360e-02
2.502129385502646977e-02 1.585893938803372219e-02 1.180054778806639490e-02
2.440388683882433254e-02 6.842860070682770489e-03 6.712647608414117235e-03
2.246206092050434533e-02 1.429106121483438713e-02 8.745166514619021406e-03
2.702447556404527496e-02 1.977592599049362090e-02 2.461842267264441331e-02
4.191023978248378801e-02 1.768249951261159636e-02 1.892872488278631027e-02
3.056279849515502328e-02 2.538965666857726650e-02 1.389667997957144165e-02
2.065472818084870127e-02 8.777874063451620440e-03 4.807694358988307340e-03
3.324913148501009580e-02 1.386902657648258347e-02 1.173073414854527291e-02
2.896673564998688416e-02 1.991486567231268850e-02 1.179026220185034300e-02
2.318288909981641027e-02 6.570759707006080218e-03 8.082657947290147402e-03
2.158882679136587407e-02 1.001575698961599051e-02 5.246146021996233103e-03
3.081859112109263873e-02 1.347944725077018964e-02 1.032015328067714156e-02
3.120032885984585017e-02 1.197271706960204886e-02 2.013642821924700385e-02
2.753341212220405607e-02 1.212097422577972441e-02 1.169296565221470026e-02
2.752962038792733379e-02 7.235239338566842177e-03 9.393443935024680530e-03
1.899074737098037022e-02 1.250736827452376271e-02 6.616610686614468606e-03
3.503696255560581618e-02 1.661207317289394719e-02 2.195434666894999221e-02
2.448189764450120140e-02 7.237614643000161649e-03 1.459283526014194289e-02
2.465344093959920962e-02 1.036374260282383816e-02 6.487375148624672551e-03
2.974214298001278539e-02 8.733902368438489772e-03 2.187872480174851350e-02
2.578439663353084693e-02 7.746099296221029690e-03 7.091307058377658429e-03
2.433955279969182359e-02 7.261998495570404569e-03 1.595992388885494190e-02
2.742127799054960152e-02 9.922707291227505014e-03 1.806558341593532055e-02
3.188687958480197759e-02 1.020999977970251521e-02 8.287915288325193447e-03
3.637457529904133263e-02 1.376297543578441571e-02 1.127219523047787858e-02
2.282485561780774400e-02 1.039413299435772327e-02 6.978295789114982370e-03
2.209850402983571174e-02 2.208198213831014112e-02 6.041689691464710403e-03
2.615737464251771324e-02 1.278705066458018201e-02 8.591402045839195006e-03
3.219993930056301579e-02 1.576808311504996132e-02 3.026165281858573392e-02
3.518083027877798308e-02 2.080096651701369634e-02 1.735331149669491063e-02
2.865071406271381058e-02 7.610891079872228460e-03 9.520251374658901533e-03
2.970141919199201230e-02 1.512014784160481407e-02 6.352546832023985880e-03
2.407774953077136335e-02 9.731507590746178021e-03 2.130171225150444617e-02
3.272180097152475181e-02 1.278620726884426018e-02 2.573643386589604884e-02
1.884471948058266330e-02 9.875296538051065928e-03 7.255527308902540162e-03
3.607854475825300611e-02 1.336111032921091790e-02 1.543547806909618958e-02
2.707869548340081575e-02 6.809138102287515433e-03 7.891185434147664213e-03
2.440122975404699149e-02 5.383109490489189700e-03 4.057189711409284888e-03
2.506134634911817011e-02 1.300439637109826463e-02 1.045640288609876040e-02
2.759857000042672745e-02 7.307227107065262378e-03 6.638000825056910616e-03
1.758493665855541052e-02 6.392140344396891362e-03 5.912758124595886289e-03
2.833737314404613516e-02 1.600280268219191407e-02 2.236014592015214686e-02
2.577180446004724221e-02 1.212188766810299440e-02 1.120181967424776701e-02
3.298658498213703771e-02 2.181716130155225697e-02 2.618114534960764780e-02
3.396336947278346535e-02 1.155780480637747659e-02 1.139446208016561303e-02
1.562216651176740259e-02 4.875505779585267464e-03 1.883669089775372825e-03
2.649329007345047407e-02 9.492807046675374311e-03 9.078956537677158878e-03
2.444922227336156217e-02 9.287953417451371915e-03 7.471064975044326879e-03
3.366731258593199522e-02 1.533926390583960353e-02 1.509863281636430327e-02
2.506333852578441351e-02 9.110183681431552674e-03 2.273018655340056440e-02
3.034394134547684779e-02 1.810794990282300204e-02 1.002546648182791114e-02
1.732392278392611701e-02 6.472513326453603784e-03 5.404912423518947774e-03
2.904803590489095019e-02 1.337557382913272773e-02 9.750632990948318590e-03
2.821890687793321070e-02 9.514152671766357497e-03 2.652460983556175975e-02
4.448708284094650411e-02 2.343930515338512460e-02 1.811469198431091623e-02
2.434828128787002582e-02 8.475689318501839278e-03 6.328428768113189030e-03
2.526321561392036452e-02 8.954927204683703693e-03 1.227412332767926877e-02
3.059351373656944012e-02 1.598049601021004143e-02 1.624585935690218974e-02
3.010435174021652491e-02 9.455319461737912018e-03 1.957787929449011921e-02
2.385027162618942945e-02 1.296065058572124645e-02 9.894845127000326257e-03
2.842794200906810856e-02 8.288003141564082021e-03 8.084675117200342681e-03
2.277698491505303346e-02 9.233027779091219911e-03 1.767629934817216072e-02
1.937430277992004124e-02 7.909036765413187189e-03 3.637955787936673815e-03
2.842129402347803868e-02 6.075486433014289089e-03 7.495222361399890218e-03
3.397748484192499724e-02 1.849989087180441832e-02 1.302875269817357906e-02
2.799191302664687589e-02 1.203378260955904194e-02 7.235499727010026236e-03
2.916744609626205700e-02 1.885383246582703065e-02 2.688999137895803360e-02
2.860756738949152972e-02 1.347359499378883094e-02 1.353721670345122037e-02
2.693077815715988824e-02 1.383177172220572543e-02 1.036172152485901644e-02
3.502209537891120411e-02 1.518578979781100291e-02 1.855449218135829872e-02
3.242438726963575713e-02 1.650218984348226711e-02 1.086901998178386661e-02
1.953880107929824306e-02 7.676740766364427253e-03 1.654807057556402158e-02
1.419095327009827281e-02 9.604713467111803196e-03 1.412248761733350851e-02
3.739235884021735457e-02 1.856789576646362613e-02 2.102495075803940960e-02
2.035837997970738403e-02 9.295078208005867759e-03 6.346483106406326444e-03
2.429780473227091328e-02 1.191897207511185587e-02 1.339025172741742029e-02
2.470622641164725575e-02 1.526417995589487986e-02 9.196792166133935242e-03
1.836666205223553422e-02 7.961534298178578328e-03 2.176021666395904289e-02
2.630473286157058652e-02 6.772159074766892148e-03 5.754112475896129390e-03
2.312096898762993485e-02 9.270351215820066271e-03 6.514100609395530664e-03
2.772707470898579801e-02 1.175142055650382419e-02 2.193188290468432375e-02
1.820637782689055184e-02 4.126654855057998797e-03 2.224307980807895425e-03
2.749598649979840756e-02 1.999336824148316427e-02 7.484337570006078556e-03
1.889485823807147621e-02 3.982413387943411522e-03 4.052004426421098628e-03
2.344919677294121999e-02 1.259004027020010907e-02 1.900285028369940593e-02
3.108970034915193095e-02 2.070195148201956978e-02 2.531651711550732264e-02
3.450456094473316332e-02 1.176157952434494884e-02 1.161135869335640572e-02
2.617783553209019828e-02 6.199079864576385011e-03 5.975464425811978335e-03
2.524840524505741687e-02 1.254269393999096240e-02 1.190216610846669444e-02
3.535637350176129567e-02 7.728487802552305025e-03 6.245124477969550558e-03
2.990180738171692096e-02 1.007942826620672125e-02 7.584596177935055451e-03
1.884503516655929717e-02 8.895010991436230058e-03 1.986696472786162251e-02
2.332826644098773619e-02 7.976768134952242489e-03 2.006553322182406604e-02
1.960585975470593989e-02 8.581807371939018103e-03 8.999676025215744279e-03
2.096724835349924806e-02 9.641104282474046924e-03 1.960076701843561572e-02
2.827206977564497917e-02 1.047406828114107007e-02 8.647101139435736314e-03
2.512034455637497665e-02 2.577854737304915989e-02 1.245844357144597347e-02
1.713530147367131259e-02 1.073952829630861125e-02 6.171837163149762259e-03
1.957371035766945766e-02 1.092487020445916286e-02 8.474834090422609170e-03
1.473238025497518137e-02 8.626562522322070090e-03 1.781139510406748103e-02
4.109156965443215570e-02 1.486936281385528406e-02 1.909220193963119885e-02
3.423329787583517803e-02 1.360569185151874402e-02 1.475533993725361079e-02
2.553737853830335969e-02 1.614519764686879813e-02 3.007883416966468382e-02
3.453165346140246034e-02 1.309800165526750840e-02 1.164774544031504412e-02
2.622360141737694120e-02 1.159218319807408040e-02 1.850838143827735968e-02
4.463870791373556607e-02 1.507731405940872758e-02 1.234200757439751599e-02
1.723066176931876622e-02 5.388410357127246773e-03 3.570884493016601800e-03
2.222075087262780080e-02 5.467849859315050860e-03 5.676818160178135654e-03
3.533477623836913523e-02 1.413250666413101361e-02 1.093760159441978935e-02
2.960819552906012245e-02 1.216024302697148000e-02 1.079244822372749102e-02
2.997321544084307135e-02 9.083518244096845662e-03 1.085760902999877153e-02
1.751006906075146252e-02 6.436804387247162251e-03 1.657767140110034260e-02
2.498714474241368888e-02 8.791608976779753670e-03 5.187380111295041007e-03
2.168093414704872282e-02 6.947805739872679222e-03 5.052684875082123946e-03
2.965249767148343471e-02 9.162579074683301766e-03 6.628020202917776424e-03
2.516757801880302459e-02 8.398504277246901864e-03 7.999229582658905560e-03
2.994676474138446495e-02 1.636633536044013182e-02 8.022172056954521985e-03
1.917578156861878338e-02 5.043114296435839868e-03 1.251837577691931359e-02
2.384047520048629409e-02 1.059808995521237598e-02 1.008592398375607671e-02
2.589942420659271591e-02 7.596201375017618863e-03 6.898858484895286150e-03
2.414356429363737067e-02 4.983402032087083482e-03 3.708559794333150198e-03
2.966247495019780356e-02 1.118474754470926910e-02 1.575783876728758734e-02
2.789409137500500555e-02 7.005545640312157638e-03 6.948553050293190293e-03
2.905660329437203399e-02 1.230422096524306196e-02 9.308078891813001063e-03
3.320445460552064187e-02 1.914853771800793109e-02 1.823720223410437574e-02
2.664183498614868667e-02 6.280717863099891801e-03 5.110288061487947703e-03
2.626089489831349294e-02 6.228035725712463035e-03 6.454600273288993439e-03
2.999420941208959940e-02 1.059439749331350482e-02 7.595539117712163911e-03
3.922098414911467240e-02 2.462969413545748609e-02 1.781737728477085850e-02
3.111033861967135716e-02 9.831777312758169934e-03 1.179902013450251884e-02
2.917855355049542992e-02 1.277889293880814930e-02 1.113318522542271205e-02
2.390235869062560040e-02 6.376239678935749326e-03 1.337101904930716213e-02
2.612225982208605732e-02 8.145329705026746817e-03 1.637870066689363358e-02
3.300607444937192492e-02 1.167383989639005949e-02 1.044628637447214160e-02
3.500942564958799824e-02 2.089999073962554160e-02 1.134398899056055128e-02
2.580155275828602268e-02 1.140437769898753652e-02 2.179770217681895397e-02
1.594990737230350328e-02 4.213574650170384857e-03 3.183817198729045617e-03
2.651023186361459866e-02 1.150738452086400541e-02 1.822139865199158895e-02
1.289776725343024476e-02 1.034847922713110976e-02 1.688783164677795309e-02
3.441814135822322124e-02 2.028081852808919644e-02 2.608088759361827658e-02
2.221191940503944307e-02 6.152121081625902196e-03 1.211306512543628387e-02
2.873831697661799814e-02 8.692118133329009705e-03 1.108765560222108211e-02
2.757640468986384888e-02 1.582117736797366073e-02 2.969729455640530633e-02
2.503514586255276356e-02 1.157126770421567849e-02 2.202084051996027955e-02
3.053641368229432010e-02 1.822933930691332527e-02 8.385399975165290509e-03
3.117660901570246459e-02 1.235113618787894371e-02 7.660103959051691933e-03
3.001273786793257070e-02 1.067034587016379987e-02 8.302780388027288308e-03
2.573897837484027951e-02 1.482575569420725367e-02 9.010037158715821989e-03
3.562592739013947796e-02 1.799715748937529697e-02 9.605099471998713306e-03
1.972279675963356169e-02 6.948388237243375773e-03 6.329697439624306157e-03
2.640654495772186069e-02 7.117918857824780815e-03 4.686492868848824052e-03
2.824102204618296127e-02 1.519704082191026748e-02 2.949538686984559677e-02
3.041478478344336947e-02 1.241116549654979438e-02 1.551455445732023881e-02
2.845615226931143965e-02 1.526803050905954987e-02 2.113691763583708944e-02
1.870755890437100430e-02 8.114851311465907935e-03 2.062894451555441488e-02
2.193563653838030703e-02 6.047046351228856260e-03 3.595142065124716339e-03
3.634874048706692590e-02 1.766930016255208527e-02 1.561980654958595310e-02
2.278555162186554628e-02 1.242265847637919265e-02 7.738091427009960270e-03
2.337295823032582362e-02 9.896186028077593594e-03 4.314635664152464620e-03
2.054661439133993392e-02 8.928081764213023630e-03 1.815069906853386539e-02
2.973320642144526571e-02 1.261865384621244611e-02 9.748936708793714406e-03
2.618348530641110422e-02 6.997216388053437153e-03 1.703230720741310059e-02
2.953901350887034455e-02 1.351208712092818662e-02 1.031904860062093227e-02
3.356471867147820670e-02 7.652313254686411714e-03 8.077798361009112110e-03
2.295836362602825600e-02 9.601374687963095539e-03 1.006797653566402287e-02
1.867288850150324378e-02 6.876487943206814439e-03 5.192716464989068081e-03
2.114875123867148918e-02 9.461344927239389441e-03 2.521615416158594705e-02
3.313412506876216301e-02 1.027523923540073734e-02 8.816865628552687448e-03
2.636007550488322221e-02 1.465152034795696306e-02 2.846731422814428869e-02
2.277755693513115742e-02 1.000367373847472520e-02 6.317665089276439626e-03
3.823902293144059578e-02 1.522703351027519456e-02 1.451960013580867737e-02
3.746117869093341934e-02 2.019037900922040010e-02 1.663817274705828297e-02
2.280029708515140391e-02 7.051395536388727937e-03 4.858428666792539291e-03
1.378331716608702413e-02 5.748657021637263928e-03 5.437752560755111306e-03
2.100414856411446721e-02 1.045810191961107395e-02 1.883673754576259060e-02
2.697669098886456771e-02 2.136726570642739215e-02 6.118247143626147702e-03
2.530667160485605346e-02 4.172341612072054048e-03 3.289623931324488215e-03
2.483634781280016565e-02 1.019266591493830053e-02 6.743131709909310455e-03
3.205661904864808703e-02 1.675654712402814203e-02 2.737988026452869289e-02
2.579383058448302818e-02 1.238571829531588848e-02 8.887197302367920090e-03
2.243912693314523837e-02 9.275459008030322722e-03 6.539620028066142621e-03
3.548271512175862202e-02 1.169293477335321685e-02 8.938000750603773345e-03
2.860615866423814671e-02 1.119156117704190288e-02 9.065293391732360401e-03
3.552246566274264161e-02 4.965203192940994409e-03 9.603240896723501743e-03
3.073007958839241160e-02 8.989170789833736061e-03 2.049453289410928247e-02
2.135476904838467388e-02 5.881278791209145276e-03 2.907890893226019839e-03
3.576969899872456393e-02 7.368872845420939253e-03 4.949847859196867574e-03
2.381509102365857514e-02 1.895277789882656924e-02 7.256559363788159418e-03
2.551844608407337692e-02 1.320430165573742431e-02 1.303190948586448877e-02
3.007882698207364064e-02 1.620696895939876050e-02 1.467381031579410855e-02
