5.734653704734178625e-02 2.456553194457794520e-02 1.402624403067127649e-02
8.527517363884951074e-02 5.604900136151058643e-02 3.139114242950711425e-02
8.395402695814858929e-02 1.620131577098381237e-01 2.365758936481741209e-02
5.895294500120218384e-02 2.733304736795414552e-02 1.314913314308564611e-02
7.261703534300584240e-02 4.229035727105139031e-02 1.745149951395136984e-02
8.221287446640819507e-02 5.179676986913372971e-02 2.892370207730650400e-02
5.743324814969213987e-02 3.162696399378026046e-02 2.133817873024186629e-02
5.755009878068063911e-02 2.086438395937188078e-02 1.547359457669547807e-02
5.832673063566774091e-02 2.977815121586894348e-02 1.671698347723009695e-02
4.545257428630056218e-02 2.065654388676474093e-02 1.268794756894072590e-02
6.051427186464898578e-02 1.865560771509894647e-02 1.189729416485160382e-02
5.986201252027914532e-02 2.886063948577934427e-02 1.735476118121376254e-02
7.683944253277946723e-02 3.342318867335906940e-02 3.090880264647821382e-02
6.177693758619699077e-02 3.183322781791736444e-02 1.101841671148096231e-02
6.138641093796634585e-02 2.836341558822588066e-02 1.951473545961910500e-02
5.577553198199462769e-02 2.973412611725981952e-02 1.446221988654135954e-02
5.223741639986059782e-02 1.796999901679301181e-02 7.931296575315278929e-03
5.081458405789041760e-02 5.925785832823587257e-02 1.405589131594979155e-02
5.467535111596341646e-02 8.930506348839335751e-02 2.119945037750015776e-02
4.690763385650917328e-02 4.330915656212860204e-02 1.432756233141524449e-02
4.044759696252991227e-02 3.577112666945321540e-02 5.236812936771349097e-02
6.069704997284453007e-02 4.470151832361013433e-02 5.771351613254730589e-02
7.074126928972099271e-02 3.224057046739065013e-02 1.507595679270755211e-02
8.937237615784814071e-02 6.014512349142897563e-02 3.752436033098970058e-02
9.797180289809663545e-02 4.728757253345097777e-02 7.411141663362147414e-02
6.120263500515842059e-02 1.589000772105592096e-01 1.181893052572065977e-02
4.425940010872087688e-02 2.069506147520648945e-02 1.007029041281143344e-02
5.232450440340517817e-02 2.049571250298579117e-02 1.210461457073411934e-02
4.588891405832733195e-02 3.893544667677732718e-02 2.245441542662277024e-02
3.935467732504897148e-02 1.602143205036624107e-02 6.693216513377086598e-03
6.080128188639068870e-02 1.885152123470346802e-02 5.783958304329588074e-03
5.982449819427238663e-02 3.182447805187364059e-02 1.560254440707558622e-02
6.445064376560892538e-02 4.016070580486034991e-02 2.038672674624351228e-02
5.617750346115864962e-02 3.180424168390747625e-02 1.188393633846826503e-02
6.350564249109977299e-02 4.038898934392567974e-02 2.403943771381036182e-02
5.849704734986501536e-02 1.421485127310620489e-01 1.376991676955697207e-02
6.969006056921489556e-02 2.297044411041342452e-02 8.577220943644251264e-03
5.029611871143784690e-02 1.567283620457681631e-02 1.084498866566883241e-02
4.676393571810293082e-02 2.936742366975159460e-02 1.145002258619727022e-02
4.607749529397681121e-02 2.947215268280939729e-02 9.952973767604031061e-03
4.911781230432901019e-02 2.837650600948206370e-02 1.557115432399350241e-02
8.209276226579370617e-02 5.091876249584757763e-02 2.258098002035753907e-02
6.498075619519406987e-02 3.258430191827725586e-02 2.021338727867431559e-02
6.981346001520577493e-02 5.030472968851907450e-02 2.287185446997368199e-02
4.042218886979885573e-02 3.373991334345302628e-02 1.803329331995247656e-02
5.235885369921352422e-02 2.451724447062762074e-02 9.423738751570385000e-03
6.977206446963499231e-02 3.896644880326660676e-02 1.736594884795347390e-02
6.082392871576275395e-02 2.976477051795654166e-02 1.257484045638720786e-02
5.522808429928249135e-02 1.931633223605824096e-02 9.147498119406415745e-03
8.203875604645792519e-02 6.029830957531738811e-01 2.596213615281796686e-02
6.461352645624769686e-02 3.307900252458048640e-02 7.563103279902555487e-02
5.404539940870232984e-02 3.826978470085012213e-02 2.074203102986171138e-02
5.647767945940860429e-02 1.707238719365295962e-02 8.658376927352585961e-03
4.901136294584224062e-02 2.193876080234340165e-02 8.390216505118340204e-03
6.236523576238364036e-02 2.529471575094825384e-02 2.223298549836421820e-02
9.463166474406942141e-02 6.396227650849764523e-02 2.640101712860266209e-02
5.603370799722434681e-02 2.931191907614271938e-02 1.153641740387720792e-02
5.313849368472171875e-02 3.327951589141589506e-02 1.241515689785355550e-02
4.430211259678054625e-02 3.983074334447543607e-02 6.288983406929750386e-02
6.363382589698202141e-02 3.200680197851801106e-02 1.211002995204057270e-02
5.748892629441197666e-02 3.227547741757939154e-02 2.083619489425234117e-02
5.323038242291413397e-02 2.528118131473287150e-02 2.415648598591909821e-02
5.157817926235729045e-02 4.516802727273903223e-02 1.028787081607063919e-02
6.052648786292782329e-02 4.341049196618530087e-02 2.212143773421219872e-02
5.030406381398271065e-02 1.869162017762947964e-02 1.383210024066967858e-02
6.107700473282026005e-02 2.779808938508925714e-02 1.096306720083850376e-02
6.446625115774012871e-02 3.720498524167611260e-02 1.746317164868596561e-02
4.880092835814441032e-02 1.837914227511189963e-02 5.970614690840873179e-02
6.599088873069655636e-02 5.104527052843036566e-02 2.073017854327554796e-02
7.714717667412200608e-02 2.978263140133188824e-02 1.621697610301243639e-02
6.372070251244302264e-02 2.343813221290026033e-02 1.278402611006635402e-02
6.724768019684729259e-02 5.140306375575493664e-02 2.468973581987075547e-02
3.335644779310843050e-02 2.666979161145364985e-02 2.199188652913298958e-02
8.986527485039098873e-02 6.715096306067151744e-02 4.274014568546405379e-02
5.833175783350597748e-02 3.040530024853335678e-02 1.858378798380764391e-02
5.905860623068266008e-02 3.104727516677777133e-02 1.182087432828003715e-02
6.626937350626725676e-02 5.889889188056549735e-02 3.096406063393181834e-02
3.406619512876085665e-02 7.287093662577880278e-03 6.841173808166005343e-03
4.567647481963370976e-02 1.838426849368252763e-02 1.349502687145511318e-02
5.994175561609833836e-02 3.915537915160204052e-02 1.308773768702495809e-02
7.722409011169546755e-02 4.277085892066261053e-02 1.535585633478385621e-02
7.748960334259941130e-02 2.943307255735687009e-02 1.114369268523154877e-02
4.453099054568977755e-02 3.624705492889649522e-02 1.568875274646999718e-02
6.961563244514071269e-02 5.219505243479541368e-02 2.504459037700901974e-02
5.992925663858085505e-02 4.197719920712725261e-02 1.228708698458965375e-02
4.308822359296130694e-02 4.945383680216848543e-02 1.588461841681514455e-02
5.229485549875927120e-02 1.910174732462080818e-02 1.016364454215265382e-02
8.481611579784839594e-02 4.422692289696426859e-02 2.016906021420911133e-02
4.980920120109522120e-02 2.827339547925494107e-02 1.051465570164350841e-02
5.671621277987871912e-02 2.705364080352032005e-02 1.759184923141135851e-02
4.601704783101481094e-02 2.630562216541359674e-02 1.556296257945746428e-02
4.917780218406144627e-02 3.067712913640711914e-02 1.831677917323485186e-02
7.665292508962244511e-02 3.252568751213823217e-02 2.592149074516271468e-02
6.009249117143528746e-02 3.777935264832239792e-02 9.898379756204927354e-03
5.312171053539485599e-02 3.396282584093807122e-02 9.307919779281378578e-03
4.606995409460065000e-02 3.308657215662931528e-02 1.545984144804553664e-02
4.090116154963384376e-02 2.218534095291813460e-02 9.387146315680227476e-03
8.405252133948695747e-02 3.594112157168388028e-02 2.260420651052034643e-02
8.684365419868106395e-02 4.267694811457064391e-02 2.496720194330582371e-02
3.543579379904441412e-02 1.305215032375713416e-02 6.263275677518945900e-03
7.956990193983612403e-02 3.181657692541246807e-02 1.840559861544254980e-02
7.158474891980740051e-02 2.801576213154301914e-02 2.338687725864574060e-02
6.347402319010743421e-02 2.821013522386730393e-02 1.354800223371339582e-02
5.223064790750198833e-02 3.427367531007464996e-02 1.555536080123371724e-02
5.502981760474920381e-02 2.433553744585397610e-02 1.615999651812497287e-02
5.923803705391549046e-02 2.713922924065879233e-02 1.901663490998591749e-02
1.021697617043389045e-01 4.626851275306814726e-02 3.155584179386985988e-02
6.504874501705573686e-02 3.636207243237603304e-02 1.683960488420701423e-02
4.306607585482954970e-02 3.171669860181814543e-02 1.383850423269548068e-02
7.522403048963535732e-02 2.969530297415687650e-02 1.445527602943966552e-02
5.135176443215982989e-02 3.390709905573473931e-02 1.103852737573814830e-02
4.425428419623479714e-02 2.822556175930718975e-02 9.198178461398181377e-03
4.054078558796636589e-02 2.072286201936892475e-02 1.121336114619246767e-02
4.513896628254393528e-02 1.767759516520289731e-02 1.261496609901769164e-02
8.577230159785478869e-02 3.947598629304866630e-02 2.461467662267667264e-02
9.470943526262111389e-02 3.193122125239815368e-02 1.720623140468230047e-02
6.123562748529152999e-02 4.454724460849669720e-02 9.208763607679460589e-03
4.775975559271847248e-02 2.078814568759211612e-02 7.196485858429999688e-03
9.880947811514335932e-02 7.958939927838293293e-02 2.738266407553974907e-02
8.090280712717852485e-02 7.188248289358641074e-02 3.245048206561716025e-02
6.380693893785464865e-02 1.033286068155977178e-01 2.696977194665527156e-02
6.387120154475973977e-02 4.556127117961220052e-02 2.147346412809027216e-02
5.464172187127137870e-02 2.565181493318418118e-02 1.057939884924256370e-02
7.017150527332521870e-02 7.249304596048086746e-02 1.972781142983547065e-02
6.159882151593353006e-02 2.260551222447017283e-02 1.265410040991655355e-02
7.637116663502670211e-02 2.786527691528464801e-02 1.848215474631563146e-02
5.752862964597277307e-02 3.238662451812177739e-02 1.660755003065101515e-02
5.085485343391527718e-02 5.826038997457444468e-02 1.018422369088507230e-02
6.841655353514938809e-02 5.412446475901885878e-02 1.579107467480360405e-02
4.384893512126337989e-02 1.902909984879096184e-02 1.274016277272134977e-02
8.950445403781183418e-02 3.721825770236805719e-02 7.143676837864794404e-02
6.009118915759606439e-02 2.555074847688677819e-02 1.646163022858708816e-02
1.019722589227551601e-01 5.070438023563681590e-02 2.555548939614995727e-02
5.876106576735790760e-02 1.878705737995533739e-02 1.424658500496238552e-02
5.748168237912937295e-02 4.510218885473692152e-02 1.478021984700431807e-02
6.165377647770677733e-02 2.964134640749968921e-02 1.828490268944744229e-02
4.682257738557817767e-02 1.658331373851232998e-02 1.424691735940844008e-02
3.941833429791668370e-02 1.591785299080428900e-02 1.081777179162080049e-02
4.485675624246281135e-02 1.040049386824246636e-01 1.078493962569163946e-02
5.837111593510666691e-02 4.353278508265499835e-02 2.061512615830347894e-02
4.853224431141629769e-02 2.896948202172392253e-02 2.038376645720909111e-02
5.602606434115115636e-02 2.304359230830914027e-02 8.422150766596770213e-03
5.392482268436807336e-02 3.053373774739343710e-02 1.435190368874482598e-02
5.076288377361666548e-02 1.999261994256321465e-02 9.616250559868737974e-03
4.934675638297849470e-02 2.969520504111088088e-02 9.684076800961519127e-03
6.619886328637207551e-02 3.196389533149807116e-02 1.721261424064687504e-02
7.143276220351275907e-02 3.935138854713288170e-02 2.328510014465446504e-02
6.687599923843733085e-02 3.593487967084178780e-02 1.617373704706448131e-02
5.778638372392266853e-02 2.100961465177311402e-02 1.089252007994255533e-02
9.371289757013528954e-02 6.445304648214493504e-02 3.335934146511432274e-02
5.953133695107188511e-02 3.989454388135901808e-02 2.179175819085605453e-02
7.817296075750874984e-02 5.098385253234258285e-02 2.178235659705848523e-02
6.886056733918791140e-02 2.450729298802555717e-02 1.201965469169820333e-02
6.330195613435100899e-02 2.558602207796260852e-02 1.569725329656616181e-02
4.553413681516475103e-02 2.309269631024865252e-02 1.580516826707270908e-02
6.792964426405484479e-02 4.157908243561683065e-02 2.026677535604804251e-02
4.839931176680280223e-02 1.547128555173979750e-02 8.121590638937397494e-03
6.537769219361545814e-02 3.399896013892205610e-02 1.558549718633960371e-02
8.716518991507039849e-02 9.210081113571162714e-02 2.629918768974269863e-02
5.318625387527106674e-02 3.747710334751268302e-02 1.230328792825238077e-02
8.388906861404905879e-02 5.530317169973850838e-02 1.440545230066090851e-02
7.576981817162055377e-02 4.089774402303261724e-02 9.205549054892646355e-02
3.894353903882474127e-02 1.737255622407322259e-02 7.308342088455418127e-03
3.377235173927487649e-02 1.589727185930163433e-02 8.643633151780880791e-03
6.537794512818687065e-02 3.296017517258546803e-02 1.989411702094894679e-02
9.666047446300844725e-02 6.628227800792632629e-02 2.364343073529140415e-02
5.649362847655498704e-02 3.204223307817190974e-02 6.905553741082853976e-03
7.863013737420117277e-02 6.598623523611843456e-02 3.178320609116767892e-02
5.935668021786127263e-02 3.837506932911988883e-02 3.134719827895358218e-02
7.052174872339590783e-02 4.560665147295137750e-02 2.172579981754293316e-02
5.161717138532898735e-02 3.159758548536573813e-02 1.699305147310601477e-02
6.185920154439519814e-02 3.940030509108966711e-02 1.609942449274971710e-02
6.934054101628608913e-02 9.603171007223829103e-02 2.485082062857664129e-02
6.538015755077379587e-02 3.406189462445403937e-02 2.501998713302732921e-02
3.588109391557756794e-02 1.326645113254813421e-02 5.630324107280276595e-03
1.082015961082389288e-01 4.107845112226270190e-02 2.696440463018492939e-02
9.077681417083946491e-02 4.119588323085204840e-02 1.617119914673614128e-02
4.863087891149135006e-02 4.491783810769818530e-02 1.279365828969236674e-02
8.801891116273910520e-02 2.871641876483504649e-02 5.397156777406666994e-03
6.753012291221170693e-02 2.633250045561469702e-02 1.666627316413225521e-02
5.647252776713838907e-02 2.610908035078199352e-02 1.255128402741107103e-02
6.153049785315940073e-02 2.959682604563109234e-02 1.113948132300621695e-02
8.193804028586429422e-02 4.659383616052724386e-02 1.988665282473005974e-02
5.401755506033339288e-02 2.688776361572196502e-02 2.351041226763512376e-02
4.664567922876552281e-02 1.438584996186479531e-02 1.550512091912811113e-02
8.443075876951562642e-02 5.822745692204300133e-02 3.747992495427161092e-02
4.484230660077059144e-02 2.542732261511154029e-02 1.176827811928144243e-02
6.860632395978252807e-02 2.616040242313357259e-02 2.090708733708843831e-02
5.566408072189076017e-02 3.475210622164775359e-02 1.956727631087275612e-02
5.579441430805580360e-02 1.719395711006542829e-02 1.014255005058964203e-02
5.372720783311590864e-02 2.997609114572387379e-02 2.244973475089234033e-02
3.591111205599053363e-02 1.482050753886589127e-02 7.663066913922736596e-03
5.363269634460526153e-02 4.241971957699588319e-02 1.415666147647939854e-02
6.378205779193706071e-02 3.508225495544794320e-02 1.427631842808670462e-02
6.194811093274046193e-02 2.824134424481705707e-02 1.507002765401766441e-02
8.354146105140373979e-02 3.101492484863962312e-02 1.534302493452748169e-02
4.988310475306672459e-02 2.081942048976515719e-02 1.315193806904306831e-02
9.483714018348932129e-02 7.325231098089163284e-02 3.197433302634722363e-02
5.106821629146791192e-02 2.974068953899709419e-02 1.271319789905268720e-02
6.240188743003422661e-02 3.208470753273626880e-02 9.334972257696621395e-03
6.164955558272196268e-02 3.152823416229165454e-02 1.209514434298993024e-02
8.832986534584293115e-02 2.542374267757113032e-02 1.415210326843396871e-01
5.075137600974052171e-02 3.730565921096282156e-02 1.928599223246629801e-02
5.092546172621305323e-02 3.054652328382055290e-02 1.100897574863208064e-02
5.462241481095968243e-02 2.523886602130968534e-02 8.743372666594386583e-03
7.520026191068228394e-02 4.401017166802769637e-02 1.736636030095036962e-02
5.827090104837976542e-02 1.744545833519440051e-02 1.195715323620841902e-02
8.781826652441986070e-02 5.603278658476295443e-02 8.930638330951765069e-02
5.655915887013732851e-02 2.940789615116764372e-02 1.458619489378422222e-02
4.798190482850950983e-02 2.827810175087860922e-02 1.792275547864372737e-02
5.277336563138927683e-02 1.722998673554569649e-02 8.086639354706206748e-03
8.916861459044582439e-02 5.102503732057322994e-02 1.974916461943822601e-02
4.583373319191390294e-02 3.050428744652246282e-02 4.399671172239201511e-02
6.496790106502468853e-02 3.393492226256455968e-02 2.158703667734706427e-02
5.718243647610325719e-02 5.154857068810659443e-02 1.534334775883820258e-02
3.634011278194432953e-02 1.161613849993803696e-02 1.304286246174034616e-02
5.499884881636489531e-02 2.091532187461745546e-02 7.312034844040221637e-02
7.033154100215897875e-02 2.808994002544759269e-02 1.116893168889421771e-02
5.255927679646293232e-02 2.495652295421820280e-02 1.296423876949066335e-02
4.824471799383585335e-02 1.901179717340399297e-02 5.118357717298386428e-02
5.821824766394532308e-02 2.735099305569968844e-02 1.508714560949198091e-02
7.444502374182986049e-02 4.496173389410736132e-02 1.935148822458777201e-02
4.578916031308109813e-02 1.198326358766332693e-02 4.496488652996002630e-03
8.574274680034132956e-02 5.657005208328073909e-02 2.172395594796074081e-02
6.733847248935430352e-02 3.576761554662727383e-02 1.812834825739230785e-02
6.950559617660918843e-02 5.906361314876891477e-02 1.543289127152220816e-02
7.147348897578480187e-02 4.267316178274938032e-02 2.290018741404500902e-02
6.057157653210992754e-02 2.407772394753012954e-02 1.174908187111994677e-02
5.673814022451031253e-02 1.737461490790710369e-02 1.043690088664255000e-02
9.124714023996732815e-02 4.297443891998492527e-02 2.281721833950512562e-02
1.001943486332575184e-01 1.970920686691267076e-01 4.828268162397953561e-02
7.684295687412512343e-02 1.176527187408192704e-01 2.066888412912501471e-02
6.176897196368728860e-02 4.160280959647363191e-02 1.592797775803363181e-02
5.734624510648123757e-02 3.883901691056369787e-02 2.218108159360309556e-02
6.105543620131580890e-02 5.017690792642177933e-02 2.246331843135634942e-02
7.681743345126537670e-02 2.910833638015332056e-02 1.182133980694570138e-02
5.449652577254255476e-02 2.815083885418837029e-02 1.038507609363747280e-02
5.605948397618248924e-02 3.644725792201699427e-02 1.666389663963665363e-02
5.124032826522157552e-02 2.353260760132306478e-02 2.121683792967465204e-02
5.659822904489883455e-02 3.180025902636679502e-02 2.103624994844984289e-02
7.295494368233085281e-02 5.364240881537938460e-02 2.362249069163095336e-02
8.061853314866185283e-02 2.879825222508731325e-02 1.778977209902661213e-02
7.283068782912202610e-02 2.839304352995860800e-02 1.369552836667410275e-02
4.770746417346752311e-02 2.276084822368565352e-02 4.385604800382242319e-02
4.161158699559849156e-02 1.704158608455001028e-02 8.177745220027888423e-03
4.519329444004772933e-02 2.977662537333922860e-02 1.166592766166343886e-02
4.321839947619610794e-02 5.042479166502719656e-02 1.430732412993581011e-02
6.010069578819336039e-02 3.423747008698274641e-02 1.793121882459535257e-02
4.741753734404040993e-02 2.517747439179643040e-02 7.724960888893219781e-03
6.112703435152783138e-02 5.832321757900629233e-01 1.679408179581192220e-02
7.711390840752066489e-02 3.293078986624263516e-02 1.535205953015582152e-02
8.264734345681208627e-02 5.594059575086865466e-02 3.050148491145851515e-02
7.249802671613818361e-02 2.694644549218683238e-02 1.926652808605551145e-02
5.147050485503613243e-02 2.195950605681505977e-02 2.127744738333694693e-02
6.229557982949186778e-02 1.601994460155563987e-02 2.217133010794967302e-02
6.173317659981272104e-02 2.353276649610229823e-02 1.363199111502780975e-02
6.593785478163283198e-02 3.863104217308533511e-02 2.572109714753319232e-02
6.151511023071089962e-02 1.963385565935155466e-02 1.074558153864287741e-02
4.553447671720368267e-02 1.721700927710895918e-02 1.041915006607143680e-02
7.273871293031317076e-02 3.594984733009864292e-02 2.110339863400734553e-02
6.380259795569263870e-02 3.814583774214423684e-02 1.279226840329937900e-02
6.908576959146896235e-02 9.621264745249279854e-03 1.348431243229296014e-02
4.354787318162193360e-02 1.820396847686252262e-02 1.454156533432082385e-02
4.826453197954897606e-02 2.853298466915494408e-02 2.203011144850052644e-02
9.963993852425061248e-02 3.707050375906309481e-02 2.824412096134202091e-02
8.391745022957723676e-02 5.670678980169461397e-02 3.448692728714407990e-02
4.723329781425342211e-02 3.003590641418815710e-02 1.130775634226808060e-02
6.156894095035571335e-02 4.819845059960575079e-02 3.526567066012566837e-02
6.972971968835500745e-02 3.793064950501485316e-02 2.113243209180886567e-02
4.946813731823093002e-02 3.318758187271887705e-02 1.770061023264942260e-02
5.852497781954354300e-02 3.846752118658230968e-02 1.761707298447010364e-02
5.589435617708277126e-02 3.472249438969198659e-02 1.291573119502889729e-02
3.611746220258871959e-02 2.589849826168418370e-02 1.255269187060547437e-02
6.638782107541804645e-02 5.056115928946702809e-02 2.708648801017018298e-02
5.934916586418294282e-02 5.666568383698982608e-02 2.152781575770176120e-02
7.036832791125828546e-02 6.567334945678189595e-02 1.490716660694514986e-02
8.088615152561988431e-02 4.991257760706176855e-02 2.638746772493163681e-02
5.047230456566532963e-02 2.673460232073558707e-02 1.053061299490439667e-02
8.218927145175369819e-02 3.626105062649932764e-02 2.371117106086299137e-02
5.807346083952696913e-02 3.883130592999176761e-02 1.934825086441920028e-02
7.134793304888221999e-02 3.619779508922354311e-02 1.632648223885567462e-02
7.525919640337214167e-02 2.820526895900520373e-02 2.481045537025742403e-02
5.286766175249586752e-02 2.588711098138177236e-02 1.468333113914883914e-02
6.931191871038999697e-02 4.919646789500256578e-02 2.601839482479963855e-02
6.913226073157513474e-02 3.009609060804092906e-02 2.195678207898780696e-02
7.383597089804816438e-02 5.083759427570605505e-02 1.626353987401157886e-02
4.432699738987831706e-02 1.992111551434525007e-02 7.172304099628682046e-03
5.393377217383879541e-02 3.168488267136093661e-02 8.930620280412544104e-03
5.276551849311336695e-02 2.825923444469595480e-02 1.980624604847948042e-02
5.887982565238975702e-02 4.033278649468944460e-02 1.965187775727707600e-02
6.411929863668512641e-02 3.379281521656242460e-02 1.520650375020083690e-02
5.493821027197430540e-02 2.597845230218230259e-02 1.145318375957215563e-02
4.918032101443590987e-02 2.943722069036567093e-02 1.707804195400550173e-02
5.174563835469422890e-02 1.132676888230068762e-01 1.643308597951674208e-02
7.188507525968820810e-02 4.748713064148436108e-02 2.385570076786162896e-02
4.967890992928465643e-02 2.652242297499642076e-02 9.704309277823950849e-03
8.285489070700249870e-02 4.343133764657026302e-02 1.406273247341082930e-02
4.648749496092266509e-02 1.770974352081310793e-02 1.075140436087598621e-02
5.673782302313267606e-02 1.869103177991459849e-02 9.349625565723241119e-03
6.896646354043065030e-02 2.880304561851352446e-02 1.436228673437986089e-02
3.271722661082033384e-02 1.006401729372140633e-02 8.326904110751901997e-03
6.799140848161767947e-02 4.230652086379981663e-02 1.724335383475993425e-02
1.214594611483405251e-01 6.768031439442821762e-02 4.144516808089843130e-02
4.110644167895682183e-02 4.850235001125664108e-02 1.714922879583000159e-02
8.797948423572764243e-02 6.644408155187254972e-02 3.330933661667487972e-02
6.241909437902613822e-02 1.634680061821397468e-02 8.958549722161033776e-03
6.754679731531988696e-02 3.492279659831885180e-02 2.301076853777145326e-02
7.460336606328844822e-02 4.327906538388476276e-02 1.535235000770204632e-02
7.788180230845603846e-02 3.983118506548871673e-02 2.900481877723885479e-02
6.124180037771216611e-02 6.342738841167314123e-02 1.608104419097459992e-02
6.189821455251563742e-02 3.753742146112488964e-02 2.101242966732746326e-02
6.241162390227204121e-02 2.954341293789167905e-02 1.563692089726980913e-02
7.817967236309333878e-02 4.526320237026044274e-02 2.174752968554031357e-02
5.612596080209494853e-02 3.544320203333986563e-02 2.189465240221993153e-02
5.375639544599231795e-02 2.354022614045626904e-02 1.613555323657551305e-02
4.747738425422181469e-02 2.240426105757383629e-02 1.026543428524312983e-02
4.964460459539633136e-02 2.324951187040402018e-02 1.680351488689964257e-02
5.566581887367075265e-02 1.069575228832073295e-02 1.457689266465139744e-02
4.547662674271748390e-02 2.138546779820394220e-02 9.272904843280844675e-03
6.556805012157849999e-02 4.339029227660474997e-02 2.730814139724261139e-02
6.712424765505083102e-02 3.079209676074434396e-02 2.078551158537759319e-02
3.491326612838947796e-02 1.435616007950664061e-02 8.743607443833767076e-03
9.956359093314633146e-02 5.258538678329841010e-02 3.100452585299331640e-02
5.532318865200580582e-02 2.332576666571171617e-02 1.655546822872829005e-02
5.885969502834527411e-02 2.175054704650559306e-02 8.676395527975193020e-03
6.801937667150903533e-02 7.739949921892180784e-02 1.636992203291403464e-02
5.136332787152519258e-02 6.512754271254772576e-02 1.267745573831917383e-02
6.014837117534862360e-02 3.539374904218094142e-02 1.888010657066548775e-02
4.089751611744133625e-02 2.090390071701505453e-02 1.308284928871296209e-02
8.215913616185975543e-02 3.461180532909789026e-02 1.659549850791097042e-02
6.369145877213873430e-02 2.529831152929565632e-02 8.931367440228528062e-03
5.196901319869528385e-02 2.718314491553254497e-02 1.262389947623713572e-02
7.609791707671059724e-02 2.909537120309745387e-02 1.698343144201609756e-02
5.870666553817397576e-02 2.798465878299309997e-02 1.471805512698518698e-02
5.334934767215448320e-02 3.050389847407627281e-02 1.312668594844003216e-02
5.100590292385979996e-02 3.177300618332466742e-02 1.400742157339185043e-02
8.318567732507631263e-02 5.444501829252426650e-02 1.771739793506106608e-02
4.448610735818399331e-02 2.143106872326701329e-02 7.985687925360194714e-03
5.400602204792653155e-02 1.934660240963254757e-02 6.199811971780959385e-02
4.655153581209346692e-02 1.346906334446226240e-02 8.939452053249107022e-03
4.598749223977981193e-02 2.172721515916080370e-02 1.102695966888144960e-02
4.838832489975828516e-02 2.394634666927608624e-02 1.190583312603746453e-02
4.555005106879241733e-02 2.058324854256320113e-02 9.447930791587474605e-03
1.107267335468469782e-01 6.418580294569536937e-02 2.953124807897008694e-02
6.675781681463929806e-02 4.282264871102312020e-02 1.933708140825198679e-02
6.914407979833962770e-02 3.968706095178676369e-02 9.172878829237214246e-03
5.266976682766531109e-02 3.615609380943696216e-02 1.943709632378613772e-02
5.821992725751905240e-02 2.923185110471261325e-02 9.954990763558040079e-03
7.846512107635805755e-02 5.404210815995476314e-02 2.216493904733692760e-02
6.496719214149368482e-02 4.334122531396560063e-02 1.910463532765916544e-02
6.951638855944615447e-02 3.640822602408894104e-02 2.364479985820534813e-02
6.797337085910130916e-02 6.036099084990431685e-02 1.993877388151269262e-02
3.119112018760331062e-02 1.763855235479100739e-02 8.259437329356567742e-03
7.708655374889798739e-02 4.339666770358158177e-02 3.766819219968450816e-02
6.797064032867736194e-02 6.115197683034857140e-02 2.392574985781340327e-02
5.467045705473198153e-02 4.026603689044433443e-02 1.637694071065744911e-02
7.270208312319280386e-02 4.493942611886576899e-02 1.296299387265692146e-02
9.243860396027853144e-02 4.184025893618922853e-02 3.207852786240192322e-02
6.353366450821668066e-02 2.486641116681414729e-02 1.648004997102417435e-02
4.570339572564216524e-02 3.259614136041927984e-02 1.437794243140292152e-02
4.783103001339034099e-02 3.249758123862218212e-02 1.360775773343092694e-02
5.987172229354877778e-02 3.535084705920469444e-02 1.589713506393024278e-02
7.901770737652052956e-02 2.496564675499908514e-02 9.875626576232272164e-03
4.139215550122062742e-02 1.692466474940901300e-01 1.167594254233596425e-02
6.954110666655631545e-02 3.672016590795904034e-02 1.766369916743315907e-02
6.548886756742484938e-02 4.197101969846900316e-02 7.406031156019254359e-03
5.003420105948582636e-02 4.073269272570229083e-02 1.492477506203531562e-02
1.069774518944629493e-01 5.780098256481770724e-02 3.361393032951488086e-02
5.255386485243983968e-02 1.992420864517016957e-02 1.303143878306873421e-02
4.985008621692681857e-02 1.954751396591413934e-02 2.187573257680452618e-02
6.041693623815518055e-02 3.518897223456769752e-02 1.693832495009785569e-02
6.257320786572002913e-02 6.720397264130743842e-02 1.578459318637993533e-02
5.693048069462890159e-02 4.015015376843823758e-02 1.535597299744835553e-02
7.781999008472911816e-02 4.579265249955706552e-02 2.880932353825070222e-02
4.445892197959811637e-02 2.522261574100171169e-02 9.920088268778453136e-03
6.651681623538628629e-02 4.501822198795190494e-02 3.281348722831638198e-02
6.426856073580569650e-02 3.053113488898945987e-02 1.411827240677080569e-02
5.513200290654667740e-02 2.750728713174315637e-02 1.598524887700222830e-02
5.491947000243953270e-02 2.369435967831243217e-02 9.046647708374801200e-03
6.218632642678716127e-02 7.480753160825270864e-02 1.270768689328418376e-02
6.036704077285295206e-02 3.021369269352443959e-02 1.573219490247435362e-02
6.953212132865790873e-02 4.435203713858822810e-02 1.674917572337111110e-02
6.401120322400408180e-02 4.452243337095607156e-02 1.684889381748581882e-02
8.547513372878401405e-02 5.974322158691849211e-02 2.415208646567496009e-02
5.228550697827843985e-02 4.776143632776416736e-02 1.130207832941623747e-02
6.491500535464682364e-02 2.550982388436042955e-02 2.120454205949256696e-02
3.302066514760451654e-02 1.832774745550247442e-02 1.433287756915249851e-02
3.722003315669222129e-02 1.270395191149494528e-02 4.077293865716260894e-03
6.006305090582186867e-02 5.041380329010727163e-02 2.177159101668192653e-02
5.303104066308106379e-02 2.867646758117203473e-02 1.622842093176509945e-02
4.686053183038618730e-02 2.895555242780814900e-02 1.480292485544536588e-02
5.524947112828297591e-02 2.910222691810209969e-02 2.065764074389861774e-02
7.004057307343265759e-02 4.093837385623794178e-02 1.353194068762800066e-02
6.405329645270388395e-02 3.337066315195974520e-02 2.067927973596315680e-02
7.202628105806965775e-02 4.866516924498110602e-02 2.136232677410919434e-02
4.665271725103421752e-02 3.622348405801666116e-02 1.892217255082708632e-02
5.808736118916034419e-02 3.667896412186615746e-02 2.026258924976169842e-02
6.282018647829372415e-02 5.708273694639599827e-02 2.199839231562864331e-02
5.256098691024364139e-02 1.550400789888257448e-02 6.252455607673270722e-03
9.551672067344275929e-02 2.294491802748102882e-01 2.836604913196965477e-02
4.882029495022313648e-02 5.902609117107721765e-02 1.072499078902378229e-02
5.640349000469360025e-02 2.153276026546614361e-02 8.918199207425142952e-03
6.253192073125776740e-02 2.832625391885741639e-02 1.181015643660305627e-02
7.492912179018360042e-02 2.145378821517488627e-02 1.456601483461164755e-02
5.144675705327801662e-02 2.060244670161772568e-02 5.312314438068918218e-03
9.464245840972004831e-02 3.680554171791058926e-02 1.947250191786160933e-02
6.477445667271901353e-02 1.179024811608943291e-01 2.090770538528911177e-02
4.459744713789195319e-02 2.885105407820031526e-02 4.778651195520624076e-03
7.430402607164594830e-02 2.447147265279787237e-02 1.983450425774506420e-02
5.278664871609708986e-02 1.835830111712263152e-02 6.423427783060550213e-03
6.311501372077664429e-02 2.615733146870084791e-02 9.126454673877933479e-03
7.066446582711556623e-02 3.658704874792965966e-02 1.148886208527592073e-02
4.572227562168054704e-02 8.516970077574952114e-02 1.370852258717515128e-02
7.368709276093168836e-02 5.547140380801281190e-02 2.016061051249708885e-02
5.314502891499038595e-02 2.894772212466302855e-02 2.030744035451112484e-02
8.059984035598344310e-02 3.516639393677004760e-02 2.591332124983785831e-02
6.581934409105294481e-02 3.910825149561285297e-02 2.222937165154470485e-02
5.277121900847099589e-02 3.534223303384713410e-02 1.407109567118317375e-02
3.059316027394048607e-02 1.291680797053403225e-02 6.140848064061630099e-03
4.795575303090132691e-02 4.748291279538299769e-02 1.719200598556777995e-02
1.114078531947737954e-01 6.935019210751519614e-02 1.205744582459748054e-01
4.984139726624566696e-02 4.222100928122863445e-02 1.334637793024898850e-02
5.102341751276206344e-02 2.101428476400141188e-02 7.645310747939088047e-03
6.046763056909819356e-02 2.366114677285952733e-02 2.461727542229695531e-02
7.620462588287675587e-02 4.470346302264077698e-02 1.952204592584193613e-02
4.955492677930214279e-02 2.282416852534475613e-02 1.501532418272627165e-02
3.570259083892225044e-02 2.449562589924357894e-02 7.122453905706340599e-03
6.699821226575733424e-02 3.544318971999246143e-02 1.942729010959522509e-02
4.620253253711792407e-02 3.653470980240688254e-02 1.609380965888513801e-02
4.051293959413064527e-02 1.002991578822623291e-02 6.644190465353262340e-03
3.527603088600680253e-02 1.825444450368265276e-02 3.990187285528407415e-03
4.826789616146327094e-02 1.272613755696921402e-02 9.103223367246560116e-03
7.212178547877085011e-02 3.046941900784491675e-02 3.083566835403617895e-02
8.079704742302880327e-02 4.223701145960553904e-02 2.001233957048467044e-02
7.540475226887682902e-02 3.827828219642444296e-02 1.748168823653933890e-02
5.551336941738154590e-02 3.303470338832613373e-02 1.441948985259679065e-02
1.148697964779319125e-01 7.691180913933610974e-02 5.737992485479480320e-02
6.468059465585994372e-02 2.816051056381473766e-02 7.494948579502867976e-03
4.819781379036706254e-02 6.888148583101755262e-02 1.143400055380522015e-02
5.249541767249390339e-02 2.656759441252504184e-02 1.030911484347483281e-02
6.803835138028231644e-02 3.373742137410130904e-02 1.995310497497008659e-02
5.792831179838120459e-02 1.932075585545193000e-02 1.446561342232306410e-02
6.287590509875286282e-02 2.961894804536056858e-02 2.007329426072975570e-02
4.119762642752079762e-02 1.731048718393491878e-02 6.274437537187474087e-03
7.446754106323294486e-02 3.815050505748752985e-02 1.890729861107894386e-02
8.461296299127535336e-02 3.546265739848405291e-02 2.465911439831280222e-02
6.716708745491391241e-02 5.399083596258746204e-02 1.931012257820200959e-02
4.862184685723330846e-02 1.945506113197005213e-02 1.346195528984260592e-02
7.052216877773093140e-02 8.124678857466363646e-02 1.564131074110628947e-02
8.011098611800254732e-02 5.282159144176724885e-02 2.221849974375390488e-02
5.259751703739157236e-02 1.426206019229281710e-02 7.469674961013583747e-03
3.122066075210679081e-02 1.923186691926868919e-02 1.161840116410289662e-02
8.768664537308006046e-02 5.973553606732319443e-02 3.191879897643803282e-02
5.779420313237725038e-02 4.279106250795741001e-02 7.708950446973683590e-02
4.504425402962891622e-02 2.812323285168283338e-02 1.940134361236281468e-02
5.150151531654783427e-02 3.901142162468757696e-02 1.485822475761448651e-02
5.179236482153317528e-02 2.650486708978656847e-02 7.004785885631858999e-03
5.184658665788470511e-02 8.464133638760834577e-02 1.285738257355074042e-02
5.676166476682358020e-02 4.830531528063866653e-02 2.457214815314925221e-02
7.838006622577978200e-02 5.134619033023540835e-02 2.476101547487593452e-02
7.379524832634878906e-02 3.305434109362386658e-02 1.549422549189680490e-02
4.863665397458030032e-02 3.589977571124272626e-02 1.019487495698534821e-02
4.474284649498356387e-02 2.752067766297013399e-02 1.365048618043398360e-02
3.962787603791464996e-02 1.941502706531193501e-01 8.236041402143059673e-03
5.841721089256541460e-02 3.048327579765975487e-02 1.733211578806407444e-02
4.512437461613554718e-02 3.187447954220160029e-02 1.565946673858139085e-02
9.500080688996027922e-02 3.902019153555044695e-02 1.700443802257614948e-02
7.169421255118459124e-02 4.513014896961678457e-02 2.419637113378882501e-02
6.864136745481444479e-02 1.233197071364184466e-02 1.514006533508148629e-02
6.347411695322874303e-02 2.212164055657029477e-02 1.913916540349679465e-02
5.643083506266297067e-02 4.040691779536184636e-02 1.927804705340736835e-02
7.635792814302458376e-02 5.148479086657652137e-02 1.709607469608691310e-02
6.652292833692292906e-02 4.048940433206384137e-02 8.413927149411755402e-02
7.839416949575662985e-02 4.131957012245365823e-02 3.113789321129780546e-02
8.137183512680953856e-02 5.647281235744329442e-02 3.367851779351094949e-02
7.272136605626403072e-02 3.374455543557369763e-02 1.310257907624583218e-02
7.209731700585962633e-02 4.434240371813334691e-02 2.436084184185253326e-02
6.836451280692268373e-02 2.251067290137530666e-02 1.148322241940757243e-02
5.870574120773159460e-02 3.885872589102506297e-02 5.988483389996891032e-02
4.432658864772763552e-02 3.600855823754328666e-02 1.950959493854839341e-02
6.577574181123888031e-02 3.562249667869393094e-02 1.745632748297221842e-02
6.763122627906781315e-02 4.974943513135859224e-02 1.698893974006847676e-02
3.687583554304128819e-02 1.078363663159751830e-02 3.488801189439717960e-03
3.817259025998895328e-02 1.103574287222342486e-02 8.585005712127370681e-03
7.474662837105268409e-02 4.316818318894352635e-02 2.390655731981325763e-02
6.317955449729881212e-02 2.676126752938084302e-02 1.243681786284862693e-02
5.553214317103611491e-02 2.571948919517771243e-02 1.065025355996155818e-02
6.055465408784738851e-02 3.852841943481563614e-02 1.445104214433681755e-02
6.779059721790750559e-02 3.743435418728264380e-02 1.739437674323336680e-02
6.561505402897922778e-02 4.210923780278999495e-02 1.837987370509680529e-02
5.750306595807803955e-02 3.006320765520151608e-02 1.467403920681837476e-02
7.817682590386444696e-02 3.747037312198119724e-02 1.878477663168276468e-02
6.757621535446921290e-02 4.273879454958235541e-02 3.392493842328753867e-02
7.665636019007532331e-02 4.686281314358937272e-02 3.168714098640797866e-02
7.002821379883572561e-02 4.036776887265878383e-02 2.161708400905399188e-02
7.902171877013415557e-02 6.196551547926126835e-02 3.905986437893529950e-02
9.875827018429386706e-02 6.753876575068898380e-02 2.941213996759865432e-02
7.838426330733033742e-02 3.922508621765658648e-02 1.669535508376492061e-02
6.053676198234817646e-02 3.433288559039723159e-02 1.521757366046256471e-02
5.027264877444227037e-02 2.233943246680489964e-02 8.616384390725104550e-03
