6.108885979269847860e-02 5.750215798563450276e-02 3.326094650964993293e-02
4.148022765041893545e-02 3.632143075451251674e-02 4.852145182353378300e-02
2.469719491222665750e-02 1.063225857554497139e-02 1.891364992432707087e-02
2.570891120998633830e-02 2.054392321043514713e-02 1.660909715903636022e-02
2.732557223530251295e-02 2.104034693726884037e-02 2.774720117774228181e-02
4.215244804704280923e-02 2.516250582897795046e-02 4.073856090315328138e-02
3.468740219561205346e-02 3.712667174066995590e-02 6.443050930904030416e-02
3.235344500299612569e-02 2.023538344549225682e-02 2.067628262800622063e-02
4.908076420275418739e-02 2.860700510430788657e-02 1.979002875711382420e-02
1.971612928533390818e-02 1.281697132428522706e-02 1.182111145637420799e-02
2.693485636204199021e-02 2.267496186819546733e-02 1.183485387415306699e-02
2.807261620606450042e-02 1.811517679989555971e-02 1.658728034123163261e-02
2.337646357482128096e-02 1.682931638134721117e-02 1.045850128924371604e-02
2.723030039645972858e-02 2.975093348558601261e-02 1.520477905243115650e-02
1.913960664497224573e-02 8.891507845058517837e-03 1.279580252423234525e-02
2.125340743084445927e-02 1.367554940220692787e-02 1.253129380900835400e-02
5.499516738221420231e-02 5.182610890826763045e-02 3.116965002905180276e-02
4.180128052110165110e-02 3.440829220053482490e-02 2.657608808024839245e-02
5.592809487903711158e-02 5.092611067774123479e-02 3.611812409915273608e-02
5.252190509185619693e-02 2.305868632316723094e-02 1.328722635087009954e-02
3.505939460366331445e-02 2.249057857039528027e-02 2.629115049667856210e-02
5.056098309898547638e-02 2.396519138300456236e-02 1.293546078372163378e-02
5.779300996792828549e-02 3.080335366259273969e-02 3.495873202900448562e-02
6.225635647867019951e-02 4.244903486957234823e-02 3.802819921924388558e-02
5.799431026748050333e-02 4.741223776510117283e-02 7.332277484029826875e-02
2.531774777883827321e-02 1.064277046144104441e-02 7.611371846567849264e-03
2.814661971257069462e-02 2.497951051760549657e-02 2.046896819095267092e-02
2.249561818819095435e-02 1.162622977084772947e-02 1.465997891558015395e-02
2.531517714237271899e-02 2.546880264816367423e-02 1.275987970059924183e-02
3.776964997199940693e-02 3.429222735661034693e-02 2.397031270193247104e-02
6.491580035779266622e-02 3.268644652291542718e-02 9.146758873124739841e-02
4.479640493368325371e-02 3.327700187648358759e-02 1.497036709716048804e-02
3.386068090331576658e-02 2.288286305114890090e-02 1.848344790999457629e-02
5.244251571501789416e-02 3.298388471371793002e-02 2.357699159285650894e-02
3.344902184386560479e-02 3.649180593974860054e-02 1.834071795354821205e-02
5.580164962514453514e-02 4.813158931847410366e-02 2.811243176729635862e-02
7.901854827589585573e-02 5.844138708844300034e-02 4.025586335155120765e-02
3.042180936103877631e-02 2.122050205351095481e-02 1.498314626429696900e-02
2.138308734372970990e-02 1.538520403256561815e-02 9.771218752023002815e-03
4.004695991370882391e-02 2.595209745344384186e-02 1.922543867155373024e-02
2.782002611083121690e-02 1.777627481107089263e-02 1.009779494051704640e-02
4.829449980114824958e-02 2.763410510008698640e-02 2.215229152968180640e-02
3.676955101199572140e-02 2.169008390243256160e-02 1.824738203195536493e-02
4.785369022194004007e-02 3.497160654998102830e-02 2.780112281288483686e-02
5.366681344334944814e-02 4.646883266235286164e-02 2.831143582753946342e-02
5.207287669258762325e-02 3.016940520052792743e-02 2.834807927302831349e-02
2.764191088824431708e-02 1.972745909975155004e-02 1.196147890454516728e-02
3.418761257130952663e-02 3.293633218371369575e-02 2.664388219322179341e-02
3.942269203407377381e-02 2.848436645011185459e-02 1.032353324700034485e-02
4.608059873355022790e-02 3.840675723923315382e-02 2.438303285664575326e-02
3.334342831224106074e-02 2.176802322771426504e-02 1.988939304531712679e-02
2.710617742740191807e-02 1.767867284436398789e-02 2.419960522155877730e-02
4.511249591503060929e-02 2.894400580788852179e-02 2.022635982601690349e-02
2.801895419791132491e-02 2.202988166658416055e-02 1.079374166142590616e-02
3.222506976617709601e-02 1.566127382372906746e-02 1.173319944635770572e-02
5.295088833600426759e-02 3.947966262849487984e-02 2.927120738197286007e-02
3.056236139802595217e-02 3.012199948298150548e-02 2.262556008517432535e-02
4.877810806464517174e-02 3.943737751211030124e-02 3.261049464919919816e-02
2.609772951056579457e-02 2.550012364095831374e-02 1.468448003568592099e-02
2.037429199598645574e-02 1.086160836670460247e-02 8.384827984188334207e-03
4.130240747562390763e-02 3.563577465591416527e-02 3.131500072752239211e-02
4.116957273189769673e-02 3.171060485890325048e-02 2.165760804058394426e-02
4.368038642537225291e-02 3.948887107185499595e-02 2.736349943745578633e-02
2.576079298706364373e-02 1.426279766989201579e-02 1.151563280710044164e-02
6.248018739521955800e-02 4.910491582767298469e-02 4.494083772617750439e-02
2.227733617966670687e-02 1.956634583561155799e-02 1.035626187897521235e-02
2.689490976710511017e-02 3.571372175610129651e-02 2.454169331851255992e-02
4.161451243455275423e-02 2.578801010582951886e-02 2.184923361484245735e-02
4.564396017212741380e-02 4.323696778119828082e-02 2.954480562640247193e-02
3.195327039107723199e-02 3.595163802665776037e-02 2.609901151475110814e-02
4.442657479083356176e-02 5.534392771336844874e-02 3.053416014123484790e-02
4.028362607421365899e-02 3.638192732611778002e-02 1.189167773481632495e-01
5.672242811545092495e-02 3.544788582104033137e-02 3.528065627367998891e-02
7.043849464426686635e-02 5.195152760348957510e-02 3.283126821793945493e-02
3.705097822171375677e-02 2.592722807978237870e-02 1.362675476232838405e-02
3.984399319729375194e-02 2.508172523874219531e-02 1.617101016284963264e-02
3.558757674644209140e-02 3.587597795697072128e-02 1.878244705158742950e-02
2.066473637814606606e-02 1.525308782133599945e-02 8.707921684009242019e-03
3.768720870826752084e-02 2.705208692386196906e-02 1.910355855629142577e-02
6.704093149607640023e-02 8.584980655587057252e-02 4.120614530855072621e-02
4.304334449615111746e-02 2.715116619972548356e-02 2.370761352984242579e-02
3.480548184016064167e-02 2.335350173312000094e-02 6.486531069876989852e-03
3.002164172624910421e-02 2.193685975920305065e-02 1.691502813971577576e-02
3.204774998722368512e-02 2.481061502884033751e-02 1.789103954066173854e-02
2.037384951849518719e-02 1.404555566225114058e-02 1.041999146968479277e-02
2.424339014730641020e-02 4.060637394411069356e-02 1.856713710491125421e-02
2.676683304771306990e-02 1.389047258983151095e-02 9.599438343158196371e-03
2.997539025461190207e-02 1.990937718408096122e-02 1.346630705733693582e-02
3.476252057584719446e-02 1.712797807238195316e-02 9.872292732462407960e-03
2.145323973701708173e-02 1.080609309586483616e-02 1.444426157982598227e-02
3.885284616344168718e-02 2.785092647417866316e-02 1.754920900066336484e-02
3.831441390559526400e-02 2.460327009797967646e-02 2.313198111749687966e-02
3.958978664295793176e-02 3.485473328228221729e-02 2.373434447901886374e-02
2.680900731544868035e-02 2.072303595686986882e-02 1.611367021212226081e-02
1.571038982139748297e-02 8.385032297446758792e-03 1.039629790529115853e-02
2.141209641915022346e-02 1.694001545944007203e-02 7.543365038514865568e-03
4.386827493301501124e-02 2.862355948966741406e-02 2.919928450398460648e-02
2.830814747377619761e-02 2.930151569020791880e-02 2.147483787672973404e-02
5.319065594332258312e-02 5.906851906908522354e-02 2.028146298362585448e-02
3.348300664495837409e-02 1.992975342629896979e-02 1.861431849713069894e-02
3.856908475505174683e-02 2.671268689906352092e-02 1.806147546056845188e-02
3.497360397391278269e-02 2.450308754256683152e-02 1.814075895083017836e-02
3.889980400663791554e-02 4.545880332601988372e-02 1.998591948749430317e-02
2.342153455293924380e-02 1.718199393580394085e-02 1.349275357087947533e-02
2.654099184735730574e-02 2.541465068516378378e-02 1.082559186367728493e-02
4.751783502017861704e-02 2.659526195176012409e-02 1.591000260110033565e-02
2.800033959885329590e-02 1.665474403344865961e-02 1.319688134396812193e-02
3.508739623102174326e-02 3.194940354913355235e-02 2.597557673273739529e-02
2.456595185772566040e-02 1.935598049029070220e-02 1.203034730085978006e-02
3.052009469017102905e-02 2.362366570825268075e-02 1.368396971175821208e-02
3.905634248343291953e-02 2.751852423083644972e-02 2.395010149945921499e-02
6.134344816876945161e-02 5.166555000081628213e-02 4.513546035643391935e-02
2.813897482503627603e-02 2.985471640850137498e-02 1.496310534468144396e-02
3.282139487065156153e-02 3.194420086890979726e-02 2.117110601992042845e-02
2.764202171476616912e-02 2.743974229307410279e-02 6.337398117548131982e-02
4.427172896983528477e-02 3.496332943503085988e-02 2.495995273899506706e-02
5.425091909080104191e-02 4.198297667866110472e-02 2.935618154279248659e-02
3.096312934219013283e-02 3.402878615493391129e-02 2.056903107599546837e-02
3.896813691621717896e-02 4.189403548893856633e-02 7.217332465364240113e-02
3.428249911267663985e-02 1.694927129674761099e-02 2.205458780308106395e-02
3.616943385001036848e-02 2.921097285138337177e-02 2.469097162269383652e-02
2.023914479536669669e-02 9.400364717693222155e-03 7.775855878885849434e-03
3.611337096234660399e-02 2.679973463022298358e-02 2.315934539067376549e-02
3.300506119397664251e-02 3.567653727615265752e-02 1.805442502082670042e-02
3.062563565758260470e-02 2.656482884171094266e-02 1.378444651460119380e-02
4.425658225827961562e-02 3.289854282090202281e-02 2.041587604652337143e-02
5.463379559718687523e-02 4.452744758110865897e-02 2.497103399021972925e-02
4.314965506774357668e-02 2.700419047086595470e-02 2.195805689354017598e-02
3.744250197479634390e-02 2.958281481859572140e-02 2.069825282268001124e-02
2.237349565285555800e-02 9.025916251804233861e-03 6.723662133295735602e-03
2.168505521135160805e-02 1.119473080188023578e-02 9.465711447330002817e-03
4.012802928607931557e-02 2.269579242310318379e-02 1.229155304952299528e-02
4.688697320981199956e-02 3.192474669177125524e-02 1.606892328049546598e-02
3.802195736768307355e-02 3.770795270846925840e-02 2.230239573547951326e-02
5.153164402382742759e-02 2.630054254436845623e-02 1.848752380708406154e-02
3.693395181938731453e-02 3.254205825708553906e-02 1.955471887548778862e-02
3.100023271004325245e-02 1.089576025312988250e-02 1.020531479931706745e-02
4.008892527572455178e-02 4.028689726436211760e-02 2.769097302528003568e-02
4.075630086129275464e-02 2.457744875148606956e-02 1.789888903578585114e-02
6.688587553359501281e-02 5.464338443151647851e-02 2.810926304017113270e-02
4.031427904625627806e-02 1.917526487480668979e-02 1.453860186945286556e-02
4.733370178849759247e-02 3.916869069615944166e-02 2.590125661377358154e-02
2.177982499425060864e-02 1.647049871782512928e-02 1.390066229745427241e-02
3.877664860133078067e-02 2.706425841136935254e-02 1.587353534864732740e-02
3.658755916764475091e-02 4.357045357568435640e-02 2.573941569059937096e-02
5.196178794758712222e-02 2.517395178480913431e-02 2.531737681844345444e-02
3.804761705486730400e-02 3.813122480856046687e-02 2.299227065934425496e-02
2.395685983331478919e-02 1.139481756331666568e-02 7.067054776705587564e-03
2.880380309620966459e-02 1.296291556993454941e-02 1.361096061037573614e-02
4.027227061373824663e-02 1.659743416410953618e-02 1.651340915622691308e-02
2.727418910136947608e-02 1.813877767260320753e-02 9.492756069433555891e-03
2.713409301157106851e-02 1.703561201337269390e-02 2.104790770351554902e-02
3.160407260890733816e-02 2.472285736231127212e-02 1.307016458508351679e-02
2.794763180128518112e-02 2.077119532771851476e-02 2.100476005158460197e-02
3.642716257796667356e-02 2.406172646610733531e-02 2.176262423008311353e-02
6.166212510493277593e-02 3.422587659050163600e-02 2.386755189502488134e-02
3.335634907167796259e-02 2.921790616222261910e-02 1.748359914129391304e-02
5.401073885496272819e-02 3.387495114784606909e-02 2.961074408611319084e-02
2.770123152167083824e-02 1.778681219657140405e-02 9.989511329963906422e-03
4.373777753796308232e-02 3.964777609301081696e-02 2.900921612340435357e-02
4.438837815029651052e-02 3.868189528309230740e-02 2.087444564473700873e-02
3.783677874816424730e-02 2.099468695039359220e-02 1.802265326380884936e-02
4.368774332274700384e-02 3.402136787305745647e-02 1.808741039483464930e-02
5.019209898712978513e-02 3.133139535039369122e-02 1.458179731609215816e-02
3.888620081151816787e-02 2.394781027776488047e-02 1.577828926366081630e-02
4.437606397956677523e-02 3.364160330816957228e-02 2.134529016382329808e-02
2.907579192861304077e-02 2.025838309327310932e-02 1.595492116680052169e-02
3.786568726563981774e-02 2.594100107284562015e-02 1.239130721106418594e-02
5.875914487406763698e-02 4.408629572415845299e-02 2.387529599620417248e-02
2.946521223802078815e-02 2.047443261403853604e-02 2.405336310881567990e-02
7.393622090970183858e-02 6.420652720587569084e-02 3.351971482735610630e-02
3.050644461207023539e-02 2.336244071874473555e-02 2.035264394986047859e-02
4.912916899138358717e-02 4.254061130701710519e-02 3.578677586066411620e-02
1.873106258339885324e-02 1.822136075561291840e-02 4.723251156107201310e-02
3.255944660141320279e-02 2.525089527099077386e-02 1.289760604954415593e-02
3.120875330859884667e-02 3.003798270024684788e-02 7.494632947617829895e-03
2.873808778273664183e-02 2.781651122371234935e-02 1.448226243795687311e-02
2.038349133097869595e-02 8.765280895861636903e-03 1.589052608692964608e-02
2.873652852490248683e-02 2.429857231134794487e-02 1.443876169861592687e-02
3.421930739633712720e-02 2.404513378641123800e-02 2.257769325906359981e-02
3.420241611545412480e-02 2.027384946025642676e-02 1.537564455006559978e-02
4.573497469213001765e-02 3.403452767596068518e-02 2.287830960904582017e-02
3.494819490523322358e-02 3.734304403938060180e-02 2.309136780280410944e-02
1.761777429747067927e-02 1.351402976914340727e-02 4.183270851427573628e-03
2.430837639245259432e-02 2.435985410205677298e-02 8.509645205954444180e-03
4.974947900936904643e-02 2.564780873578940967e-02 2.347217902312130622e-02
3.275861940225147095e-02 2.962129805938545565e-02 2.177787663649428246e-02
3.240730471347811475e-02 2.023339016564310033e-02 5.529394656720307277e-02
5.061645820151000619e-02 3.518279364149599214e-02 1.772404082559898494e-02
2.795590598727577814e-02 1.231811014166959983e-02 1.570514150564963213e-02
2.559003029969800225e-02 2.191222388745053817e-02 1.711895383050567043e-02
3.711707118029186625e-02 1.926586439881690718e-02 1.377003237991869522e-02
4.635300889320111140e-02 3.516878358710742031e-02 2.068974124930049452e-02
2.645432005199853387e-02 2.599645133470099290e-02 1.911763377026867716e-02
2.283309576962891385e-02 2.643850679471908618e-02 1.386549572034110819e-02
4.306124763733959471e-02 2.207986114408523257e-02 1.867532750683641510e-02
4.567257903081060888e-02 2.569810035714878427e-02 7.809467429307557010e-03
3.375519120150526770e-02 3.061457837615049957e-02 2.058865749087009783e-02
4.579329817374918482e-02 2.399309439314427708e-02 2.679924845469970618e-02
2.256921726801992822e-02 9.781398647698506116e-03 1.950956264039540103e-02
2.835974178075351473e-02 3.195979675147778837e-02 2.357935467510853533e-02
5.806698452671455596e-02 3.492266080579543852e-02 2.992855985813412667e-02
4.759026183891877648e-02 4.026354765219351817e-02 3.749553861730592352e-02
5.567573141899371386e-02 2.519908769392455172e-02 1.948926926599250584e-02
3.368789806263502301e-02 2.140166978890323951e-02 1.614815052048581764e-02
3.364843494801702389e-02 2.837185128686846650e-02 2.686169584246089065e-02
6.473579333755509480e-02 3.931792484527731751e-02 7.207666725317408984e-02
3.095452626062302620e-02 3.258409216700165062e-02 2.233987812319497904e-02
5.148060822047991619e-02 4.469429049136897786e-02 3.517896055480238676e-02
2.736484964309242665e-02 2.653193080300054324e-02 5.812637909116345758e-02
1.833443372278563063e-02 1.238704680190258478e-02 1.680430651514121937e-02
5.405117860772470223e-02 3.313841917350989624e-02 1.813320401512698299e-02
2.687874491518691539e-02 2.417411157035762037e-02 9.937504618078426763e-03
3.848460086589429452e-02 1.754441383660787848e-02 8.334800738131866241e-03
2.852205260685317448e-02 1.703627541425216385e-02 1.304388496645940074e-02
3.327168891621808122e-02 3.446656181021834353e-02 1.759035035369999403e-02
3.556498590659938619e-02 2.323454485268375974e-02 1.413143584025655652e-02
4.689212037320134030e-02 2.449374477505371697e-02 3.230296840031719047e-02
2.587751294628443804e-02 1.821242382992421110e-02 1.419758135870374111e-02
2.827528307822205905e-02 1.637100954270702402e-02 1.531419607448627866e-02
2.973936272949760651e-02 2.358249143125864394e-02 1.967392768527927854e-02
2.425575889074848765e-02 1.845904327990849358e-02 1.740500606025920799e-02
4.144022275533117139e-02 2.305063850480397122e-02 1.497193926716547038e-02
4.223354402317979622e-02 4.656491435717619726e-02 2.093621857148252399e-02
3.550288359358461099e-02 2.824799605197778757e-02 1.545544962520531244e-02
2.743836496948777112e-02 2.973591137455325675e-02 1.629588468437907084e-02
3.782737267424968186e-02 1.646285999197429073e-02 1.308822156037930950e-02
3.564101080467302340e-02 4.150020909763797727e-02 1.615743331432236557e-02
3.397564453054625205e-02 1.448004600647414403e-02 3.709871302126231674e-02
3.384368417712392552e-02 2.616459911661860038e-02 8.171209292127650653e-03
4.169393752447690671e-02 3.014485886710260160e-02 2.246528380332597427e-02
3.071942977828146307e-02 2.623917169990138201e-02 1.499448986641549117e-02
2.622558392421131881e-02 2.775293210567061561e-02 9.337891372626826170e-03
2.450084013175524850e-02 1.553027849064975673e-02 1.350223627006238124e-02
3.994711924638282702e-02 2.432075396526131583e-02 1.613732292358347961e-02
2.629862231101661244e-02 2.502949729259995940e-02 1.054641802337950851e-02
3.912887060683172685e-02 4.128720395948496519e-02 1.708895588414303598e-02
6.810396306880037165e-02 5.259232705751978876e-02 3.382723985479627743e-02
5.821891547117406113e-02 5.860036202675755757e-02 3.253203807322637559e-02
3.367925000940200780e-02 2.154199273088714534e-02 2.038046235368867753e-02
1.842392443111616832e-02 1.280174760737601974e-02 8.520571942042559632e-03
2.659050161816432431e-02 1.918799757837186953e-02 4.526854091854615875e-02
3.086696090646138049e-02 2.658450299554284899e-02 1.560354438619010638e-02
3.503965953209792206e-02 2.059514436219833655e-02 1.148411839552173491e-02
1.686355817101418270e-02 1.636114247284621570e-02 1.076040452319055457e-02
3.709793280106737229e-02 3.320196471136455107e-02 8.173312980647916282e-02
6.910364703387245067e-02 2.778651024006055861e-02 1.867172419864988192e-02
3.454420493735523012e-02 3.295132058913524675e-02 2.343499417494940631e-02
3.248657483498260806e-02 2.193839273445528926e-02 1.477969665041656971e-02
3.820545257318698484e-02 1.625747785893324332e-02 9.389138017947704085e-03
4.956271928785541819e-02 3.519817979264083102e-02 2.264301644745955744e-02
2.550886887398671685e-02 2.075662163354504569e-02 5.066375964951626287e-02
1.963202089015972374e-02 1.118804391760622186e-02 1.043377398476563050e-01
2.855780854087452275e-02 1.635976629205465604e-02 8.760204971608440139e-03
4.940691141585103890e-02 3.499816572939116327e-02 2.149354799069357752e-02
4.118117067939339876e-02 4.305764196742532107e-02 2.457384719409394166e-02
3.024228550138182911e-02 2.100152081730797746e-02 1.958724247697617160e-02
4.302459002948252897e-02 2.905663692444556898e-02 2.648825529504654150e-02
4.460788825838940541e-02 1.840166972339352808e-02 1.819936374758861566e-02
2.559460948678102254e-02 2.178060254028824777e-02 1.814148708412673811e-02
4.996438248665041604e-02 3.306793415050017504e-02 1.896185273258528189e-02
4.424972550578212122e-02 4.338876676193855614e-02 3.777999156835726985e-02
4.081711988152963988e-02 3.082790220582285606e-02 2.724348273590403158e-02
3.059375198114197211e-02 2.635311730035127739e-02 2.035169051786670305e-02
3.146734257648635402e-02 2.659642444029263267e-02 2.064020175778743388e-02
2.855285696609921597e-02 2.511905800203439315e-02 9.403627102448507483e-03
2.726324766558493873e-02 2.829543248420996610e-02 1.686478548778473294e-02
2.777833472891835798e-02 2.054415747916286256e-02 1.361411154008502003e-02
3.581174839899292639e-02 3.343178629570199567e-02 1.919104518302270496e-02
5.348463900739169191e-02 3.878933176375834457e-02 2.485983166601870437e-02
3.884389537031729400e-02 2.838640163515487522e-02 1.912028372115716704e-02
4.004855850635790498e-02 2.485417055086194468e-02 6.495826496296266961e-02
2.277282631585561545e-02 2.232520605118344659e-02 1.608818488677767056e-02
2.037226745007991030e-02 2.084564853531108847e-02 1.349910964301846879e-02
3.602153133978876903e-02 1.605896546123869104e-02 2.548238626427014319e-02
3.180609655087314469e-02 1.950535463206369211e-02 1.876735821020073663e-02
3.206988406832569222e-02 2.869707483017866489e-02 1.741920941069689463e-02
4.222797601126374034e-02 2.752148007166921664e-02 1.965150107336792809e-02
2.000525300773541709e-02 8.731544664888745561e-03 6.907944080711042947e-03
3.635327009327565112e-02 2.923634702701460517e-02 4.123942374157929525e-02
2.227620906010729235e-02 2.185372236321440897e-02 1.544731155654611478e-02
4.503496199414016438e-02 5.224153813202553343e-02 2.551278794402647362e-02
4.256474538030195071e-02 2.645089542221254475e-02 1.386161834757314651e-02
4.965565048515745150e-02 3.214451043663626995e-02 2.594059335938161959e-02
3.717821892591127719e-02 3.012209494232472029e-02 2.752094613664016198e-02
3.138291144192874998e-02 2.218913721837090583e-02 1.124667280553268839e-02
3.769351644112550054e-02 3.010441331502576590e-02 7.939077075564110464e-02
2.871271581896890634e-02 2.537576755056323782e-02 1.387162875647698912e-02
3.511892823542359099e-02 1.573478691467517301e-02 1.037636967888570273e-02
3.121922317960388465e-02 1.542630617987497330e-02 1.973959253884292192e-02
3.608010030253484129e-02 1.922965344555711484e-02 1.943277285092102555e-02
2.570124222463355743e-02 1.657187457533020047e-02 6.815930574065692804e-02
4.111042247220336038e-02 3.953382794682776258e-02 2.549307901415184818e-02
4.580321860308804449e-02 3.492628693778385834e-02 2.980840752529171495e-02
3.148721232555277277e-02 1.752392085092896803e-02 1.142484419863716572e-02
5.041688265347445824e-02 3.768151393042164232e-02 1.886163709596134011e-02
2.601186645757991994e-02 1.787733173254730384e-02 1.109723717459443551e-02
4.136206878997351205e-02 3.717169082139286374e-02 2.864939616661002497e-02
4.968413037852045799e-02 3.935551571663527953e-02 3.058632404388140699e-02
4.478238663795831853e-02 2.043360887009270516e-02 1.465860706038705705e-02
5.559942915665032348e-02 2.687820314736581728e-02 1.854582415386371586e-02
4.787099494279454387e-02 2.853303780231929501e-02 2.278787158488669584e-02
1.885338078661422806e-02 1.085050909749047006e-02 1.247250046274554075e-02
3.784390217445218058e-02 2.181149014568675715e-02 2.575843868741009568e-02
3.081096691667841586e-02 9.568747171891690828e-03 5.018413148049138267e-03
4.453571858270342909e-02 3.521245584748261548e-02 2.744315071240414558e-02
3.403092150493588347e-02 2.153838100881644985e-02 1.656922504371808116e-02
5.344808608252871879e-02 6.348532049027429125e-02 3.103170107970406461e-02
3.421326964939862963e-02 1.855064613323696016e-02 7.018411786322272493e-03
3.722685543968390354e-02 3.664870804256011028e-02 2.067894471853289062e-02
4.485030730222232254e-02 2.799321973608394354e-02 1.896602337094221297e-02
2.165378853076490098e-02 1.595090309411015608e-02 8.885022181412547543e-03
4.388168650954202277e-02 3.013986687870251480e-02 2.016399298680110475e-02
2.842891346515818637e-02 2.347453458095110149e-02 1.906846898393742620e-02
2.549376255002318639e-02 2.215187837465573337e-02 1.009883513295119564e-02
2.328984201093586143e-02 1.194044441103824482e-02 9.572666861526120050e-03
4.354245624007115067e-02 2.543951157319711276e-02 1.540316070529060451e-02
3.634534108674976338e-02 2.179940973251509595e-02 1.224531177681463870e-02
4.516967228128131173e-02 2.767565058658325028e-02 6.329849556924187215e-02
3.293622123440817506e-02 2.397591463510926821e-02 9.921595996744771856e-03
3.302004003142358646e-02 2.626994252816911013e-02 1.648773257554755553e-02
2.422706211306077662e-02 1.497081115915696939e-02 1.325716959693419746e-02
3.335076823596822004e-02 3.498233933339033042e-02 2.400858136206993759e-02
1.972615587448287716e-02 1.745484000894966317e-02 4.719935794144879126e-02
3.680889885481874318e-02 3.018429451489292037e-02 4.482546720001918950e-02
3.544889325016551546e-02 2.595668569362047720e-02 2.285422362626272907e-02
3.003180984642034312e-02 2.516081241133041879e-02 1.577615531154073492e-01
4.606548072855225218e-02 4.649107683011579478e-02 3.033468261195644208e-02
2.872231525283311035e-02 2.862569497756217718e-02 1.174707885584134505e-02
2.883883087442444537e-02 2.601184174209659333e-02 1.894169458842357920e-02
6.191502596782958584e-02 4.419374312454353582e-02 3.301079473146757703e-02
2.722562258570321303e-02 2.147809328480401736e-02 1.059217949056377207e-02
2.787867021188022987e-02 1.254197705246468987e-02 1.112735650720520983e-02
1.660791683735387408e-02 1.143474933565756003e-02 5.395896736758030304e-03
6.023446489434869378e-02 4.788881182463247677e-02 3.478109550845750325e-02
4.619592075382750185e-02 4.516775644985352584e-02 3.097913389688474253e-02
5.887188206335206703e-02 4.487743761348607363e-02 3.029437119254355798e-02
1.801368926598146888e-02 1.122094360304013057e-02 1.473775343108258210e-02
2.617946597483658197e-02 1.672121564207845051e-02 1.706724083710718654e-02
3.525786693272025402e-02 2.092580868296425520e-02 1.474603037807457190e-02
2.974687866833169991e-02 3.119155887359544368e-02 1.668318217791256788e-02
3.421587346616546121e-02 2.460588342653210331e-02 1.207889466699781610e-02
3.472525808431169841e-02 2.223421803391092272e-02 1.657909359646531078e-02
2.330323769229205449e-02 9.946362644259984162e-03 8.702593026218905306e-03
3.302831556280424324e-02 2.050720258738233243e-02 1.339026050742000984e-02
3.252733828234305458e-02 3.068982227274962699e-02 2.168125008569179654e-02
6.742134476537053889e-02 6.470136372839255245e-02 3.220607035272422813e-02
3.087836846376984523e-02 2.620908376937843356e-02 1.790593277855660401e-02
2.060324062198453168e-02 6.885230853183016420e-03 7.110938195268591035e-03
3.250700769621375080e-02 2.832355962156813192e-02 1.830984234571519931e-02
2.450242281604673306e-02 1.424164621640944782e-02 1.601191541571799631e-02
3.394895988862619424e-02 1.474868028466974970e-02 2.098760269522882693e-02
3.438209258944585622e-02 2.211632312002422690e-02 1.755140801728539632e-02
2.484506146756080072e-02 1.212764174636400509e-02 1.602641481952378835e-02
3.129610125231297585e-02 1.664057161622110523e-02 1.356924920006942828e-02
3.560671094736377051e-02 2.171692433866054608e-02 2.049689955753382364e-02
3.447677083273756327e-02 2.303721369940289407e-02 2.344715305102271913e-02
4.335259593801593647e-02 2.184759206865476838e-02 2.281123928140629115e-02
5.411023380569433827e-02 3.257119540431150512e-02 2.350508069041765818e-02
3.851596544345660400e-02 3.099448725945639499e-02 2.989836447859928886e-02
2.866845832102668176e-02 1.609621234768576770e-02 7.859554750767865777e-03
2.184852427775980932e-02 8.889910157745709723e-03 2.082351241752926005e-02
2.523564206885265185e-02 1.877137542226238465e-02 7.564921329870724978e-03
3.743266485928010284e-02 2.147120859500817325e-02 1.219085776504243677e-02
2.661749046435715402e-02 2.814153589534633057e-02 2.400168416432420584e-02
4.745520522652285633e-02 3.326779295122843372e-02 2.668365976714474896e-02
3.226559262453845139e-02 2.097571457857033694e-02 5.223415283242835438e-02
3.668813996005010347e-02 2.313834970501874380e-02 2.029233699869506871e-02
3.359306092938033755e-02 3.812109596047977972e-02 2.492023234549764488e-02
3.340833461496904577e-02 1.409709945656227766e-02 9.386512770456666849e-03
4.237828192799508037e-02 2.991277303310261454e-02 2.369402147291816904e-02
3.215296736648507597e-02 2.034475198460222040e-02 1.648560328133481107e-02
2.375623003142385628e-02 1.675564367760735279e-02 9.899625905850875651e-03
4.034145261859651416e-02 2.448537608311205163e-02 2.222701543218509601e-02
3.281560677564643314e-02 2.074300081137394128e-02 1.885176548509759353e-02
2.683779573221820730e-02 2.379146260256983017e-02 1.975685290887789838e-02
2.899778938100983083e-02 2.789129246814122526e-02 1.081361283851028747e-02
2.054119723879011331e-02 1.490407895536321331e-02 9.209722600634188266e-03
3.963269543686948754e-02 2.844375570908971168e-02 2.478856045656202198e-02
4.087260250912826132e-02 3.012052379701991509e-02 1.826905483227778473e-02
3.218701131993546849e-02 2.645793689262411832e-02 1.509364690394254804e-02
3.029405478624514272e-02 2.950296998533236126e-02 1.904590433753492254e-02
3.022104052049649422e-02 2.475031905380198696e-02 8.441433939509704332e-03
2.855417120107005269e-02 8.215225147411147136e-03 1.457300275757863507e-02
2.883773085685182452e-02 2.348049473361178696e-02 1.837459311223471614e-02
2.057456443808304558e-02 8.581240768729868351e-03 3.418621223641486045e-02
8.537653402299444361e-02 5.483745730244881517e-02 4.588681521004952385e-02
2.842425022204742371e-02 8.689472039685253515e-03 3.593505335891327562e-02
2.859815440785026808e-02 1.979356401613874966e-02 2.048656347011815204e-02
5.970519652263934357e-02 5.141149816610049439e-02 3.177136277047171165e-02
1.957129618130032389e-02 1.227716635708711937e-02 1.583333303088983041e-02
3.660239894961907908e-02 1.688233960645994444e-02 1.195411935036955198e-02
2.797611958760432699e-02 2.220753764181737644e-02 1.037825543536012238e-02
4.094014006658540372e-02 2.632396804034736054e-02 1.573849448949435001e-02
3.920208121917152094e-02 2.567404820321724998e-02 1.639489907572254726e-02
5.399201857404368338e-02 3.171913395878300790e-02 1.696458042081161813e-02
5.564888714108510298e-02 4.595774619273612638e-02 4.112143916392233672e-02
4.219032460710388927e-02 3.540164309486529270e-02 2.388142808394169009e-02
3.172151771020594729e-02 3.429409705920700296e-02 2.408445097036467086e-02
5.030493780089950046e-02 4.248987853768190770e-02 2.425204311955528672e-02
2.922482762757742589e-02 2.081113943216988602e-02 1.981792353809024368e-02
3.708340590953419086e-02 2.454413294989975236e-02 1.358776332937902502e-02
3.877702123014188651e-02 2.979447470681810539e-02 1.998063422348543908e-02
3.782576924115319678e-02 3.451805489351731510e-02 1.463213320831289327e-02
2.503534733811761323e-02 1.344509413139476604e-02 6.332685487573934575e-03
3.532420765216232050e-02 2.963634219324686250e-02 1.981561226894341249e-02
5.624977658095638156e-02 6.909087471028935168e-02 1.563054057385623308e-01
2.483607830167373562e-02 1.355549064500495560e-02 1.127672085284582917e-02
2.941218590263630292e-02 2.574951636988915410e-02 1.572642438273150547e-02
3.296105156298945182e-02 2.107050275959978375e-02 1.587922267954725020e-02
3.668994508269473459e-02 1.708645475717898016e-02 1.312591310512895536e-02
3.316841693967462895e-02 2.198650401852638922e-02 1.477631855306652496e-02
7.331249140637020878e-02 4.848562288349057836e-02 3.840873875706571350e-02
3.353325553724998548e-02 3.674473988318476686e-02 2.156733542282315841e-02
1.757550252882839406e-02 1.414820643770357128e-02 8.480245071984287425e-03
1.962482457813011921e-02 1.564044426550013911e-02 9.557941161750106718e-03
3.120036883087897242e-02 2.137245997948553078e-02 7.543053737116149626e-02
3.779760446300974019e-02 2.388997879457720880e-02 2.086644694234349173e-02
2.330593505827173798e-02 1.129456386278143015e-02 1.497798482343654786e-02
3.880613483330085101e-02 1.788415509957586025e-02 1.045367835460619607e-02
2.056953054576993872e-02 1.517831077783301022e-02 1.051756964154371317e-02
3.685089460790419436e-02 2.063173752618156775e-02 2.295613468754361189e-02
2.666086223817361323e-02 2.217710787705978043e-02 2.136534759129352784e-02
4.489363825581233619e-02 3.029182482422933947e-02 2.897017162029187978e-02
2.058768505032274737e-02 1.936527256232560210e-02 1.368301351194872034e-02
3.227023539394878460e-02 2.115346304712057909e-02 1.352641541816064150e-02
5.637274687290675518e-02 8.516514576137773629e-02 3.785916980127058962e-02
1.553962793861707499e-02 9.752446086504124728e-03 1.112947643780083824e-02
2.291440674757352219e-02 2.802644867281504221e-02 1.675565126618472345e-02
4.231898518234125661e-02 3.300666354014195059e-02 2.115509521344745292e-02
3.173742336864094488e-02 2.450326021159430351e-02 1.293463561240210634e-02
3.627838086600481543e-02 2.647016166630281747e-02 1.486116969915798197e-02
2.929127155200348179e-02 2.792815498206462077e-02 1.484587061530471055e-02
7.586668961646000908e-02 4.981299810439004244e-02 3.805902359676855556e-02
2.846185615597188537e-02 1.320676853574529602e-02 7.143580031398162784e-03
4.491575742533920196e-02 4.562587278307882882e-02 4.161650962909844986e-02
2.303543240871772438e-02 1.995752929656958649e-02 2.119036144566235902e-02
2.777595071893357651e-02 2.702615502185512150e-02 1.220893072673739921e-02
5.004297939130345624e-02 3.974172440952866703e-02 2.078460398004976922e-02
2.046694009059734504e-02 1.072149828337431304e-02 1.555811190764373915e-02
4.765621095223771669e-02 2.036549779354741158e-02 2.769243875984947825e-02
4.332450918045734761e-02 3.082640836212793833e-02 3.427475758647628018e-02
4.458941111435024696e-02 3.177040988974498548e-02 2.275635754297740745e-02
2.507410647109572718e-02 3.076350613438621692e-02 1.238339936603616992e-02
4.374326622142377802e-02 3.106585305762509658e-02 2.185411267892557741e-02
4.203753014416339306e-02 2.486853976373497657e-02 1.982500629310168100e-02
2.632033717416838378e-02 2.641204382232352835e-02 4.769609029798858868e-02
6.254184134948702345e-02 5.072341240026320697e-02 3.126393602980785669e-02
2.987604765620564470e-02 2.000266218622429384e-02 1.161892749315201513e-02
4.383066261058829460e-02 4.498708281813381532e-02 1.649726287661905377e-02
3.560495035351318727e-02 2.497574581400860763e-02 1.680097748235713506e-02
1.928289817154979491e-02 9.067485311105336065e-03 1.090565099768478485e-02
6.455567506436488134e-02 6.451189051362320181e-02 3.516188007596427606e-02
2.400201450391113364e-02 1.831629651969152867e-02 9.765228792548026268e-03
2.445153064035834531e-02 1.805164415630275757e-02 6.644494644622714503e-03
3.408389867135644402e-02 2.622049907182385370e-02 1.575684205468895829e-02
4.296486355816984959e-02 1.586689055810270796e-02 1.885144724389349602e-02
5.023879666555695900e-02 3.165008763045491086e-02 3.736523021302804587e-02
2.522893344538254881e-02 3.071311416220513096e-02 1.077883756207405341e-02
2.988549637719522395e-02 2.275058930091460735e-02 3.761298241127310205e-02
4.376284180190088274e-02 3.531613559228664184e-02 2.505288017036812892e-02
4.067955510204941671e-02 1.299962454394929315e-02 1.131381922499603322e-02
4.496106942209945889e-02 2.789685718716237647e-02 1.611977158595454679e-02
3.403601935205963908e-02 2.242470667868546458e-02 1.233971402892926859e-02
2.952598747268259452e-02 2.220511013254643229e-02 1.810609531600052002e-02
2.001682215773540469e-02 1.972817879757213580e-02 1.543689482232497683e-02
2.735066728663605728e-02 1.410978737022075546e-02 1.090481556193835695e-02
4.055663907798945367e-02 4.206481361299868604e-02 2.194312917156879261e-02
5.113747609715019876e-02 2.681078905372339533e-02 1.631265412247358271e-02
1.572090713503279669e-02 7.160560386123650256e-03 7.899324201750821881e-03
4.812712801521044220e-02 3.592219942654683446e-02 3.276202118249428585e-02
2.891619951079415704e-02 1.365617487822083295e-02 8.626010575683013340e-03
2.685462397791038916e-02 1.678794148107053824e-02 9.594458753075230800e-03
2.654449403695683177e-02 2.889968694572255664e-02 3.613959017944358421e-02
5.223555993381917562e-02 3.267113212736053041e-02 2.111111814687714403e-02
3.152349131121536668e-02 2.024196212119847710e-02 1.564517058912912387e-02
3.529280935684706022e-02 1.525156813555186841e-02 1.287426334015450737e-02
3.201528119459125243e-02 2.090500427656405771e-02 4.850137079264267570e-02
2.427143314979545233e-02 1.128960175573399602e-02 9.859378791062647918e-03
2.701707080800230462e-02 1.025648631028048229e-02 5.397592335855842804e-03
5.467119373989072495e-02 4.066593011571216498e-02 3.026185464565297675e-02
3.196470133621939075e-02 2.533988509062677641e-02 1.752238875934517340e-02
3.441114701223250277e-02 1.815141464070728003e-02 1.747510337406584999e-02
6.215321923311029062e-02 2.845634763323911381e-02 2.006242640078408773e-02
2.591143789069214054e-02 3.447698913797116876e-02 1.790493028458562189e-02
2.915810393375299972e-02 2.309113889412520507e-02 2.808004377510869148e-02
3.780309507004613739e-02 2.613676173157349764e-02 2.262199561844368406e-02
6.065729148201152304e-02 3.987577520663746627e-02 4.108724268428576298e-02
4.879904388008889093e-02 3.611836509542179496e-02 8.432506815362991737e-02
3.200523542417761658e-02 3.173558761410309736e-02 2.382814995006450609e-02
3.043866551197415768e-02 2.617179092049035441e-02 1.568826021184839201e-02
2.673176932580802884e-02 2.001781494161637004e-02 1.225775188548552073e-02
2.348146236744138096e-02 1.990466559241968816e-02 1.336929649701209394e-02
2.152154418850542664e-02 7.135196572106927704e-03 9.708056390950898021e-03
3.473054921608067364e-02 2.157606333569833668e-02 1.108855864255166995e-02
2.964927636034330946e-02 2.192072692796402308e-02 1.227182879769763042e-02
2.582987377014880556e-02 2.578048000143303223e-02 1.806734036915892683e-02
3.028023543167119788e-02 2.413015851054910871e-02 1.566690102053095932e-02
3.125273623828795505e-02 3.215431653297821241e-02 1.634121567467574851e-02
2.864621338977135431e-02 2.097849574236570688e-02 4.794976041176761405e-02
