1.138370982262418979e-01 9.215059097897877749e-02 3.326094650964993293e-02
7.185386493451340062e-02 4.536518488342100586e-02 4.852145182353378300e-02
5.947944675321935326e-02 2.230654559023593705e-02 1.891364992432707087e-02
6.706296915034534734e-02 3.490135417572391013e-02 1.660909715903636022e-02
7.275429990985966822e-02 2.562790489976905089e-02 2.774720117774228181e-02
5.361018744597672442e-02 3.401152956679011352e-02 4.073856090315328138e-02
8.665357734348598517e-02 6.377442194754770477e-02 6.443050930904030416e-02
6.122541424020510464e-02 3.380275766553213906e-02 2.067628262800622063e-02
7.417748240037919105e-02 4.505548408853600473e-02 1.979002875711382420e-02
4.518709724671849531e-02 2.179762446743850959e-02 1.182111145637420799e-02
6.994973214004883422e-02 5.577723535744782274e-02 1.183485387415306699e-02
5.082100198892887388e-02 2.687954564247208716e-02 1.658728034123163261e-02
4.265366473914613404e-02 2.759170569532868461e-02 1.045850128924371604e-02
6.279339537478363653e-02 2.991840370928291679e-02 1.520477905243115650e-02
5.309629943016639514e-02 1.837647966034339220e-02 1.279580252423234525e-02
3.318073770457791866e-02 1.287802091585851100e-02 1.253129380900835400e-02
6.399381306076090681e-02 6.553678075881641529e-02 3.116965002905180276e-02
8.438233842045005095e-02 5.128909143904780699e-02 2.657608808024839245e-02
1.118675899951400293e-01 7.593280549341399621e-02 3.611812409915273608e-02
5.149746397615170140e-02 5.596975438855882057e-02 1.328722635087009954e-02
7.000872401001760614e-02 3.419773624613284269e-02 2.629115049667856210e-02
8.467095613469127757e-02 4.010316471183793946e-02 1.293546078372163378e-02
8.068499417036745225e-02 4.581226485451385388e-02 3.495873202900448562e-02
6.606724559397192387e-02 6.762517317675621753e-02 3.802819921924388558e-02
9.328327487291621090e-02 6.168380020938558222e-02 7.332277484029826875e-02
4.977259122132881436e-02 1.661147415484755252e-02 7.611371846567849264e-03
6.922115809857079527e-02 2.933233104611684960e-02 2.046896819095267092e-02
4.827132800743790669e-02 2.565024020182540485e-02 1.465997891558015395e-02
5.715530085416704875e-02 3.041146760114169303e-02 1.275987970059924183e-02
6.065424430484493007e-02 4.892994232742731153e-02 2.397031270193247104e-02
6.446884551638064342e-02 5.624143771006338832e-02 9.146758873124739841e-02
7.650972570273317785e-02 5.135794507067786147e-02 1.497036709716048804e-02
5.555210307339982639e-02 3.303688759719390633e-02 1.848344790999457629e-02
9.215351149244715989e-02 5.504924425756396039e-02 2.357699159285650894e-02
6.130219859786706360e-02 5.675163324937892995e-02 1.834071795354821205e-02
9.259545406838053105e-02 6.156057268183393744e-02 2.811243176729635862e-02
1.058346562468424901e-01 1.072045007329107957e-01 4.025586335155120765e-02
5.747388096508092292e-02 3.313188611400665062e-02 1.498314626429696900e-02
4.446067454716960687e-02 5.891538723285720813e-01 9.771218752023002815e-03
8.068292753273198503e-02 4.003372470637452107e-02 1.922543867155373024e-02
5.846688550933087231e-02 2.896568481464413883e-02 1.009779494051704640e-02
8.069261638359463695e-02 4.429668351963940431e-02 2.215229152968180640e-02
5.847448329187879268e-02 3.292628407571382421e-02 1.824738203195536493e-02
8.367639336349984303e-02 4.935220732962589812e-02 2.780112281288483686e-02
8.957846989470030774e-02 6.232453028443689369e-02 2.831143582753946342e-02
7.618359663368572121e-02 4.646117875360954858e-02 2.834807927302831349e-02
4.492568896006772505e-02 3.034889241215318195e-02 1.196147890454516728e-02
6.592184074047643949e-02 4.868910471322381028e-02 2.664388219322179341e-02
4.363957842797878961e-02 2.410793492060265067e-02 1.032353324700034485e-02
7.251749596658797758e-02 4.837614034143455921e-02 2.438303285664575326e-02
6.032252391606329756e-02 3.184927204556144142e-02 1.988939304531712679e-02
6.165571507117312278e-02 2.487878425574838182e-02 2.419960522155877730e-02
7.146084925431582524e-02 3.561870575354055685e-02 2.022635982601690349e-02
9.270414011237994301e-02 3.248661354415794539e-02 1.079374166142590616e-02
5.748336382768375746e-02 2.230082907853036395e-02 1.173319944635770572e-02
8.259854913300376800e-02 5.622557823531799948e-02 2.927120738197286007e-02
6.208454988688053705e-02 4.532622179557972003e-02 2.262556008517432535e-02
8.381576713668460743e-02 6.040027880890112832e-02 3.261049464919919816e-02
4.874511087443247209e-02 3.286991078388551424e-02 1.468448003568592099e-02
4.652945596655288368e-02 1.343476279839357981e-02 8.384827984188334207e-03
8.593355419410815543e-02 5.017636194600973154e-02 3.131500072752239211e-02
7.575339551376007730e-02 4.670721880221649636e-02 2.165760804058394426e-02
7.810644397732004196e-02 5.589046466902421184e-02 2.736349943745578633e-02
5.514250292059579700e-02 2.374462977854150530e-02 1.151563280710044164e-02
1.255321970957962163e-01 6.443057608271313130e-02 4.494083772617750439e-02
5.551702095041535778e-02 2.754025648635061163e-02 1.035626187897521235e-02
6.268409457344678581e-02 4.561394343038574495e-02 2.454169331851255992e-02
7.828492400407036089e-02 4.077027735268878850e-02 2.184923361484245735e-02
8.262191399579797702e-02 6.422941468352816319e-02 2.954480562640247193e-02
6.724539733379839013e-02 4.562588171691588784e-02 2.609901151475110814e-02
6.606865212520998676e-02 8.303288608382289326e-02 3.053416014123484790e-02
8.939307642908173035e-02 6.402854499231690200e-02 1.189167773481632495e-01
1.009881640253103147e-01 4.724309665235486289e-02 3.528065627367998891e-02
9.223862080676650810e-02 7.629810853997417985e-02 3.283126821793945493e-02
6.495480945375768644e-02 4.169651838185974013e-02 1.362675476232838405e-02
7.272089125052028091e-02 4.191771503837703888e-02 1.617101016284963264e-02
6.096294711818665141e-02 5.137496503173224344e-02 1.878244705158742950e-02
5.610277994489447362e-02 2.647222513135698979e-02 8.707921684009242019e-03
6.668726236170513522e-02 4.132063869486719832e-02 1.910355855629142577e-02
1.008207226891899705e-01 1.200588662008257590e-01 4.120614530855072621e-02
5.425250207101890709e-02 4.621465011445057697e-02 2.370761352984242579e-02
5.801190915304910850e-02 4.611700063674325362e-02 6.486531069876989852e-03
7.211895416142345694e-02 3.410218676699721535e-02 1.691502813971577576e-02
4.809251578410320832e-02 3.927704946637320532e-02 1.789103954066173854e-02
3.624152017130289477e-02 2.004737156831380013e-02 1.041999146968479277e-02
5.818444505043365161e-02 5.857219074362240985e-02 1.856713710491125421e-02
5.822668950288157480e-02 2.538324407124186236e-02 9.599438343158196371e-03
8.801214798218563728e-02 5.274791334598570580e-02 1.346630705733693582e-02
6.046987602022761699e-02 2.905758928822989307e-02 9.872292732462407960e-03
4.250921989994679157e-02 2.049555866951928082e-02 1.444426157982598227e-02
7.068879079578369029e-02 3.671379868527595985e-02 1.754920900066336484e-02
6.390009022150011653e-02 4.108273053845729744e-02 2.313198111749687966e-02
7.946776528035844056e-02 6.331908915202155708e-02 2.373434447901886374e-02
6.133911900562134811e-02 3.397621062954377102e-02 1.611367021212226081e-02
4.335685057221770611e-02 2.018683756026666554e-02 1.039629790529115853e-02
4.369743675465782157e-02 3.230995786079549764e-02 7.543365038514865568e-03
6.566331125868991869e-02 4.134545126645634838e-02 2.919928450398460648e-02
4.625708546558957718e-02 4.161401993992554227e-02 2.147483787672973404e-02
7.459164053814588968e-02 8.076888750602355393e-02 2.028146298362585448e-02
5.553069294951291923e-02 3.294016997659708623e-02 1.861431849713069894e-02
6.601801042323282576e-02 4.208878277535418877e-02 1.806147546056845188e-02
5.968288071263446598e-02 4.016561258250671979e-02 1.814075895083017836e-02
7.810851170736628213e-02 4.577904750295709591e-02 1.998591948749430317e-02
6.329620900513513448e-02 3.108353772395884215e-02 1.349275357087947533e-02
5.879009017031019274e-02 2.377492578794877104e-02 1.082559186367728493e-02
7.108451065749926689e-02 3.633937529998104710e-02 1.591000260110033565e-02
5.396993723455956182e-02 3.179776009699331052e-02 1.319688134396812193e-02
6.302311401874653718e-02 4.360378482792067606e-02 2.597557673273739529e-02
5.435520100498359569e-02 3.186941099463700550e-02 1.203034730085978006e-02
6.423887524740042043e-02 3.541332216739307565e-02 1.368396971175821208e-02
8.287223431988276212e-02 4.745741877931787533e-02 2.395010149945921499e-02
1.204952185824066935e-01 8.427696186425751024e-02 4.513546035643391935e-02
5.627550526758825361e-02 2.598983306459852136e-02 1.496310534468144396e-02
7.509076310986162461e-02 3.606108161918390731e-02 2.117110601992042845e-02
5.068752212038562383e-02 5.296609897132577294e-02 6.337398117548131982e-02
6.563555786218421007e-02 5.174197763264966332e-02 2.495995273899506706e-02
7.381309565963449504e-02 6.826741509867975677e-02 2.935618154279248659e-02
6.316306416345554564e-02 5.545809377914622668e-02 2.056903107599546837e-02
6.172403835482030005e-02 5.059869048984822620e-02 7.217332465364240113e-02
5.477321667068069805e-02 2.024945824597731286e-02 2.205458780308106395e-02
6.690903629926409080e-02 4.384013414673890163e-02 2.469097162269383652e-02
4.558752042053074854e-02 1.839776408308694058e-02 7.775855878885849434e-03
6.681298947692834722e-02 4.224523454084810198e-02 2.315934539067376549e-02
6.568888395530134150e-02 4.534416204485546692e-02 1.805442502082670042e-02
6.489632750041357534e-02 4.280366088984979139e-02 1.378444651460119380e-02
7.182309775283510223e-02 4.786913713265343595e-02 2.041587604652337143e-02
1.096481280686442128e-01 5.247756126263895815e-02 2.497103399021972925e-02
7.497145763912579919e-02 3.623825657904183178e-02 2.195805689354017598e-02
6.192862528985196985e-02 4.079129762173498708e-02 2.069825282268001124e-02
4.028745635090570654e-02 1.771751559498360717e-02 6.723662133295735602e-03
6.233235635133525104e-02 1.507960212027552316e-02 9.465711447330002817e-03
7.061874921167106411e-02 3.498367845844563284e-02 1.229155304952299528e-02
6.787844436729978392e-02 4.535029851316371707e-02 1.606892328049546598e-02
7.598597377256660623e-02 4.826724563868263485e-02 2.230239573547951326e-02
8.036894527317536840e-02 2.273020988229698322e-02 1.848752380708406154e-02
5.770605634477353474e-02 4.525624963247565358e-02 1.955471887548778862e-02
5.987737080262835188e-02 2.216131703301388658e-02 1.020531479931706745e-02
9.578897156555468695e-02 5.483872207871033633e-02 2.769097302528003568e-02
6.913036517979134765e-02 4.061341690597888854e-02 1.789888903578585114e-02
8.856524095269893704e-02 8.747274945605817975e-02 2.810926304017113270e-02
6.710664171345999407e-02 3.837892113018456092e-02 1.453860186945286556e-02
7.963189679313284475e-02 7.123529817558189869e-02 2.590125661377358154e-02
4.635589508252652147e-02 2.762025782995152640e-02 1.390066229745427241e-02
7.156174707563060788e-02 4.199432573741214425e-02 1.587353534864732740e-02
7.757022459651265189e-02 3.703836428278005077e-01 2.573941569059937096e-02
6.908546130861725754e-02 3.640859616571437418e-02 2.531737681844345444e-02
6.230144272641715414e-02 5.170178166435075717e-02 2.299227065934425496e-02
5.274371406569691029e-02 8.311477122855315258e-02 7.067054776705587564e-03
5.633827718163041814e-02 2.609876549659363026e-02 1.361096061037573614e-02
4.514021041293329178e-02 1.713012556717514318e-02 1.651340915622691308e-02
7.084969813301950081e-02 2.723215838669998390e-02 9.492756069433555891e-03
6.363963189339179316e-02 2.707036961044263085e-02 2.104790770351554902e-02
7.365923007071777107e-02 3.551060087242312313e-02 1.307016458508351679e-02
7.131783316838397058e-02 3.044197722886119242e-02 2.100476005158460197e-02
6.190236520227212352e-02 4.157666948602344731e-02 2.176262423008311353e-02
8.106371563931745461e-02 2.253823651780345258e-02 2.386755189502488134e-02
6.928905107394875418e-02 3.722336671036935440e-02 1.748359914129391304e-02
7.611604047679863816e-02 4.780559366951005196e-02 2.961074408611319084e-02
4.039745761602406976e-02 1.021236824075500566e-02 9.989511329963906422e-03
9.260787303374391766e-02 5.492566955786416100e-02 2.900921612340435357e-02
1.143956263441083254e-01 5.824806710968253448e-02 2.087444564473700873e-02
7.397013149008513366e-02 3.024609670406028933e-02 1.802265326380884936e-02
9.047001414344384151e-02 7.875638011782998271e-02 1.808741039483464930e-02
7.081672622554384400e-02 5.223021395085341440e-02 1.458179731609215816e-02
6.946834094842808949e-02 3.769329634775075988e-02 1.577828926366081630e-02
8.705221616000377582e-02 4.654428579490978157e-02 2.134529016382329808e-02
5.417826808652823761e-02 3.363293051543803092e-02 1.595492116680052169e-02
5.748166799882485634e-02 3.554502553342925308e-02 1.239130721106418594e-02
1.088683075885970158e-01 5.054398122056998066e-02 2.387529599620417248e-02
5.210291092627852144e-02 4.513280130716617461e-02 2.405336310881567990e-02
1.180078689798854524e-01 9.253273688558517895e-02 3.351971482735610630e-02
6.873700778894503705e-02 2.975458177548199329e-02 2.035264394986047859e-02
9.322512236321935097e-02 8.270636219902900710e-02 3.578677586066411620e-02
4.174616930597326719e-02 2.605666208441069498e-02 4.723251156107201310e-02
6.443492986141469148e-02 4.489829665661820846e-02 1.289760604954415593e-02
4.820457602955886822e-02 2.316975282505133460e-02 7.494632947617829895e-03
5.098395655633466972e-02 7.542376887589720413e-02 1.448226243795687311e-02
6.731426554630852432e-02 1.811393140616251660e-02 1.589052608692964608e-02
6.057539843843528365e-02 4.355425196675325600e-02 1.443876169861592687e-02
6.851818579926442776e-02 4.080107419566725291e-02 2.257769325906359981e-02
5.006559351465646873e-02 2.563584835917956384e-02 1.537564455006559978e-02
7.863304203456523978e-02 5.816408754109112650e-02 2.287830960904582017e-02
5.691546501427106886e-02 4.433397284877577116e-02 2.309136780280410944e-02
4.524606267795196896e-02 1.665424221801960203e-02 4.183270851427573628e-03
5.330449290370541104e-02 3.542790392057119236e-02 8.509645205954444180e-03
5.521689521760906466e-02 3.811381635693329717e-02 2.347217902312130622e-02
5.740012232959597338e-02 4.439048160197645032e-02 2.177787663649428246e-02
6.125729622938657498e-02 4.026334265039387128e-02 5.529394656720307277e-02
9.123760976110222021e-02 5.147130545973661875e-02 1.772404082559898494e-02
4.694374927295556083e-02 1.122850843963191236e-02 1.570514150564963213e-02
5.299857793717688281e-02 3.690976529273388290e-02 1.711895383050567043e-02
4.916087252049759077e-02 2.877073134850606159e-02 1.377003237991869522e-02
9.151597423957150146e-02 4.324103056910982151e-02 2.068974124930049452e-02
5.133911070128586995e-02 4.204440284957387114e-02 1.911763377026867716e-02
5.685569723709366086e-02 4.053154814153298036e-02 1.386549572034110819e-02
7.012737177799197030e-02 3.783954966311341844e-02 1.867532750683641510e-02
6.655568385763269146e-02 4.344471799162913372e-02 7.809467429307557010e-03
4.508020277584805224e-02 3.624389126570594366e-02 2.058865749087009783e-02
7.283793493370525896e-02 4.530325856664638856e-02 2.679924845469970618e-02
5.013243793437658496e-02 1.874155412338451149e-02 1.950956264039540103e-02
5.068829414375723014e-02 4.871316164643970520e-02 2.357935467510853533e-02
1.023312460303419519e-01 5.356907877724690487e-02 2.992855985813412667e-02
9.045103116065196514e-02 6.135902261463264951e-02 3.749553861730592352e-02
9.649486046395797101e-02 4.043293099858916856e-02 1.948926926599250584e-02
6.379365171831202774e-02 3.750675217465909705e-02 1.614815052048581764e-02
7.782779983500234811e-02 5.890277262009949860e-02 2.686169584246089065e-02
9.361908010887222409e-02 6.310834573840826134e-02 7.207666725317408984e-02
5.763185569391744006e-02 6.011702038919856245e-02 2.233987812319497904e-02
1.079541317614118312e-01 6.073152126618626412e-02 3.517896055480238676e-02
5.911455776494855402e-02 5.634843262641890671e-02 5.812637909116345758e-02
4.036758964468704913e-02 3.844020904336782618e-02 1.680430651514121937e-02
9.380340094393631312e-02 5.112513697778003213e-02 1.813320401512698299e-02
7.847884306987051861e-02 3.228815388811119569e-02 9.937504618078426763e-03
6.067674816198833504e-02 2.630821806033750709e-02 8.334800738131866241e-03
6.602985373921188561e-02 3.482998314123507411e-02 1.304388496645940074e-02
6.933658174064823154e-02 4.738891267324049639e-02 1.759035035369999403e-02
6.507775254310953217e-02 3.117205929124120672e-02 1.413143584025655652e-02
7.640146485032062174e-02 3.922051846826328514e-02 3.230296840031719047e-02
6.500238761877655258e-02 3.374944004586554608e-02 1.419758135870374111e-02
7.084642671777478806e-02 3.328758217171262634e-02 1.531419607448627866e-02
7.398161892353923019e-02 3.681542955069408429e-02 1.967392768527927854e-02
6.367689821403001160e-02 3.004048700505416655e-02 1.740500606025920799e-02
5.497738783625405468e-02 6.135623991764692364e-02 1.497193926716547038e-02
8.502710443438063481e-02 1.074944015432641731e-01 2.093621857148252399e-02
7.012254132005184271e-02 5.448299542930912925e-02 1.545544962520531244e-02
5.861130059822010352e-02 6.832298390707811642e-01 1.629588468437907084e-02
5.042386998207885190e-02 2.406105284901690830e-02 1.308822156037930950e-02
7.072300163942990547e-02 7.616543170073361568e-02 1.615743331432236557e-02
5.925631039402508293e-02 3.255035089051436237e-02 3.709871302126231674e-02
6.743345500588772412e-02 3.719869156447414005e-02 8.171209292127650653e-03
7.635653382461757288e-02 5.367647079070847482e-02 2.246528380332597427e-02
5.001214653458101872e-02 4.148485507969827679e-02 1.499448986641549117e-02
7.397355094450841495e-02 4.382367504041152773e-02 9.337891372626826170e-03
5.765211982679260133e-02 3.708964184791443963e-02 1.350223627006238124e-02
7.327817266866457069e-02 4.352451825361487725e-02 1.613732292358347961e-02
5.893415094630737733e-02 4.323715783602403995e-02 1.054641802337950851e-02
6.123522341339340813e-02 6.243090957470630309e-02 1.708895588414303598e-02
9.603737573698215013e-02 7.551977186307430590e-02 3.382723985479627743e-02
8.898688396708112625e-02 9.370242402840119056e-02 3.253203807322637559e-02
6.155568042649545851e-02 3.240180001720511377e-02 2.038046235368867753e-02
5.621089777295922713e-02 1.623934887886852724e-02 8.520571942042559632e-03
6.399028710236022433e-02 3.354458374740051929e-02 4.526854091854615875e-02
6.677226787585129053e-02 4.000982285834817076e-02 1.560354438619010638e-02
6.144629279096999047e-02 3.573418083200782802e-02 1.148411839552173491e-02
4.054180346879882046e-02 2.323929475367803379e-02 1.076040452319055457e-02
6.303997448117011626e-02 5.662645088135624671e-02 8.173312980647916282e-02
8.824231581840373539e-02 4.991259378748095360e-02 1.867172419864988192e-02
6.743523351762077678e-02 5.036958007814942850e-02 2.343499417494940631e-02
6.092879228983512363e-02 3.111824029712450743e-02 1.477969665041656971e-02
7.063368210810197501e-02 2.802212684129007370e-02 9.389138017947704085e-03
9.267384976117205853e-02 5.248819961404604245e-02 2.264301644745955744e-02
4.316734998685117092e-02 3.166082397813230892e-02 5.066375964951626287e-02
4.783637434039964692e-02 1.762149244532258685e-02 1.043377398476563050e-01
8.901543499641602353e-02 3.011577477071248482e-02 8.760204971608440139e-03
6.908554171420722145e-02 5.639321278726175390e-02 2.149354799069357752e-02
8.356719485815861104e-02 4.424234623317020026e-02 2.457384719409394166e-02
5.488005748589325217e-02 2.765376945603696679e-02 1.958724247697617160e-02
8.383693020546112429e-02 4.527486353761880217e-02 2.648825529504654150e-02
5.081639789276115593e-02 1.811490926542490623e-02 1.819936374758861566e-02
5.644774821775157964e-02 3.393640426351985512e-02 1.814148708412673811e-02
8.941131210235256366e-02 5.739152366783521059e-02 1.896185273258528189e-02
7.822875278035712476e-02 5.572325796497687445e-02 3.777999156835726985e-02
6.421596101315873995e-02 4.174414988471845250e-02 2.724348273590403158e-02
5.711195245604202414e-02 4.144297638297598368e-02 2.035169051786670305e-02
6.357633540482800216e-02 4.250705738088098040e-02 2.064020175778743388e-02
6.071820284999952799e-02 3.725334595770282697e-02 9.403627102448507483e-03
8.118001523399460961e-02 4.972982022993710505e-02 1.686478548778473294e-02
5.842269957273134307e-02 3.752288588434886385e-02 1.361411154008502003e-02
7.084717687754993332e-02 3.858466375604640425e-02 1.919104518302270496e-02
7.106317560020590507e-02 2.017451353543742165e-01 2.485983166601870437e-02
8.920003323088575298e-02 5.118765544907073056e-02 1.912028372115716704e-02
8.195143752007794102e-02 4.380273576026646326e-02 6.495826496296266961e-02
4.322356551050158396e-02 3.098732798619375020e-02 1.608818488677767056e-02
4.037143247287244829e-02 2.354709823312448741e-02 1.349910964301846879e-02
6.978844427361442782e-02 2.656701513014992147e-02 2.548238626427014319e-02
6.439462620708723273e-02 4.523635689935218140e-02 1.876735821020073663e-02
5.040266614346353147e-02 4.792729069322627239e-02 1.741920941069689463e-02
5.109977391814666398e-02 2.994833524054887897e-02 1.965150107336792809e-02
6.093186797090926338e-02 1.528688258235282732e-02 6.907944080711042947e-03
6.314863252403885019e-02 3.497697471921077522e-02 4.123942374157929525e-02
3.223967764637490629e-02 2.029159080787890784e-02 1.544731155654611478e-02
8.622324615213532162e-02 7.516030536227630288e-02 2.551278794402647362e-02
6.236629861461805147e-02 5.882895673393911257e-02 1.386161834757314651e-02
8.127112271824177281e-02 4.778678578313487468e-02 2.594059335938161959e-02
7.015216425996402549e-02 4.807829371647018291e-02 2.752094613664016198e-02
6.227462368121811781e-02 2.815765415311483055e-02 1.124667280553268839e-02
7.522328037259916333e-02 4.340555627985918929e-02 7.939077075564110464e-02
7.126708014460712837e-02 4.377229563423653408e-02 1.387162875647698912e-02
6.121273610561067668e-02 2.529809482314093749e-02 1.037636967888570273e-02
7.281149910575709927e-02 2.504486322727024136e-02 1.973959253884292192e-02
5.785326078037407449e-02 3.471428232400436409e-02 1.943277285092102555e-02
6.339693277562193086e-02 2.619313465133676216e-02 6.815930574065692804e-02
9.396591010332086547e-02 6.538224642916876106e-02 2.549307901415184818e-02
7.015714584567302181e-02 9.116619156066990692e-02 2.980840752529171495e-02
6.293879750270661710e-02 3.252809720622761025e-02 1.142484419863716572e-02
7.822490271755733193e-02 6.694441965895850388e-02 1.886163709596134011e-02
6.255569021929224816e-02 2.332615079889774692e-02 1.109723717459443551e-02
7.967035847909434421e-02 4.982484579722504248e-02 2.864939616661002497e-02
9.156813465572670452e-02 5.975426933249790296e-02 3.058632404388140699e-02
8.099187650947602124e-02 5.520469021191423686e-02 1.465860706038705705e-02
7.911910531717307460e-02 2.412900994271359109e-02 1.854582415386371586e-02
1.158139319837570846e-01 5.218933380473228523e-02 2.278787158488669584e-02
3.200004848249951572e-02 1.534768696516279618e-02 1.247250046274554075e-02
6.079192377521142054e-02 3.844348274728047465e-02 2.575843868741009568e-02
4.533642201195892812e-02 2.047043111844516761e-02 5.018413148049138267e-03
6.603696202495509815e-02 6.057184381192183553e-02 2.744315071240414558e-02
6.952994669959336460e-02 2.719082605421509202e-02 1.656922504371808116e-02
9.238806155386633523e-02 9.381991237584348664e-02 3.103170107970406461e-02
5.995165337936218114e-02 2.791158510003478518e-02 7.018411786322272493e-03
8.529694232624109029e-02 5.622094455273009966e-02 2.067894471853289062e-02
6.684327751088792180e-02 4.634398239893817301e-02 1.896602337094221297e-02
6.360777985977243698e-02 3.378648981243995153e-02 8.885022181412547543e-03
9.220449251991220951e-02 5.785040255995672204e-02 2.016399298680110475e-02
4.493796497844210897e-02 3.836011956398772266e-02 1.906846898393742620e-02
5.485377059436786357e-02 3.314768318378247952e-02 1.009883513295119564e-02
5.148570636220822089e-02 2.617651696459525820e-02 9.572666861526120050e-03
6.000371352688563253e-02 1.039078209833588229e-01 1.540316070529060451e-02
6.564200695010646847e-02 2.996905754190864329e-02 1.224531177681463870e-02
7.038294909947119538e-02 8.498602691524352604e-02 6.329849556924187215e-02
6.718107615905309637e-02 3.961223704074723351e-02 9.921595996744771856e-03
7.452420981598097127e-02 2.339739310336588080e-02 1.648773257554755553e-02
7.073185362452233393e-02 1.934188262414804349e-02 1.325716959693419746e-02
8.805244841875600748e-02 5.386835743502059459e-02 2.400858136206993759e-02
5.535949606056226463e-02 2.718747146989458283e-02 4.719935794144879126e-02
5.516407386525833817e-02 3.044822351022744705e-02 4.482546720001918950e-02
6.241595562621658766e-02 3.447258213151163653e-02 2.285422362626272907e-02
6.240777131025519731e-02 3.794085341686537216e-02 1.577615531154073492e-01
7.790159791277319334e-02 6.346013206396805550e-02 3.033468261195644208e-02
5.046341131395589569e-02 4.912078473757038044e-02 1.174707885584134505e-02
8.150408911383308364e-02 6.112026879157188980e-02 1.894169458842357920e-02
8.142043913471638805e-02 7.156772027040486650e-02 3.301079473146757703e-02
4.121791934315743866e-02 2.949246700886659633e-02 1.059217949056377207e-02
4.549139884875202933e-02 1.836851033094438757e-02 1.112735650720520983e-02
3.610902434168459380e-02 1.353506534974034670e-02 5.395896736758030304e-03
8.925687318531518033e-02 6.924072827245844608e-02 3.478109550845750325e-02
8.434260217635120016e-02 1.124895302055104601e-01 3.097913389688474253e-02
8.618518687404465306e-02 6.035798634182557021e-02 3.029437119254355798e-02
3.809658433371675840e-02 1.933134057049045590e-02 1.473775343108258210e-02
4.492555060038281450e-02 2.346873733819943714e-02 1.706724083710718654e-02
6.980860118828979832e-02 3.799593148147329541e-02 1.474603037807457190e-02
7.815538296562483944e-02 6.343960427046207995e-02 1.668318217791256788e-02
5.691976243843020061e-02 3.435192867395259197e-02 1.207889466699781610e-02
5.580902932493526925e-02 2.804852162129547327e-02 1.657909359646531078e-02
5.153306546052650178e-02 1.979230207163336017e-02 8.702593026218905306e-03
6.152822459452109150e-02 3.987644841585113314e-02 1.339026050742000984e-02
5.351072589234732307e-02 3.808340694482049982e-02 2.168125008569179654e-02
1.022937763941744321e-01 9.714371642637767423e-02 3.220607035272422813e-02
5.820225495288488399e-02 3.885379686981129538e-02 1.790593277855660401e-02
2.907383304240515262e-02 1.298744356064176347e-02 7.110938195268591035e-03
6.041607191835542123e-02 4.477001624421748927e-02 1.830984234571519931e-02
5.152091674684657757e-02 1.181049915379834767e-02 1.601191541571799631e-02
6.314126564523962759e-02 3.409306921509914351e-02 2.098760269522882693e-02
5.850363934434799768e-02 3.257393132023037041e-02 1.755140801728539632e-02
3.795521832909224541e-02 2.077111283762261840e-02 1.602641481952378835e-02
4.027557515522946913e-02 2.715623850159518821e-02 1.356924920006942828e-02
7.404751833146643036e-02 3.748516201824909216e-02 2.049689955753382364e-02
5.018537785214498975e-02 4.645947702204526047e-02 2.344715305102271913e-02
6.392410663648338820e-02 3.198884891531644792e-02 2.281123928140629115e-02
8.238143339452122516e-02 5.515887838591536363e-02 2.350508069041765818e-02
6.917892050443069651e-02 4.771017960075675524e-02 2.989836447859928886e-02
4.727116510288057599e-02 2.587070951064656538e-02 7.859554750767865777e-03
6.264647928007011091e-02 1.677966830992068739e-02 2.082351241752926005e-02
4.950525965186408639e-02 2.961940002664934304e-02 7.564921329870724978e-03
7.115159839708275202e-02 2.876228304544998365e-02 1.219085776504243677e-02
4.338218967058941888e-02 3.472785200549144413e-02 2.400168416432420584e-02
8.057534260953998217e-02 4.941191724727005824e-02 2.668365976714474896e-02
5.689597111911660204e-02 3.389482692062389252e-02 5.223415283242835438e-02
7.158873183799045747e-02 3.786851601167028764e-02 2.029233699869506871e-02
7.159106443163021360e-02 6.522264661866521152e-02 2.492023234549764488e-02
3.424760522717357203e-02 1.512463178520671858e-02 9.386512770456666849e-03
7.101551888663627798e-02 4.360132609542310966e-02 2.369402147291816904e-02
5.946274959980894781e-02 3.326601435506597315e-02 1.648560328133481107e-02
5.157971781217379065e-02 3.128922200084801458e-02 9.899625905850875651e-03
8.703234721402322571e-02 5.667777464330914228e-02 2.222701543218509601e-02
8.129859364280793421e-02 5.401474602644731893e-02 1.885176548509759353e-02
5.995456022946191871e-02 3.404054457381745086e-02 1.975685290887789838e-02
4.750314382014253489e-02 3.282886544158604425e-02 1.081361283851028747e-02
3.914190001411633341e-02 1.786680936095332711e-02 9.209722600634188266e-03
6.742207483401510548e-02 3.589504444194635546e-02 2.478856045656202198e-02
7.016166468866462391e-02 4.744029776128724785e-02 1.826905483227778473e-02
6.538317450888686544e-02 4.076676088715065066e-02 1.509364690394254804e-02
5.001704359751587420e-02 4.461838043905221735e-02 1.904590433753492254e-02
3.903368048066417628e-02 3.347343319946326223e-02 8.441433939509704332e-03
6.384285408728326838e-02 1.847380537686409488e-02 1.457300275757863507e-02
6.082704335492775116e-02 3.523298922012837314e-02 1.837459311223471614e-02
4.481951943095725116e-02 1.203581107052827635e-02 3.418621223641486045e-02
1.283779897498372180e-01 1.179194231431640871e-01 4.588681521004952385e-02
4.819514980280191485e-02 1.381647359991041921e-02 3.593505335891327562e-02
6.355158468772635627e-02 3.316021739424182546e-02 2.048656347011815204e-02
8.104505290691417507e-02 6.298848833514085477e-02 3.177136277047171165e-02
4.738848954700999178e-02 2.319043889194967456e-02 1.583333303088983041e-02
7.113452955313122328e-02 5.220108585808806712e-02 1.195411935036955198e-02
5.912858168915975654e-02 4.262347405113697807e-02 1.037825543536012238e-02
8.069205176564127335e-02 3.983216961871749451e-02 1.573849448949435001e-02
8.228604287157802177e-02 4.140120533081354665e-02 1.639489907572254726e-02
7.940417007024681839e-02 5.639840067965631865e-02 1.696458042081161813e-02
9.335304250593907949e-02 6.907140697028271714e-02 4.112143916392233672e-02
5.938918239258625387e-02 5.738598896608319844e-02 2.388142808394169009e-02
6.302942108762733808e-02 4.690698908294425179e-02 2.408445097036467086e-02
9.037475791984454776e-02 6.569966839676454062e-02 2.425204311955528672e-02
6.611215175343351791e-02 3.216332991487735882e-02 1.981792353809024368e-02
5.942313134020218296e-02 3.251433360709665016e-02 1.358776332937902502e-02
7.885423137717999242e-02 4.341244209234008944e-02 1.998063422348543908e-02
7.850708100812485435e-02 5.590949276799910689e-02 1.463213320831289327e-02
4.767818727086641645e-02 2.120310049519730927e-02 6.332685487573934575e-03
7.827816876508403299e-02 3.890760511142449946e-02 1.981561226894341249e-02
1.250278856358919277e-01 8.256608862522681058e-02 1.563054057385623308e-01
4.372420310103899282e-02 2.428808596428669309e-02 1.127672085284582917e-02
4.030809519452019374e-02 2.553883948885066896e-02 1.572642438273150547e-02
5.463675386629208292e-02 3.492852423839411247e-02 1.587922267954725020e-02
7.837974443322011375e-02 2.325289310426991926e-02 1.312591310512895536e-02
9.326962707031530297e-02 3.704415285554897574e-02 1.477631855306652496e-02
9.997718828034728167e-02 8.176499346135873703e-02 3.840873875706571350e-02
5.813792023134760345e-02 2.952739109575600041e-02 2.156733542282315841e-02
4.618109348390668500e-02 3.277836408966090798e-02 8.480245071984287425e-03
4.611769005501580032e-02 2.486411157786683201e-02 9.557941161750106718e-03
7.067592053307643341e-02 5.209324235843554307e-02 7.543053737116149626e-02
6.193182410110707747e-02 5.285856564450785999e-02 2.086644694234349173e-02
5.234506046770006499e-02 1.902462530535150784e-02 1.497798482343654786e-02
5.467070894227928080e-02 3.649094870013196157e-02 1.045367835460619607e-02
5.190728861605316269e-02 2.960983318111535048e-02 1.051756964154371317e-02
6.111026396841045399e-02 4.138725538881322941e-02 2.295613468754361189e-02
5.572042231571532750e-02 3.264697862295769942e-02 2.136534759129352784e-02
8.298016399186414205e-02 4.813421063870786110e-02 2.897017162029187978e-02
5.372996579043908677e-02 3.029016954482558616e-02 1.368301351194872034e-02
5.326497764002170038e-02 5.189268450746051253e-02 1.352641541816064150e-02
1.015035378764223978e-01 9.724653318988571438e-02 3.785916980127058962e-02
4.522741180339194533e-02 1.442086915074997956e-02 1.112947643780083824e-02
4.839810465520066884e-02 4.779198240032134226e-02 1.675565126618472345e-02
7.367557001793373361e-02 4.344874264339987358e-02 2.115509521344745292e-02
6.930469824708612725e-02 4.111635421897060633e-02 1.293463561240210634e-02
6.936163310855575359e-02 3.444519209433394985e-02 1.486116969915798197e-02
7.205030810440109235e-02 4.004108811109634986e-02 1.484587061530471055e-02
9.573082158879527015e-02 7.709866590195045555e-02 3.805902359676855556e-02
6.874690651281907539e-02 2.859036154068585883e-02 7.143580031398162784e-03
1.039293642973294907e-01 6.199769224908731335e-02 4.161650962909844986e-02
5.087685897070082924e-02 3.118405755079727351e-02 2.119036144566235902e-02
6.217387709069409352e-02 4.534005637280597717e-02 1.220893072673739921e-02
8.607132677675402577e-02 5.952244280522478448e-02 2.078460398004976922e-02
5.217998636377237098e-02 1.452104552618757247e-02 1.555811190764373915e-02
5.826907797236017400e-02 5.636678922682621107e-02 2.769243875984947825e-02
5.848094912540010432e-02 1.082161197328496693e-01 3.427475758647628018e-02
6.489675389162967434e-02 4.734416233218805004e-02 2.275635754297740745e-02
4.866250459936646844e-02 4.196539464016234983e-02 1.238339936603616992e-02
5.946462445622168608e-02 5.162110337041937724e-02 2.185411267892557741e-02
8.053321308747793394e-02 4.174501603561712321e-02 1.982500629310168100e-02
5.590979897386924580e-02 3.530568562339540806e-02 4.769609029798858868e-02
9.232767288355776814e-02 7.113101317747197450e-02 3.126393602980785669e-02
5.577124231957755057e-02 3.153709926876952646e-02 1.161892749315201513e-02
8.652795385735344291e-02 6.506310926393277239e-02 1.649726287661905377e-02
5.628059254488337881e-02 3.042887105208286549e-02 1.680097748235713506e-02
4.137593541394746915e-02 1.716945364158989351e-02 1.090565099768478485e-02
1.049364483994244673e-01 1.163265342592616769e-01 3.516188007596427606e-02
5.702603189535564859e-02 3.684776159894016107e-02 9.765228792548026268e-03
5.880158050486755661e-02 6.850606575324744152e-02 6.644494644622714503e-03
7.123344213409438241e-02 4.161591642177374373e-02 1.575684205468895829e-02
5.861567659790011681e-02 2.774361452661073396e-02 1.885144724389349602e-02
1.001070651783567689e-01 4.985561851009255585e-02 3.736523021302804587e-02
4.184792559617472874e-02 1.727693289322477024e-02 1.077883756207405341e-02
5.694488843483402896e-02 3.464377670094738459e-02 3.761298241127310205e-02
6.683348068870770264e-02 5.808184607682536499e-02 2.505288017036812892e-02
4.696908273549944141e-02 5.111301100951148868e-02 1.131381922499603322e-02
9.299722194514462026e-02 5.031685143744342448e-02 1.611977158595454679e-02
5.101289900723909171e-02 4.954575881708958573e-02 1.233971402892926859e-02
5.564395004688201668e-02 4.714428468816058565e-02 1.810609531600052002e-02
4.751889565489786360e-02 3.103389472695129714e-02 1.543689482232497683e-02
4.318873267758149143e-02 3.015881940811863254e-02 1.090481556193835695e-02
8.395748896419560903e-02 4.755890514294817961e-02 2.194312917156879261e-02
6.452035075215609150e-02 4.210799702977391368e-02 1.631265412247358271e-02
3.649684202147922274e-02 1.405105294676272862e-02 7.899324201750821881e-03
8.826250713066986775e-02 6.521870532851772873e-02 3.276202118249428585e-02
5.448882440041490777e-02 2.197633197888452378e-02 8.626010575683013340e-03
5.157813274143431548e-02 2.543684012056687122e-02 9.594458753075230800e-03
5.502157015459775008e-02 3.068597789033648132e-02 3.613959017944358421e-02
7.539143128580740039e-02 3.986366243125362419e-02 2.111111814687714403e-02
8.541949483023539291e-02 3.536159089904614139e-02 1.564517058912912387e-02
6.788443670745010483e-02 2.801241596733751449e-02 1.287426334015450737e-02
5.470758761145264049e-02 3.133870300236052397e-02 4.850137079264267570e-02
4.203789125713663921e-02 1.773683336183870529e-02 9.859378791062647918e-03
4.466494733712718379e-02 1.180008441573538076e-02 5.397592335855842804e-03
7.624735873722890411e-02 5.427654751686483703e-02 3.026185464565297675e-02
7.128231398386393469e-02 3.921091619939064826e-02 1.752238875934517340e-02
6.046238395114654496e-02 3.476808367395315541e-02 1.747510337406584999e-02
7.068717731715240538e-02 3.715550481803182176e-02 2.006242640078408773e-02
5.843312119112839542e-02 4.643514329942962510e-02 1.790493028458562189e-02
5.434046222343270893e-02 2.887183396765725593e-02 2.808004377510869148e-02
6.911755286648967045e-02 4.264749694448070200e-02 2.262199561844368406e-02
9.780278375256679091e-02 5.277169569788760922e-02 4.108724268428576298e-02
8.453807727623945112e-02 5.213847611639387675e-02 8.432506815362991737e-02
6.089038882583847762e-02 4.937820184415518676e-02 2.382814995006450609e-02
6.565244570819764314e-02 4.952071273753603370e-02 1.568826021184839201e-02
6.716010892276290389e-02 7.864346662191566695e-03 1.225775188548552073e-02
4.844394021898609792e-02 2.277879387020529875e-02 1.336929649701209394e-02
4.189949444441948972e-02 1.031265281677906306e-02 9.708056390950898021e-03
7.925122213546000050e-02 3.124460495352671466e-02 1.108855864255166995e-02
5.341674708178493353e-02 2.547676695303946470e-02 1.227182879769763042e-02
8.063842486526308362e-02 3.931800624464040772e-02 1.806734036915892683e-02
6.062424336111986445e-02 2.893855990909288342e-02 1.566690102053095932e-02
6.848456644052598741e-02 4.183241544285239144e-02 1.634121567467574851e-02
5.804421125804225257e-02 2.998955601678989294e-02 4.794976041176761405e-02
