7.318092776075224570e-02 2.600840442267992811e-02 1.139455151021309155e-02
5.134484902140405704e-02 1.623101843645874745e-02 1.095201207817282640e-02
5.592704916889747191e-02 2.462565377798237032e-02 1.008303391307449441e-02
4.308267431111467705e-02 1.303103832708251905e-02 1.478226169941782887e-02
5.243314204908101211e-02 2.810245658775703884e-02 1.611590310750115815e-02
3.639216649423077099e-02 1.681146613394507092e-02 7.897533899966354895e-03
4.074176996774736548e-02 1.478890530881733258e-02 1.108129412390300959e-02
5.685233916127409304e-02 2.506457431020280013e-02 1.133179227362089703e-02
5.224195016421031429e-02 3.586414587802388976e-02 2.924698570570246486e-02
5.194206303513318468e-02 2.586334955952739392e-02 1.313343122919595832e-02
6.697692478442905661e-02 2.418783525490974390e-02 1.572570387451071097e-02
5.268358881030547891e-02 2.302033790841502212e-02 1.654987092790831046e-02
8.356809997138632540e-02 3.283277448809309579e-02 1.889050507658009831e-02
4.991244115971545797e-02 1.714746581127004135e-02 1.317352303706969922e-02
4.511676000227872463e-02 2.081746415709255851e-02 6.173718922369133243e-03
5.537698532930195733e-02 2.390725814557097609e-02 1.157994152244149443e-02
6.455536915167413292e-02 3.317966507981232743e-02 1.554597929731035486e-02
4.998764464928160539e-02 1.529599468562862184e-02 4.353773118631592415e-03
4.415748786470372056e-02 1.752826071209166378e-02 9.919099337780351230e-03
5.866635306458174715e-02 6.465755117598309676e-02 1.409486646560982083e-02
5.329789198978200637e-02 2.409967517787362998e-02 1.056086789047204662e-02
6.053802685337307532e-02 2.722018054228955708e-02 8.024647344974019172e-03
6.647442890687629835e-02 3.032306218288355337e-02 1.982122837844338403e-02
6.189060651298498167e-02 2.397821740602084500e-02 1.086145734145057412e-02
7.693823420594685103e-02 5.507836025738628571e-02 2.450593838921793360e-02
6.272269176631811716e-02 4.073722781964640716e-02 1.867538793113626000e-02
5.232022634601424249e-02 2.309414494341834045e-02 1.003189914318139420e-02
6.762370453901354883e-02 2.769402689216183405e-02 2.092673094562431946e-02
5.917390876554974588e-02 2.555365452408342453e-02 1.369740377095044447e-02
4.856347270849583481e-02 1.770738503666732105e-02 1.060607490645379403e-02
4.964463959290995460e-02 5.077528330028738268e-02 2.158762551395128348e-02
7.726752454183657970e-02 3.945912315184592345e-02 1.321286577820463513e-02
5.588193870116658912e-02 2.505384853442860216e-02 1.251357857158789597e-02
5.378553468490232525e-02 2.359178291191363352e-02 1.306656240117834433e-02
8.139244086390036437e-02 4.630105623084775079e-02 2.632203478366281976e-02
5.458445898375585692e-02 2.772406293104562325e-02 1.671805555690853221e-02
4.930872550587066944e-02 2.973592772171180718e-02 1.056851570455594018e-02
7.007025507649222718e-02 2.890794871557500478e-02 2.611712260033114893e-02
5.174657443535934931e-02 4.746863903172279103e-02 9.113763398559985782e-03
4.285400711157239667e-02 2.185667247921165013e-02 7.742835954259641787e-03
4.142115801583656776e-02 1.922948982526404005e-02 1.464473135792235432e-02
5.642382698251863227e-02 2.441064490228839548e-02 1.384978186375754663e-02
6.553209900226013296e-02 4.005098437529808209e-02 2.193893777089385780e-02
6.168408531546624995e-02 3.926535242393153213e-02 1.997561185401429754e-02
2.927383904761637901e-02 9.041635882783231187e-03 3.998081427853849255e-03
6.838127067578647633e-02 1.932842606929031926e-02 1.079154680639462897e-02
5.349876457756604087e-02 1.975238969351084117e-02 8.476017526491221032e-03
6.087801257607623751e-02 3.728654883667159581e-02 1.137620202496292601e-02
6.075719429905961783e-02 2.458744688224634434e-02 1.598202092238640293e-02
8.247687202082792934e-02 4.440221229541874842e-02 2.379948303874596452e-02
5.465399761917222321e-02 5.714993125183014111e-02 1.472086257088012738e-02
4.969209488927103097e-02 1.769335731218348029e-02 1.277842081940078547e-02
4.836575488131072964e-02 2.153715738113843453e-02 1.545272480257247130e-02
5.453442231852751593e-02 2.914162065729285905e-02 9.058403126517698689e-03
6.268099308464407382e-02 3.172949383755301056e-02 1.512112724453512462e-02
5.751268054506076394e-02 2.128595564200234241e-02 2.022690876281595801e-02
7.858331455820617706e-02 2.671266053878874197e-02 2.004412023214596772e-02
4.670339694878894443e-02 7.533027792085156271e-02 7.710654098338915949e-03
4.641368467384424101e-02 1.111698406899673877e-02 4.085657556673642429e-03
5.117068328088976437e-02 2.648627783864276539e-02 1.302253425858871695e-02
4.912263568993410767e-02 2.187519779519405544e-02 1.291870014198993541e-02
5.059624833033541519e-02 2.260107125152329560e-02 2.019339600676284610e-02
4.771567243359835925e-02 1.590908046541488971e-02 8.570380316767305801e-03
4.403971463045380091e-02 2.751308887743003986e-02 6.293564537127744815e-03
5.001278467161833496e-02 2.847401265908227133e-02 1.730715448206900792e-02
4.286376265525012469e-02 6.289134756113014257e-02 6.018773755486107532e-03
8.396925945628319621e-02 4.608107417399621986e-02 1.680789073789780083e-02
5.673690919227881990e-02 2.647436204579836638e-02 9.851621165211914971e-03
7.480837097503514888e-02 4.412990561279602625e-02 1.928407440213878582e-02
4.913238208942219409e-02 1.837676076126901897e-02 1.324985126487931465e-02
4.315872105772017991e-02 2.015537350125060079e-02 7.699409326265951696e-03
6.826772554984474051e-02 2.665214913488525225e-02 1.510046677795680650e-02
4.437776548842806146e-02 1.277012937445059018e-02 7.250017235218080350e-03
5.489123815776538601e-02 2.858660525771250169e-02 1.244125900039555824e-02
4.173144999586097387e-02 1.440377661469144886e-02 7.743660881306897552e-03
5.480615754977872373e-02 2.480349329263496078e-02 9.686343815328506135e-03
5.303699508587998712e-02 2.063650580667701628e-02 1.252223905514058058e-02
4.932462965298349544e-02 2.642971594425177692e-02 7.872805726463785042e-03
6.044043126166586538e-02 3.213883517713095328e-02 2.048640221293061142e-02
5.952888972381532862e-02 1.788763096600208199e-02 9.799179569155932329e-03
5.175481834864798653e-02 2.357122642564219578e-02 5.794963632044254805e-03
4.049796939690933351e-02 1.825763894413511348e-02 1.567301340358410316e-02
5.559401427689796005e-02 3.683605999819336563e-02 2.248228580387493306e-02
3.185282422452995199e-02 5.438238685840345032e-02 4.425635300140084473e-03
5.145906279522713400e-02 3.161339068362314236e-02 1.565602491011514052e-02
7.086571188873487526e-02 3.066783773370042321e-02 2.000033396803314184e-02
5.633939858172615223e-02 3.455917177526343642e-02 2.924616225333263181e-02
5.115584604493481069e-02 5.743820284815019661e-02 1.151590060075649569e-02
4.539228404749554718e-02 1.531728122077926149e-02 9.174900855545833553e-03
4.649164636755127866e-02 1.150673198205120346e-02 4.208140703505541987e-03
6.283531705847952842e-02 2.594587430753112628e-02 1.181903016225709091e-02
5.197509042114737549e-02 2.788665335743575197e-02 8.821717155468377508e-03
4.924697070833906898e-02 1.350086148095954071e-02 1.409390659025152107e-02
4.844462565284218813e-02 2.300657857697772923e-02 1.378173261479558737e-02
5.270927985482955214e-02 3.043307862464258995e-02 7.574053583306186201e-03
6.579138602059683705e-02 2.583214855756475054e-02 1.487826148136356039e-02
4.674996578708640743e-02 2.608390121283302165e-02 1.796814288284269423e-02
5.724526239765408142e-02 1.736358753993041612e-02 1.393423935222092881e-02
3.787783896927736371e-02 1.014895679794354695e-02 7.019223676954711687e-03
5.379624306367614128e-02 3.075794233866857921e-02 1.613536991827481046e-02
5.370360587872798769e-02 3.885148555527580261e-02 1.229336016485189226e-02
7.588880138959010202e-02 6.727162161202643320e-02 2.761983479851486123e-02
6.178187886817261554e-02 5.295481350746121529e-02 2.882955396790137445e-02
8.859828541355105336e-02 3.558287639911916767e-02 3.204927556894290874e-02
6.230580902474534138e-02 2.698469948983967318e-02 1.903781392331857156e-02
6.929263026049803376e-02 4.787694383294580081e-02 2.951050614811769057e-02
7.064960900438779778e-02 1.723356643243429201e-02 1.139738209781844189e-02
5.892832748280693589e-02 2.324303689957861810e-02 1.267696885275131774e-02
3.979307381366634783e-02 1.480528989638895190e-02 1.593382596133589152e-02
6.032695254683904246e-02 3.630919917631369315e-02 1.416680393802114551e-02
6.328947267353954298e-02 3.517354341622024733e-02 2.054950026027420329e-02
5.196513471356291325e-02 2.609202443597162177e-02 1.129966202664950403e-02
5.845865992890259683e-02 2.640178860421790383e-02 9.923565608786516501e-03
4.408635227459239275e-02 6.054713961762007990e-02 8.083722620945256801e-03
5.392970506532592662e-02 2.114879932816116082e-02 5.765679375208181481e-03
5.311043530681883867e-02 2.092671589053119938e-02 1.077192869543556336e-02
6.152194199687110315e-02 2.701584030251982446e-02 1.414838605720036141e-02
3.847994986621317698e-02 4.076569607891869507e-02 5.013804400682611399e-03
3.817991163294682383e-02 1.133957926194567936e-02 7.024364436851880146e-03
5.443433733443079486e-02 2.727294271513893212e-02 2.469627877866958227e-02
4.130375649665272986e-02 1.358571729201211997e-02 1.006691130067191575e-02
5.690309914853928369e-02 3.304905162007799879e-02 1.014313951595693410e-02
5.832550503635166445e-02 3.918238635270154119e-02 1.835071124307712659e-02
5.725816502500895300e-02 2.120928492826635106e-02 1.471775696949682334e-02
7.780065936289709549e-02 3.848957659631875583e-02 1.860193897108404493e-02
5.683837191861289967e-02 3.107640795826759408e-02 1.709304424005107792e-02
6.066485869275611148e-02 2.610287277057301430e-02 1.801492864188155435e-02
4.191313196027508098e-02 1.244849182653402428e-02 8.635405787690684024e-03
6.188399376717187983e-02 3.290580528980311531e-02 1.615135517531888706e-02
6.133972353517833792e-02 1.891724897807484790e-02 2.306670815702362154e-02
6.048324539814110140e-02 2.843582070854894922e-02 2.262017453966831335e-02
5.881263651340202375e-02 1.748525512946874291e-02 1.271749777561019361e-02
5.795174534037422776e-02 3.221105307135467555e-02 1.395812030515870307e-02
3.981299175391869727e-02 1.786090583902756254e-02 5.142145674104909789e-03
4.683658381763824291e-02 1.762936352795897721e-02 1.004007910993616470e-02
6.721677130873343620e-02 6.248072916805846866e-02 1.353350364654531957e-02
6.340848155170190903e-02 2.785150893449671317e-02 2.674238488143661566e-02
4.594596592780056388e-02 1.345641518714737507e-02 7.613318163438273327e-03
6.625719640219684958e-02 3.087634855152663824e-02 1.081234119863145639e-02
6.836367276394884895e-02 2.643631843141980645e-02 2.409306175574770642e-02
5.317998308761092557e-02 3.095108661395694696e-02 1.325159599218213823e-02
6.647695377091221436e-02 6.250919612701910655e-02 1.613326697201916335e-02
5.757142446887268672e-02 2.962652349935609303e-02 2.750799209575819845e-02
4.391153723678344056e-02 2.481638062469126299e-02 1.343050528557102920e-02
4.964520288224482519e-02 2.325869091222096049e-02 7.490777610907033840e-03
5.254181703333100223e-02 2.463210159331047713e-02 1.450590094080319269e-02
6.614839148133938584e-02 2.167746833176040222e-02 1.053388062163744879e-02
4.959155219301254053e-02 1.747641799251722916e-02 8.973705565163048528e-03
4.909012880867935635e-02 2.006519705549475799e-02 9.296317299604950346e-03
7.138400317233001280e-02 3.701460737171310272e-02 1.653761435895000770e-02
5.825844793763850643e-02 2.397037119314659667e-02 1.006357675840149901e-02
5.099242521934205935e-02 2.059174058613517239e-02 1.589686764705686844e-02
5.799125672580187491e-02 2.430487171041802869e-02 1.450822443012888055e-02
4.541734643642676011e-02 1.914650400415759957e-02 1.190344219990356785e-02
7.003215027464546050e-02 4.594562871507392593e-02 1.316478268254689214e-02
4.556775706684854793e-02 1.581661460082461890e-02 1.104791607803043245e-02
5.834170034183473741e-02 3.389191260509543530e-02 1.849075630513183702e-02
6.640681272724122119e-02 2.054653002090315456e-02 1.582475377207176112e-02
4.905126685918428930e-02 1.834752463891575411e-02 1.114682525840052403e-02
4.666654990943926856e-02 5.991793985915881693e-02 1.195153380165098894e-02
5.577509559583087445e-02 2.043280710292554037e-02 1.657758177085986648e-02
9.268942574745453467e-02 7.344179178134133124e-02 2.475971573428624797e-02
7.505231541749503299e-02 3.251253056856606705e-02 1.050278506781389919e-02
3.594634894621554638e-02 1.659580591000038574e-02 8.544834214828338562e-03
5.144293398686842350e-02 2.588866236587443470e-02 2.537541019853912019e-02
4.197023643395203507e-02 3.347908487524284965e-02 5.805947147528411900e-03
4.983641611104423774e-02 8.839531187045039651e-02 1.139123804530564089e-02
5.022900045937277180e-02 2.594088827008330517e-02 1.318651891182106260e-02
5.594095016831514972e-02 2.131612186417659871e-02 9.401610362295854256e-03
5.345185334253341886e-02 2.400528051476098768e-02 1.112241752639089344e-02
4.592139409779855824e-02 9.322366798615437655e-02 1.264792003566103315e-02
6.897178293903305502e-02 3.087051017774743514e-02 2.493436970713769352e-02
4.971268811520371950e-02 2.819911297397890287e-02 8.538645128895995529e-03
5.654019446621808692e-02 2.730654475704964029e-02 9.035284522218642658e-03
4.180900102242322142e-02 1.456175786223013434e-02 1.028230936965748160e-02
6.073114289706935121e-02 3.690473609435997865e-02 2.422740815749850618e-02
4.541360963869002509e-02 1.482023998718407128e-02 1.321366559533865281e-02
5.036460215464898249e-02 2.681146138029535941e-02 1.127816598161779371e-02
6.526948369006174699e-02 2.607942728280584002e-02 2.294071426375873454e-02
4.542751912624843486e-02 1.429709096554774260e-02 1.183341925228587749e-02
6.460236593883231238e-02 2.987397506256425639e-02 1.202444349812892277e-02
7.529270635275044088e-02 3.215807253102891811e-02 1.807348339003262555e-02
5.081360382811596355e-02 3.276236420241374070e-02 1.456821363887705542e-02
5.818029677307295922e-02 1.630203384034187020e-01 1.653356294392308370e-02
6.923288588443822500e-02 2.683768421569562163e-02 1.761960505854669873e-02
4.591371642346423615e-02 1.252398430079438608e-02 1.265986754187809794e-02
6.682053331009482622e-02 3.324562140968994467e-02 1.990975443245067769e-02
4.475021783139997156e-02 3.529325895976029998e-02 1.480091517812339233e-02
5.850235545737167420e-02 2.294432437221931992e-02 2.145164569674373398e-02
5.185019766294456794e-02 1.866324907694230650e-02 1.693513697270503104e-02
8.660309565894235007e-02 4.793332433418084904e-02 2.455964376313401337e-02
9.086168264886561319e-02 3.330469590573419819e-02 1.544325850270551921e-02
5.115380290320051260e-02 2.044837190406284880e-02 1.292129871324815965e-02
5.475354320430408234e-02 3.040699686458338269e-02 9.759058534088127165e-03
4.375130635959306041e-02 3.022041057491399452e-02 1.138318391688079509e-02
6.135204183175575060e-02 4.643688141927108243e-02 1.888055742526977693e-02
5.373361577414070833e-02 2.649820441407949381e-02 1.362530275881800902e-02
5.164967087892888276e-02 3.356705318329533672e-02 1.337277236368972395e-02
4.655011298302797612e-02 1.195880412893347844e-02 1.153650548919838391e-02
6.279045814544005621e-02 4.340785611250244647e-02 1.557155922964408891e-02
4.188478937074326808e-02 1.304591219994409232e-02 7.094926997219094290e-03
8.469557171073084645e-02 4.747185889593716346e-02 3.572696936134132917e-02
4.305209582399618928e-02 2.017363526676035912e-02 7.244281523997695045e-03
4.993476282654806669e-02 2.474166281098267445e-02 1.292970163563972319e-02
3.697915668619770196e-02 1.506373940291770748e-02 9.119722183467512261e-03
5.166893570865835339e-02 4.855887527572292917e-01 9.780410170568082026e-03
5.577443522005919724e-02 2.028553981910415083e-02 1.070890117718746593e-02
6.998163574851412605e-02 3.459479173934385671e-02 1.988569173799164397e-02
3.766773523139595875e-02 1.291073569219539606e-02 9.495058257733998003e-03
5.122647297664811167e-02 1.758266367489487100e-02 7.220574709473509892e-03
4.606413063529334051e-02 1.953403008265786403e-02 1.003041691917802396e-02
5.911735165445132500e-02 3.362145831859988943e-02 1.413109008729947907e-02
6.376323986072281180e-02 2.524633237870065050e-02 2.317833722993064421e-02
6.433729134285572082e-02 2.997160956095855366e-02 1.398548855950467081e-02
5.501744709718912885e-02 3.543415704037108926e-02 1.086693243705258785e-02
7.398370505767494498e-02 3.432066571348341144e-02 1.605330181625522559e-02
5.824845384913794610e-02 2.284451577732304894e-02 1.409165499831673343e-02
3.495339239460242692e-02 8.538775581711146451e-03 6.580928298841940555e-03
6.771751487816270176e-02 3.423652923129955755e-02 2.792823984186236855e-02
6.336738407557970798e-02 3.656840655381841942e-02 1.814786069272645089e-02
6.748792371794411216e-02 3.182555355599037822e-02 1.540948121499839327e-02
3.960105018126589688e-02 1.713439766288332375e-02 1.041744418989065148e-02
7.994611751505757702e-02 6.945803979720455157e-02 2.184541220492033919e-02
1.008467049444601443e-01 2.779884689022698446e-02 8.596966405425086888e-03
4.951585289014909241e-02 1.864056838188295900e-02 3.766686251013863333e-03
4.963864410478672357e-02 1.896576078684005656e-02 1.050218078057682178e-02
5.666002399900123276e-02 4.064747715371884451e-02 1.024529337117400379e-02
5.104391423781901027e-02 9.740332305745735830e-02 2.038085330134558476e-02
6.711943805244111050e-02 4.574524124722814666e-02 2.292172218361370611e-02
5.090769942428408079e-02 1.909590387494718502e-02 1.403948314387761659e-02
6.887764424503478589e-02 4.201207959234418143e-02 3.442246905739743124e-02
5.423544985132931068e-02 2.135035863143674648e-02 1.211563270296089900e-02
6.444262798995276098e-02 3.965019401665745291e-02 2.834483157078273446e-02
6.276532403106674374e-02 1.898281953633098110e-02 1.730019076446093207e-02
6.251805419130097852e-02 4.062477193242255979e-02 9.474551204582853589e-03
5.298100951878646075e-02 3.077504347827309666e-02 1.086744919365861643e-02
2.706541034173784790e-02 1.676945926333211004e-02 7.049110836467385732e-03
6.785079987027459181e-02 3.947721027909756319e-02 2.235411772912806322e-02
5.118001386095060584e-02 2.340723094776241478e-02 2.044422125901389914e-02
4.779273085588568032e-02 7.764508859317970080e-02 1.378733356481659858e-02
5.096494007000303833e-02 1.244058999632942711e-02 1.264381522253638958e-02
5.740572716324878616e-02 2.357820993087801978e-02 1.785137891656339570e-02
6.030921285622656974e-02 1.725038362829575331e-02 6.813461152882263963e-03
5.521980533384474032e-02 2.001066209013226474e-02 2.132003866095058195e-02
5.859689150055046730e-02 2.517799319178009448e-02 1.216703729101954561e-02
6.721960422048751937e-02 3.480075352398024485e-02 1.014749036863487469e-02
5.586142034125092526e-02 3.353308261076699132e-02 1.274091746838433917e-02
5.774605886707361718e-02 4.462066470194013534e-02 1.183223324329848308e-02
4.393527898026804851e-02 2.746663816062692304e-02 1.355506450044118016e-02
5.256302489600233468e-02 1.209052401552565895e-02 7.872237186383334792e-03
4.433993102381662832e-02 1.653267022999501193e-02 1.002733387303728248e-02
5.833709657971941631e-02 8.550866771576241809e-02 1.575169098995560929e-02
4.764005495085297387e-02 1.379596266642412264e-02 1.035080714582124577e-02
6.756356436088506445e-02 3.895564876037403701e-02 1.478107111577098461e-02
5.132735338264220182e-02 1.490779561201324883e-02 8.012784441925302134e-03
7.411292392126271611e-02 3.606268451094903765e-02 2.496373538066842465e-02
6.979274965000158149e-02 2.620338722126389769e-02 2.167059077212971085e-02
4.191068292292561559e-02 1.049398776732338515e-02 1.277598211139806955e-02
4.837617994936745797e-02 1.968424367389995377e-02 8.947230097312042565e-03
4.988986473209174044e-02 1.597392467260938878e-02 1.207730147428003747e-02
4.191532185077299216e-02 1.857440048831435556e-02 9.354219146064920998e-03
6.182923389601306663e-02 2.169014944083770546e-02 1.322600904027983366e-02
5.048611747069769312e-02 3.033087409351555713e-02 1.577705172031639014e-02
7.268487845861058838e-02 3.835755464668649806e-02 1.170387172943603352e-02
4.417090094330609895e-02 1.727768056832402685e-02 6.307248064965634976e-03
7.308917593787372935e-02 4.545304219974047322e-02 1.822402217146891490e-02
4.543656882376150008e-02 2.004382846060902626e-02 1.383706772952305111e-02
5.206680167472532011e-02 1.834748556389080576e-02 9.970253511771663343e-03
4.956463145686786087e-02 2.534265180822519586e-02 1.594644343750086998e-02
6.278218363015539150e-02 1.046360479850323572e-01 9.758648290978706383e-03
5.786925692521194958e-02 3.359364579036543119e-02 1.398486637647740512e-02
4.884970750071265105e-02 2.299659141087209702e-02 1.234021731253328973e-02
5.681641396701132135e-02 2.124696120821321227e-02 1.337027591078074340e-02
6.945725709105157741e-02 1.651514323525870090e-02 9.404731313686083560e-03
4.671199374694776085e-02 5.437157416874549565e-02 1.437251540131571567e-02
6.257595187249297142e-02 2.435042309457256457e-02 1.418539340365057057e-02
3.962616900610819309e-02 1.502602892314488722e-02 1.172046625067506287e-02
5.117001840956222208e-02 3.973303886575363375e-02 9.850466365547167619e-03
5.402144067924562199e-02 2.497245848018547418e-02 1.021967573680290092e-02
3.653781645453701293e-02 1.665199925375943774e-02 7.263781542296600391e-03
6.798386975528204756e-02 2.459558200889926452e-02 1.816131407408818482e-02
5.978858440921027556e-02 4.975605154159247479e-02 1.956742004215723113e-02
4.761744074217365286e-02 2.413841619319521958e-02 1.271395518621304052e-02
5.040011137959419379e-02 1.165792007288510984e-02 8.333974217786080038e-03
5.748415314920831548e-02 2.922450705158062198e-02 2.113454855666620918e-02
4.112979761289878994e-02 1.643434092818314360e-02 7.660497437102985370e-03
5.021014631832951963e-02 2.738777234932332147e-02 1.128178253238344871e-02
5.910191122075323517e-02 2.436135000058295419e-02 1.290408339932141123e-02
7.307015647503752043e-02 2.146674562201914341e-02 1.421104113322495949e-02
6.141835919024340312e-02 2.604518451056901315e-02 1.130969175604063480e-02
5.409329781275353660e-02 1.620212564069714936e-02 6.648228045385630967e-03
5.475925270616666812e-02 2.222983530237485073e-02 8.450133228941390448e-03
5.307693200263164518e-02 2.241409153182294736e-02 9.870741426175271005e-03
4.737412919841314102e-02 2.456929903840731830e-02 1.474630104334654843e-02
4.930300121076462011e-02 1.731692523427686564e-02 1.921345813313360060e-02
5.067225050569260092e-02 5.788219763338579155e-02 1.777756020646881555e-02
8.228705483586637448e-02 4.840096020949400529e-02 1.376320705170398090e-02
4.875798555088058095e-02 1.915502807934010843e-02 1.007942965318558114e-02
3.803317666010496562e-02 1.609072395348803627e-02 7.154383464640121787e-03
4.532340678147895457e-02 1.540811281415400621e-02 7.685214803148242464e-03
6.359567548484955368e-02 2.723900059476589558e-02 1.192805510528847576e-02
5.978171494993932827e-02 2.573358048070552295e-02 1.445650793804767291e-02
5.758798859661150987e-02 2.893615352041321517e-02 1.997482360266880641e-02
6.092611158058754139e-02 1.534298816635108927e-02 1.814532976862746547e-02
8.760886267837991737e-02 9.333181009890016699e-02 1.515576821505149746e-02
5.772507094598137989e-02 1.773733761732700087e-02 1.068121980801593936e-02
4.681223866323860200e-02 2.152411247419788731e-02 7.293262104304996940e-03
4.680001828877265735e-02 1.955378067343973084e-02 5.520442954211185298e-03
6.165325500945589843e-02 1.505953351781134236e-02 8.661522325958138577e-03
5.956620579081284977e-02 2.066947683290278753e-02 7.546846403187157555e-03
3.834194756459970155e-02 1.735853008080652862e-02 7.014097570938114881e-03
5.314555133109383211e-02 1.452835599348161269e-02 1.434469899845115977e-02
6.590255751011488139e-02 3.769745900679700307e-02 9.775212792943166126e-03
5.469766538872229689e-02 2.715152920566989495e-02 8.887035168691208298e-03
5.798813155074170750e-02 2.506244034674037779e-02 1.162509373813871115e-02
4.328559111081765887e-02 2.822518991873640068e-02 9.024473144690920573e-03
6.124129534430688276e-02 2.021483591892649437e-02 8.877702373973811456e-03
4.320755739281770258e-02 1.191448472893643501e-02 1.210611285294327898e-02
5.253448293756834975e-02 2.760068706872859448e-02 1.700425784526355885e-02
4.972439532228212916e-02 1.707876327842415554e-02 6.638531999759321803e-03
5.122982086482986280e-02 1.477914131231317270e-02 8.042064891093792314e-03
4.590629261435548447e-02 2.842422521820832382e-02 1.662185040232919825e-02
3.556889991579566951e-02 1.069279920648495349e-02 9.588414031294562392e-03
6.284687767852231710e-02 2.685058596571954226e-02 2.310634589431675989e-02
5.844538905060604750e-02 3.265005357320237278e-02 1.552165101108988685e-02
3.324445303817900182e-02 2.827383292671705600e-02 7.015910772701760417e-03
6.540284616900970960e-02 3.393015546002984412e-02 1.834755326096208436e-02
6.307388148577802722e-02 6.203288439240938618e-02 1.377080616365282222e-02
7.944914442398784415e-02 2.714022453961520420e-01 3.503920727805030777e-02
6.790184594488518632e-02 3.247902200643749959e-02 1.521325587837131857e-02
7.292284617360196564e-02 1.752093590905935139e-01 1.657763585416151958e-02
5.655482258635911863e-02 2.492577284707570007e-02 8.879013530275915028e-03
4.576374200137109383e-02 1.263766557267707695e-02 1.027522627169778421e-02
7.298388689298392074e-02 3.319596199408410969e-02 1.887724659170561536e-02
5.225765472504567688e-02 2.443957536803786565e-02 1.862608643733936614e-02
6.675887750504667928e-02 2.851333039703466549e-02 1.696387311847057794e-02
4.928345322669556994e-02 2.909507035661211549e-02 1.821994702654812850e-02
4.605181753226094549e-02 1.723201862952981542e-02 1.414563580290610634e-02
5.534553304931866952e-02 2.616173732681325095e-02 7.832827630242206185e-03
4.847171969726317420e-02 3.778572128726537249e-02 1.307888118545720221e-02
8.914296053067739811e-02 5.224745490816570109e-02 3.292195380703777374e-02
4.741133304554171618e-02 2.788253509013939244e-02 1.061997166918862180e-02
5.248377402153660276e-02 2.466376443111634870e-02 1.196884425599256500e-02
6.855655686313288921e-02 3.189417792637903870e-02 9.836012603149391423e-03
4.237676863251675641e-02 8.460016740584785228e-03 4.136529654930051932e-03
6.337624715473660908e-02 3.995001446962261754e-02 1.455251559076170195e-02
4.487507918927071543e-02 1.360059737879052988e-01 7.389239714140831243e-03
5.210427735048930864e-02 2.141404003866819589e-02 1.517166105876182128e-02
4.664734276679494140e-02 2.730404320769024701e-02 2.336201019678936161e-02
5.209078336913518237e-02 2.812016481685444477e-02 1.343642691159992533e-02
5.106327046866956237e-02 1.669974279508568138e-02 1.451636444954966867e-02
6.181911771193046579e-02 3.296141372196798036e-02 1.142075221047776992e-02
5.476475859327634144e-02 2.216402472871878415e-02 1.072344218998578201e-02
6.551644592177882642e-02 2.433175690619123963e-02 1.605738497368277770e-02
7.598077598037618341e-02 3.198040253733802629e-02 2.126607248511993078e-02
5.398250147410783156e-02 3.713545537009560471e-02 1.431160705450961260e-02
5.597561139991605317e-02 1.889445109149400642e-02 1.119297050959895158e-02
4.770126731999965036e-02 2.274119314319542756e-02 1.051402494805255342e-02
4.383567013636292808e-02 3.162605369253186638e-02 1.821614897590618370e-02
9.132105482019840792e-02 5.337180315330816022e-02 2.725147137002857309e-02
5.114140010219078714e-02 1.365819519101177208e-02 7.040360190994585446e-03
5.382621979276720064e-02 2.065979949149281472e-02 1.785483221275421459e-02
4.037279454302814680e-02 3.661291490648355129e-02 1.241074053580840802e-02
8.175865442271040839e-02 3.877739501049626281e-02 2.738603873000243841e-02
5.464217199420363935e-02 2.202339893660731907e-02 1.216779323832681801e-02
5.018074030800128565e-02 2.236273584958502897e-02 1.498163643219839122e-02
6.045287979175859722e-02 1.805437209174617363e-01 2.160166739179810586e-02
4.194170479901992987e-02 3.082756837194198379e-02 1.505299784022960143e-02
5.517387712959515023e-02 1.740334412413905088e-02 1.031976573027387073e-02
6.487285074216408987e-02 4.063987639493604059e-02 9.666622205646492605e-03
5.949123562229612083e-02 3.184249910697523750e-02 1.028612239118960846e-02
3.640248578293737991e-02 2.842093986185751514e-02 5.282588282462433171e-03
6.053610377078480487e-02 5.152063080598422162e-02 2.107284095624830170e-02
5.994706026374941460e-02 2.257222042385444855e-02 1.224660817699390128e-02
6.935794025738468982e-02 3.494629129907079329e-02 1.411600331752723043e-02
4.602749480274739152e-02 1.288691033302988807e-02 7.344901800435192987e-03
5.880926698896841304e-02 2.288040593933059197e-02 1.641970141028315996e-02
6.481881723064633616e-02 2.860079044464459291e-02 9.085465381191024092e-03
6.249358101222313860e-02 1.758196252199065168e-02 1.094709133160593276e-02
6.157333714328976776e-02 3.590597796063347419e-02 1.562436718503282945e-02
7.078885789926976646e-02 2.835058879841241206e-02 1.536716100185142944e-02
5.578667057766101972e-02 2.773649308654650356e-02 1.775221380050051589e-02
5.915503394296692252e-02 2.808323691268085551e-02 1.660075247602576382e-02
4.866076701154502249e-02 1.926356107854959240e-02 1.145482292587732091e-02
5.644098458517000233e-02 1.809598579275708760e-02 1.005345130487643110e-02
5.145441548705517731e-02 2.325250757316040667e-02 9.590022655588711920e-03
5.799861773881988952e-02 2.750756025786557299e-02 1.546393448727005973e-02
7.112603194585759292e-02 4.289678295275577147e-02 1.736203602597766182e-02
8.123291446474210920e-02 3.385817194975725836e-02 1.615566710657985461e-02
4.182467863105537864e-02 2.627332937256952189e-02 8.239204173790839331e-03
5.061567700749883270e-02 1.911470990855455854e-02 1.754264786004733692e-02
6.820612118493991904e-02 3.099539453655686741e-02 1.934859849699714640e-02
6.677427612930018908e-02 3.872754260304252238e-02 2.469186425443432517e-02
5.343840673334145086e-02 2.094584710269049854e-02 1.798804825364144419e-02
3.372204158481385827e-02 3.150333868415326755e-02 1.182465168088442202e-02
5.261219065542269147e-02 2.074787930726571319e-02 1.323255349999075819e-02
5.912820173062967311e-02 1.228339264911476950e-02 6.274526063572111005e-03
5.040330882112173394e-02 3.407813663565304602e-02 1.501100732070023182e-02
6.172683602070663800e-02 2.810391464407125187e-02 1.254798670921537622e-02
4.087490723657402625e-02 1.758661919831944545e-02 1.213611367194026430e-02
7.650190025795383653e-02 4.213961025133046434e-02 1.872566845100449850e-02
5.961507552756366290e-02 7.400721611852606463e-02 1.408259185729753525e-02
6.203565874363176774e-02 2.846577546486115870e-02 1.194013665843653670e-02
5.263464579963755136e-02 3.448456171725850644e-02 2.029887465911648509e-02
5.043014187666532838e-02 2.778176237852146221e-02 7.890891728847762229e-03
4.543456394418735056e-02 1.667041958112928587e-02 8.433306606497100594e-03
6.100289085389095506e-02 4.020897755557423930e-02 1.958610736741783070e-02
8.273090955873638186e-02 3.827395299752875402e-02 2.315838235393359937e-02
6.230623441989624478e-02 1.332657786163986280e-02 1.244088221663927456e-02
5.793937397438712888e-02 1.707334113180038193e-02 9.968722297044180225e-03
4.594490175849242491e-02 9.824406109889841088e-03 3.370942132613028667e-03
6.065240016302213960e-02 2.458596687245083109e-02 1.355588430754777612e-02
9.439995855555502469e-02 6.188327529921765213e-02 3.608822874050229834e-02
5.875273226903778012e-02 3.478133309675712770e-02 1.859386092798916840e-02
4.868510300401338031e-02 1.771026040400357562e-02 1.139209363224286120e-02
4.699137567954200789e-02 2.330301215241022822e-02 5.441365564535228551e-03
5.245030760720770929e-02 2.799009469647978365e-02 9.459655033904423513e-03
5.254231984988216170e-02 5.921257032463091152e-02 1.528841914196273077e-02
4.923609363050670401e-02 1.644482101101716123e-02 1.067610620948572855e-02
6.752947394459574149e-02 2.372327249448303102e-02 1.006565821941495312e-02
5.938665309895342637e-02 3.214152555776072367e-02 2.119604657487818289e-02
5.644077271989488692e-02 2.431367061332069535e-02 1.285873178681837432e-02
7.234374827517854600e-02 2.916098318920450766e-02 2.405947708224418641e-02
4.921337418343960796e-02 2.867693457587296157e-02 1.075342659570578674e-02
3.962267813644428094e-02 1.584259740722109705e-02 6.824953516599590285e-03
5.421187909917102310e-02 2.431048998181288209e-02 2.076272343259937328e-02
4.078621796175724984e-02 1.866986497073265180e-02 8.410854399360520942e-03
7.487104067534486318e-02 4.894134602998075068e-02 2.746034444832668939e-02
5.429440457776268242e-02 4.468449960161202661e-02 1.590356856351094611e-02
3.728606228841138681e-02 1.873731473010238971e-02 9.196077735745681811e-03
5.778842542937911303e-02 2.708560131354909029e-02 1.472563840425896234e-02
4.970149508557644702e-02 1.766419398815934419e-02 1.612703286674274650e-02
5.265595986239684362e-02 1.982037149690360836e-02 1.293407188266078658e-02
5.035681564859898623e-02 2.633440464695023173e-02 1.074596045915514851e-02
5.833648940479210093e-02 2.043022542868880298e-02 7.381842216185633201e-03
4.003822521240644333e-02 1.502464062679539740e-02 9.520519877424412497e-03
8.128993923961709556e-02 4.094135553305672942e-02 1.997522133462328875e-02
5.709954742790611382e-02 4.159406451780058717e-02 1.963670365942715018e-02
4.293646385732177023e-02 1.508665885953565725e-02 8.438256036707149355e-03
6.170480745225975783e-02 3.493161267257669650e-02 2.869076208032314210e-02
5.806889105060998590e-02 2.501118508428643028e-02 1.334648277581315483e-02
4.877556960592183827e-02 1.627843886852369318e-02 7.259110907366556932e-03
4.168017637563009581e-02 1.689659482181626524e-02 1.069235992264879614e-02
6.950449467980629459e-02 2.573307766521758938e-02 1.524276725655124634e-02
7.070214974315824907e-02 4.541422456772917227e-02 1.757163069412066847e-02
7.619328970543089163e-02 3.515230347948450351e-02 1.757546854890921356e-02
6.499434791441012493e-02 2.900498247885605757e-02 1.912728197827106430e-02
5.208072666910985166e-02 2.065749657954167942e-02 7.900991106341055323e-03
4.608910215769503049e-02 2.382395094103165883e-02 1.092431662976820622e-02
4.156307016599327525e-02 2.923581613755533645e-02 7.380428836627984934e-02
5.683385511543225660e-02 3.330471650637191472e-02 8.891135063606088809e-03
6.476375258525417233e-02 3.915227959234969524e-02 2.808295096340947261e-02
4.162914951793702384e-02 2.056326274159206782e-02 3.790956999696750134e-03
4.020878434988112149e-02 2.443108460108286972e-02 1.145758049375395979e-02
4.920068937774255136e-02 1.746644174041927025e-02 8.469629921045326165e-03
5.261432854544297044e-02 1.794681603285357835e-02 9.407444245272391856e-03
3.837181228919085696e-02 2.708386050064806941e-02 7.010092678608376843e-03
4.457290198010298993e-02 1.338756398117750025e-02 1.140965832751806089e-02
7.014383472499427508e-02 4.025879151476450396e-02 1.164620138026912707e-02
5.613321239894067394e-02 2.184251909413838580e-02 8.756870072271150801e-03
3.502292568694401198e-02 1.401545418531605081e-02 1.154869913166270932e-02
5.727088069806834936e-02 6.470570951677723226e-02 1.114091042697416996e-02
4.512658332995965471e-02 1.972655487146396380e-02 1.124564902403855753e-02
4.493987801838264518e-02 1.584335984150044702e-02 5.522007086474592895e-03
5.498743582237546057e-02 2.071584388488157194e-02 1.460280924642098910e-02
5.901040156377342777e-02 3.182042522393217776e-02 1.195089735025420437e-02
4.871905304610208570e-02 2.429642383526079905e-02 2.253485381839821083e-02
5.516156540368099409e-02 5.026776550708434571e-02 1.127460237849643547e-02
7.119649792002458177e-02 3.647232855203486751e-02 2.436394319886026061e-02
6.171644879780982529e-02 2.952239959827577045e-02 1.338469778043541517e-02
5.112525583196390194e-02 2.016149088657176458e-02 8.670339692486319152e-03
6.126392701842175298e-02 3.223750825376126006e-02 1.543369815915309265e-02
8.384721878649285809e-02 8.865880415685985227e-02 2.244570115638267610e-02
5.335502985674173831e-02 1.995337906324238034e-02 9.097898944846390459e-03
6.506726591090428169e-02 2.706836076796583640e-02 1.180177787968952029e-02
8.964045019331051689e-02 4.600105127934379229e-02 2.324735265714992019e-02
8.067433180705368967e-02 3.504494783324266921e-02 1.874592689937830056e-02
4.368146688714686504e-02 2.801937871265971006e-02 1.204471580680029248e-02
4.605367786351600989e-02 1.582638207836302088e-02 5.637292196558444345e-03
5.587443836626272003e-02 2.899720121714807058e-02 2.020617122037573002e-02
4.734565598065218484e-02 2.661873411878613177e-02 2.244120484560014131e-02
6.889937038197324615e-02 2.606655759718835147e-02 1.178665465178370397e-02
4.783190847765032838e-02 2.784185957361044045e-02 1.229459332960657070e-02
4.833732483379581807e-02 4.170314570130093101e-02 1.843046264762896597e-02
5.326236153706986887e-02 2.282215852833377467e-02 1.180028688168500116e-02
4.802661239189499887e-02 4.655136578202091063e-02 2.335337395963345969e-02
6.315310049515898694e-02 3.038838984505142643e-02 1.823360763353007799e-02
3.144962890788777221e-02 9.589032333179101433e-03 1.418485310543593850e-02
5.733031833415726253e-02 1.795709064956088619e-02 1.245185985364667160e-02
5.287929200021376785e-02 2.047609562495452534e-02 1.162930008045647695e-02
7.247153462498617804e-02 3.329966136482746114e-02 1.171843089989403619e-02
4.659942696200519013e-02 1.387755537255059429e-02 1.161069036045229291e-02
5.774057995297221524e-02 2.856457152581766759e-02 1.028298928041218585e-02
6.696200937995058777e-02 2.930839421716084289e-02 1.775780156927455819e-02
5.617801231905866777e-02 2.642393043826774326e-02 1.152841916302461793e-02
6.214794656863459332e-02 2.777681265495720447e-02 1.468148332332623769e-02
3.381177299782192613e-02 1.393209934731974749e-02 1.359992111142318758e-02
4.717388147325558140e-02 2.425082318790588998e-02 2.438162870553855013e-02
6.218459403597217244e-02 2.575686601133064801e-02 1.253340026633464367e-02
4.383973138646803797e-02 1.675948139868109130e-02 1.154932231344524100e-02
