2.396177160763721115e-02 1.208383646129541043e-02 8.495651201691000604e-03
2.638886494843013450e-02 1.751205699106845454e-02 1.471339128477568668e-02
3.076272940346981913e-02 1.648321378277499069e-02 1.115472379697715274e-02
2.632000999835558755e-02 1.183988218102524116e-02 7.280485446481576271e-03
2.767267007490456857e-02 1.943787523331937800e-02 1.307599045164486475e-02
3.208432436300959201e-02 1.844980325072637789e-02 1.592016708691053675e-02
2.701289694686392212e-02 1.459346492788591090e-02 1.387246965088903029e-02
2.968100809096308260e-02 2.253122432416825027e-02 1.745044731556107467e-02
2.241591181361456478e-02 1.388862597989671752e-02 7.589637540795952063e-03
4.928741023510934544e-02 3.045198465292509038e-02 2.423540899942110832e-02
2.710111346139802008e-02 2.519425440898947002e-02 1.544499093745656075e-02
2.595485474759107875e-02 3.344708521783940763e-02 1.527549036927280252e-02
1.879422465656739594e-02 1.338056072843397080e-02 1.349029397399433873e-02
4.391237241040066991e-02 4.506870049354127356e-02 3.411598557985083546e-02
4.973565477351786501e-02 4.210214684703331156e-02 3.222567242362914947e-02
2.437868808007728413e-02 2.050068495593334109e-02 1.152135805617859887e-02
3.317371267575567467e-02 1.854186524416078646e-02 1.795358258486679306e-02
2.504928268318250620e-02 1.463521248960896436e-02 8.962651040144835671e-03
2.024202210493558640e-02 1.252847882535374109e-02 9.307684347722881835e-03
2.887786054943660904e-02 1.274968296324602290e-02 7.739342826620737754e-03
2.480475575159918344e-02 7.911322658383505846e-03 8.997207368272619118e-03
2.603705042792466701e-02 2.352072161302751555e-02 2.107096554438295938e-02
2.242124834669460137e-02 1.410461598665570075e-02 8.928261999692486614e-03
3.472009842973690363e-02 1.581462763865089730e-02 1.643375571199532509e-02
4.583359090072809672e-02 2.925418282382290930e-02 2.411937603338648248e-02
4.544824452710235357e-02 2.734124009959907828e-02 2.252581683945993965e-02
4.649772441329646372e-02 2.298196463522018257e-02 1.839883045262493896e-02
4.954462811668647326e-02 3.030365707587646604e-02 1.839117432091678592e-02
2.327124381177415186e-02 1.127977799047190019e-02 9.683620889000788337e-03
2.740433980235043934e-02 9.305188319974806027e-03 7.752918863058638581e-03
2.842472086960473945e-02 1.921876475509318866e-02 1.396812703001120738e-02
3.999818273944322211e-02 1.397949077439711654e-02 1.468127154882033561e-02
3.646092079765120980e-02 2.679894920335263581e-02 2.553795127477179183e-02
3.430502200549119529e-02 2.538222750460455979e-02 1.918191619315934987e-02
2.509427707607389882e-02 1.602558073873461969e-02 1.123112941236472165e-02
2.949316685609257652e-02 1.757097303479866410e-02 1.354692928708817537e-02
2.473252192571523747e-02 1.912536456655956202e-02 1.222426630685767221e-02
3.576832325457897366e-02 4.786183180438782075e-02 1.783379417156580327e-02
2.084146440770251810e-02 1.473781642809240608e-02 8.879497119313408196e-03
3.150377631738222883e-02 2.583028482050983565e-02 1.518958261728521608e-02
3.203466519360993747e-02 3.456128412416668849e-02 1.783069779075967948e-02
2.362644180812267097e-02 2.120236056412753978e-02 8.842803287842527366e-03
3.131208520753597790e-02 1.795573099531719632e-02 1.477938725741661553e-02
1.328684362910717044e-02 9.031012741551434561e-03 5.926509350455362590e-03
2.725338895974083187e-02 2.189585228962873109e-02 1.368464117515840774e-02
3.647386277871857846e-02 1.485251440138397189e-02 8.774513724494720571e-03
2.520442949701383328e-02 7.084139539748544184e-03 1.149528335742603692e-02
4.844667060353433780e-02 3.928547209647263727e-02 3.675190761470160244e-02
2.017831914727075474e-02 1.330173805993709914e-02 1.090259272632579726e-02
1.896561426161186975e-02 1.019118948858179462e-02 1.058971328956718333e-02
3.877823199164490142e-02 2.876103902571348209e-02 1.399452444525568079e-02
2.485536575599715803e-02 1.249663235136206675e-02 1.035997330815706732e-02
1.248823442207726113e-02 1.706716799842000754e-02 1.262041880435304554e-02
2.824471357751608819e-02 1.706820429955326762e-02 1.037353426712429513e-02
2.307743685432688333e-02 2.746806877123422058e-02 1.228938691095749804e-02
3.043689853367010159e-02 1.754186598307960754e-02 1.762346420997682947e-02
3.213164008827016499e-02 2.537874850948629996e-02 1.592590989124673465e-02
2.318505169379215733e-02 1.824761675426080434e-02 9.382968498771411536e-03
2.959593069924515776e-02 1.715465068059972981e-02 1.276265343206061179e-02
1.904565506048939635e-02 1.923936391275326077e-02 1.317662787380166102e-02
2.445799124731787982e-02 2.437528959252258792e-02 7.307855111918021979e-03
3.612712915846798961e-02 2.246231307292527457e-02 1.924257505574249530e-02
4.180104848819996693e-02 2.539909524510525207e-02 2.058870714545161726e-02
2.608427012712050824e-02 1.706900469315191654e-02 1.401819938921943474e-02
4.471861563362217185e-02 2.965327902509298091e-02 2.296867859381183583e-02
2.793734543383549415e-02 2.038355469907950079e-02 1.475622491954524558e-02
2.840535621908014258e-02 2.681473843239127325e-02 2.050387314558142424e-02
3.023563302629205321e-02 1.039419211013676084e-02 9.719067306438400333e-03
4.739174578852302366e-02 2.194649668711121451e-02 1.866706379457266224e-02
3.997985789637284459e-02 2.018555208373918122e-02 1.687168519313126183e-02
2.745211927830434537e-02 1.161007592472318092e-02 1.378984432200987265e-02
1.714685251596800852e-02 1.614490037412455795e-02 8.599859118804955085e-03
3.243285287232319791e-02 1.583530589607853173e-02 1.436694786751279915e-02
3.115297725052984870e-02 1.942986779967018074e-02 1.459150824636916075e-02
3.608084375361391566e-02 3.030205898915147578e-02 1.685721117946308023e-02
2.032066142405297704e-02 1.861008814310339404e-02 1.396909018454740511e-02
3.309186317167740754e-02 1.498182437760554007e-02 9.660244528001354566e-03
2.873589186281482952e-02 1.455544817536628260e-02 1.120949691482104292e-02
2.157769313090969823e-02 3.712736823064794606e-02 1.547212660368886203e-02
2.660177041496657874e-02 1.524500402664901236e-02 9.387180571517843644e-03
1.900580119716809707e-02 9.859829362287964027e-03 8.381875158163078557e-03
2.074157837281936576e-02 1.371623647016810034e-02 1.402627327056019807e-02
3.111008301804917692e-02 2.120593237655757357e-02 1.348657603009749059e-02
2.682786437076283698e-02 1.677079245231688845e-02 1.462060737962788369e-02
3.682467207845138701e-02 2.264404474256794669e-02 1.965408168870282080e-02
3.174945147067861906e-02 1.835019717101678619e-02 1.576707404149801581e-02
1.614227766952069237e-02 7.080080865382351596e-03 1.148184067625923621e-02
2.642001260191405645e-02 1.960883219214281867e-02 1.206513081615047042e-02
4.285194432849399188e-02 1.840507406859954662e-02 1.586506855882206454e-02
3.413004575173374244e-02 2.582718935098078997e-02 1.696449433727878833e-02
3.534780515405416129e-02 1.785391934282441057e-02 2.557777116763204281e-02
2.531077423108125252e-02 1.135894690497234183e-02 8.903943599022731692e-03
2.093744623343690020e-02 1.433875770922370292e-02 9.834293717063850165e-03
2.233582302268259309e-02 1.583288417311866370e-02 5.078748456710415263e-03
4.129103440822092658e-02 2.188066284711642079e-02 2.377956495483653926e-02
3.203531455501894276e-02 2.441970944748929340e-02 1.563417910942445366e-02
2.736699298962735893e-02 1.902041496237176846e-02 8.181032597733162853e-03
5.549559576151123774e-02 5.121155881706097174e-02 3.756034900672686888e-02
2.540528485688266919e-02 2.019658667773260516e-02 1.730315973599419813e-02
3.552549502690941635e-02 1.798003142931407089e-02 1.809187591827811012e-02
3.392082872652057296e-02 2.455049064611221701e-02 1.767446436461939108e-02
2.903397481577894151e-02 1.463185552796421318e-02 1.520825800813589875e-02
2.437260993576911838e-02 2.338455596735104780e-02 1.328341464037362772e-02
2.049143320526543299e-02 7.417879516324094209e-03 1.139602563770006870e-02
2.657164040014694389e-02 2.568215752735542728e-02 1.127916775818728345e-02
3.740031569771728320e-02 2.821772882688550199e-02 2.542037895866392991e-02
4.872609417504052132e-02 3.381114050291161854e-02 3.039018005599810821e-02
3.241055540258978851e-02 1.895837870617686494e-02 1.590589243095870062e-02
2.255281142940766120e-02 9.782713040857059228e-03 9.519633988143608172e-03
3.256321690363490201e-02 2.043530663013680068e-02 1.524066789766400330e-02
3.354517848745348224e-02 2.076415091689976997e-02 1.735381504858968943e-02
3.722525626886756533e-02 1.746575902665088720e-02 1.902362754823929900e-02
2.549539572729661238e-02 8.970239909701808317e-03 9.879138438417148921e-03
2.191594981089973679e-02 1.141100501183626298e-02 1.434439303155655987e-02
3.422897575236470702e-02 2.534291541882384077e-02 1.678980295365507108e-02
2.807364037741404486e-02 1.394870574195292666e-02 1.643873838429581874e-02
2.909804465795820180e-02 1.325979336097202199e-02 1.234694937197483924e-02
2.040230700544424375e-02 1.833988349868154177e-02 1.306302613304571175e-02
5.718026698100293209e-02 2.611339098471426520e-02 2.266414844492312120e-02
4.479489229652423854e-02 4.041065249193236120e-02 2.690261387220103592e-02
1.789784177930571485e-02 1.381499790659060194e-02 9.689135515135765403e-03
2.572164189298617107e-02 1.784332867163526681e-02 1.045004210706944672e-02
6.435782915937994508e-02 4.492893099572975446e-02 2.998377373085436837e-02
2.866702111383844648e-02 1.563982584954501029e-02 1.091097612424836612e-02
1.832658911207342423e-02 8.916511101739849413e-03 5.626975092639580761e-02
2.075437364258720524e-02 8.300831393376444101e-03 9.685282117813326722e-03
3.366259516002476082e-02 1.591252688030495369e-02 1.781234168632255324e-02
2.713513125215928981e-02 2.635188958939344364e-02 1.558780470050735549e-02
3.532395799946913550e-02 2.176586158671381388e-02 1.200181859362950409e-02
2.807554921441518872e-02 1.311146813891615227e-02 9.900205802594805315e-03
2.868563537836699845e-02 1.468664826631192744e-02 1.669832320937529938e-02
2.782383659380570015e-02 1.747063072013335661e-02 1.286767126470640676e-02
2.729953305795565499e-02 1.811763754171684393e-02 1.939960434049800564e-02
2.173342980358044726e-02 8.700771944942906413e-03 6.227044500293078821e-03
2.568220299874830748e-02 1.188502104901283628e-02 1.050335665249797767e-02
2.630904436762384474e-02 1.922492286122879854e-02 2.025242026280557953e-02
3.444976109848554152e-02 2.220100956588837507e-02 1.842425775445740224e-02
2.840209261133585031e-02 1.466249559832881640e-02 1.920364549107220209e-02
1.550514954049100891e-02 8.846067496251627457e-03 7.521393813344350553e-03
2.419676866848674210e-02 2.105322568367348074e-02 1.979907143992868171e-02
2.600684143334100473e-02 1.096594220173394661e-02 1.079613163671731130e-02
4.126510404498192480e-02 3.685128733962993869e-02 2.034560549686087461e-02
2.845369915352162840e-02 2.095813572731652918e-02 8.292363405141861543e-03
2.992291399044540862e-02 3.829519756825365551e-02 1.587307758742004943e-02
2.994360565245028638e-02 2.257835872202194893e-02 2.168639019104806262e-02
2.799439259265986552e-02 1.335925790928428614e-02 1.227093615764552649e-02
2.343328633875071607e-02 7.948600976191251208e-03 6.608661114797337484e-03
2.578272762954312777e-02 1.114432396680917030e-02 1.070893264406814344e-02
2.793738076713234153e-02 2.219709221277747779e-02 1.394957664061978117e-02
2.100493547308983702e-02 1.114296275892279718e-02 7.699635103431295459e-03
2.199909506219842673e-02 2.209676770851718916e-02 1.668727393198474532e-02
3.088378214910631261e-02 1.485939109852647821e-02 1.038496027511220769e-02
2.281990421648301404e-02 1.368233426372773148e-02 6.377647870881060152e-03
3.455211088425468730e-02 2.022108305037214476e-02 1.727884839297657779e-02
3.416849295110029744e-02 1.415460165735033145e-02 1.467077827900380334e-02
2.334021740097602313e-02 1.181161814914884201e-02 1.227230565653100042e-02
3.043291643572830496e-02 1.864406200423925075e-02 1.425247020388227363e-02
2.871826096686683205e-02 1.289341376497753731e-02 1.356820899504643935e-02
5.103985691620020054e-02 3.208686816918951412e-02 2.395458836751256787e-02
1.678276470266448078e-02 8.257995976384763584e-03 5.864932375913336701e-03
2.005753179121641874e-02 8.795903265394486650e-03 1.075162441023202846e-02
2.843862033836102449e-02 1.727829041650113737e-02 9.936438589713259689e-03
2.735329388106364640e-02 1.344919974911233662e-02 1.212078193353199017e-02
1.702786115012252383e-02 6.980372461077355428e-03 1.155479711381325950e-02
2.755009673279260052e-02 2.379502233505342498e-02 2.437966947652809094e-02
2.525148978635462574e-02 1.723188221491329941e-02 2.060396950566609556e-02
2.002962190194455122e-02 1.581110804921261395e-02 8.756583116584795712e-03
2.463636489553633693e-02 1.360429557861206687e-02 6.570193418792719120e-02
2.375686227638240319e-02 1.352843623245120371e-02 9.648300816340006289e-03
3.368478425178370733e-02 1.918676823880866716e-02 1.744466410932323311e-02
4.781091018562139139e-02 2.076011272096735250e-02 2.062997629095040045e-02
4.197911133446913939e-02 1.985236080310031487e-02 1.192806034031267982e-02
5.181727284140097423e-02 3.429615604489093250e-02 2.664856532601623737e-02
2.337366643297690907e-02 8.993672446004562573e-03 1.229299702506404281e-02
3.216508945743029591e-02 2.110544335057266269e-02 1.492988843955867818e-02
4.323846800299085275e-02 2.098929701947533158e-02 1.411499896715058718e-02
1.838100799530448595e-02 1.217877628966608158e-02 1.087910763135214662e-02
1.671671180699582648e-02 6.610534013148156550e-03 6.657208539844790794e-03
1.502930966658023136e-02 1.174014496467656529e-02 1.010809449019846838e-02
4.696116174588607639e-02 2.532949846575323696e-02 2.575792788481135603e-02
2.519644755542595205e-02 1.069882402442765175e-02 9.841820643639134433e-03
3.483743485845987309e-02 2.901296100120036650e-02 2.049930073537809677e-02
3.146864006989753826e-02 2.396344414876695056e-02 1.831424834870926110e-02
2.757512831473844447e-02 1.534338284483334133e-02 1.444148227345318572e-02
3.469908673037599284e-02 1.147655666170344958e-02 1.244175006317365870e-02
3.321781453036532633e-02 1.395144877171237627e-02 1.084204937645028011e-02
3.350332965051074086e-02 2.281353043741980030e-02 1.457617470265067453e-02
1.325276192901523979e-02 1.173438553357889283e-02 7.107624631723253456e-03
3.067726519172516916e-02 2.374130122070330570e-02 1.704538468226387063e-02
3.518058624608987744e-02 2.530815375184929453e-02 1.753705711729359670e-02
4.605928583855815883e-02 1.914792677910765253e-02 1.907743260085559972e-02
2.020893810511500965e-02 1.155475651295401196e-02 9.717128677452405161e-03
2.437513959242378417e-02 1.812332590287325448e-02 1.210519689051017117e-02
2.345058909200539027e-02 1.687430283730677674e-02 1.832571060494208801e-02
2.636936115175438078e-02 2.227714847312275287e-02 1.306027599591653987e-02
3.012734895046196085e-02 2.131613268106164610e-02 9.591854835894930015e-03
3.792487548106132644e-02 1.553513434936292653e-02 1.514488805058924505e-02
2.320263448862637523e-02 8.298833872816754886e-03 8.317417720314256718e-03
5.447157107421926603e-02 3.800565044170588908e-02 3.195900055885173702e-02
2.216049925483484784e-02 1.487737488773694869e-02 1.170637949124882053e-02
3.409037689648478781e-02 1.450047291054640079e-02 8.369665353323568410e-03
2.784042328385246193e-02 1.569204016998699061e-02 1.462495316147281212e-02
2.739630478121080764e-02 1.079575120666145804e-02 1.115413519190097333e-02
2.136791729143583743e-02 1.136029385013813744e-02 1.042613930790992939e-02
3.336319036809546473e-02 1.530347121307907080e-02 1.732471392125483484e-02
4.190570800292189868e-02 2.378773032222771672e-02 1.810358311864470118e-02
3.229631689540100881e-02 2.054448858907207201e-02 2.115025188005550949e-02
4.262336469742735584e-02 2.881511554146567317e-02 2.666630988288463955e-02
3.435981281876233223e-02 1.282219245503155892e-02 7.684988197487086815e-03
2.739514567716853227e-02 1.781215341405538444e-02 1.225943534749530765e-02
3.838752500271085805e-02 1.867365143534406580e-02 1.725383057730080563e-02
3.716321237061449845e-02 1.806459982344595094e-02 1.617282792039940673e-02
2.382541571765744992e-02 1.549798143323597409e-02 8.413179666967664921e-03
3.245566602231497039e-02 1.651044015940081322e-02 1.369254861511712794e-02
4.629246427671096509e-02 2.925972525138668262e-02 2.919826229044575339e-02
3.894933367249744927e-02 1.651830370979160897e-02 1.609333046747554730e-02
2.786461908288616340e-02 2.055853778315442498e-02 1.707059761032679937e-02
2.442145692802425577e-02 1.266928186192679481e-02 7.087624965032885034e-03
4.008534135380384389e-02 2.172424941420169134e-02 1.906451825407837891e-02
2.860059640501344189e-02 2.183483044311397558e-02 1.554683920844587494e-02
2.335568190242637981e-02 1.430114163432585905e-02 1.055335114469202126e-02
4.997079958152769036e-02 2.930565854806284343e-02 1.919443727172302425e-02
1.698193710680965390e-02 1.527982609996684366e-02 5.167743468925062658e-03
2.515300753299330033e-02 2.096964311563645836e-02 1.345393162196112727e-02
3.518575119315354993e-02 8.187126406248903740e-03 1.059996505884625538e-02
3.111872074023423404e-02 2.073902939997783121e-02 1.690126866229536839e-02
3.842916171724446855e-02 1.892112782550466402e-02 1.997703001608969881e-02
4.560115819993369735e-02 2.447907311871514932e-02 2.700507785743776548e-02
4.450998230402620354e-02 2.735072635296033339e-02 2.186150416055151688e-02
1.022654534124343463e-02 7.047928694761085647e-03 4.793261154351630485e-03
3.436530443707495885e-02 1.435397776715536741e-02 1.628603287635856101e-02
2.629130750537330904e-02 2.658898589906787124e-02 1.307372258231980118e-02
2.612173475432466932e-02 1.604670459992813686e-02 1.166538844295408363e-02
2.429724336979208199e-02 9.594923980572244923e-03 6.524110824730462374e-03
3.449847811739630010e-02 1.896355218280971339e-02 1.417024762844893565e-02
3.257940777928929055e-02 1.211918904435728764e-02 1.477122265775779666e-02
3.521259343222858662e-02 1.533940758904200549e-02 1.161500105998765700e-02
3.724092202915800509e-02 2.598454980805187109e-02 1.886680896232968696e-02
2.562534722602158310e-02 7.615251666845955156e-03 6.260223531036098431e-03
4.433929728494610811e-02 1.656872626255408848e-02 1.872386878409569230e-02
1.881630900423233652e-02 9.720666701558465170e-03 9.155016902515732483e-03
3.071442416389294494e-02 1.579159909286918448e-02 1.716159535533583191e-02
1.350644253418874403e-02 1.233429075948799455e-02 8.552115431169226081e-03
4.233940823115832364e-02 2.982579318089061127e-02 2.856855590813353260e-02
2.424795564577704454e-02 2.031636201128676419e-02 1.600773090350774211e-02
3.741857246599648162e-02 2.181673594061771942e-02 1.679669883365443248e-02
2.141428207565605410e-02 1.260700158780098286e-02 1.618730735503227935e-02
2.919866689933929560e-02 1.255589314090023619e-02 1.085930228968803521e-02
3.404618588123786704e-02 3.336005042039644208e-02 2.024408958664240463e-02
2.792460907849243779e-02 1.521485493845959117e-02 1.148072751281386562e-02
3.505010785485847963e-02 7.707311002575767400e-03 1.079837429703017597e-02
2.559956432463583037e-02 1.813678026724143549e-02 1.150509914295112963e-02
3.850342893705328146e-02 8.460927987530699607e-03 8.736604271841042976e-03
3.293635567881234016e-02 1.626403992526379363e-02 1.777255195921908365e-02
4.459712989549047962e-02 3.110293392954775055e-02 2.946908130862339187e-02
1.778012066593298232e-02 9.240869468081371052e-03 9.680686816713753029e-03
3.935129427617528597e-02 2.419600483318620071e-02 1.869861801740681229e-02
2.655596153114939476e-02 2.329183449822679747e-02 1.057858280647120189e-02
2.377288466501265365e-02 1.037323129409128269e-02 1.074353804811285611e-02
3.039389613344431126e-02 1.219076481315766770e-02 1.172453402822314604e-02
1.755893955238583409e-02 9.209646882581704053e-03 9.256845938473886801e-03
2.789984499113208269e-02 1.396868357215506895e-02 1.055345466162455059e-02
3.386203915851756369e-02 2.731173104709647831e-02 1.779595931739558212e-02
3.905131148849087103e-02 4.232408415173437993e-02 3.891298472231616290e-02
2.290415423539266318e-02 1.358264756571245756e-02 1.216081421716903518e-02
2.513339575960262667e-02 1.430662464887830741e-02 1.393146505965807760e-02
3.503058771219844103e-02 2.482497688558304300e-02 1.805241166849743187e-02
3.225330643861534091e-02 2.671041923928656192e-02 1.932600179939364393e-02
4.063073922877267347e-02 2.729144530961177123e-02 1.815332817616780933e-02
2.654160558546065848e-02 1.776464543491403092e-02 1.924235786962096365e-02
2.076598314751834651e-02 1.250684439180772822e-02 6.454008655894181642e-03
2.721597984029795400e-02 1.639164293747571305e-02 1.285357822718662807e-02
2.711875179480442016e-02 1.642376573931145917e-02 2.454365176711535354e-02
3.247734541663881147e-02 1.233017676696078480e-02 1.570127487701705044e-02
2.247388853439533443e-02 4.284058492988834788e-02 1.541270088110535501e-02
2.318744366421216646e-02 1.446209946305719585e-02 1.191131096599729738e-02
4.596910070601730597e-02 2.253507131269879421e-02 1.757187062136444586e-02
3.274043639375256304e-02 2.998655688465398303e-02 2.213457073046268958e-02
3.096243954835885617e-02 2.881928012369535871e-02 1.981952920217491809e-02
2.369386085506533512e-02 1.825563540345260735e-02 1.949932208888493709e-02
3.199545709092820739e-02 3.196599348707582222e-02 1.543920488484727335e-02
4.423969049123460673e-02 2.177363334514173174e-02 2.059592936963701090e-02
3.434488079321434961e-02 2.132309513827813918e-02 1.730666680450212991e-02
2.961828558112713367e-02 2.352882545906035544e-02 1.662328149838153066e-02
2.912699832124618013e-02 1.329193875919563485e-02 9.061105074255049879e-03
3.675602189903734440e-02 1.727086529058035128e-02 1.370926378966907944e-02
3.466809367359451055e-02 3.091554936555201277e-02 2.382497947988462816e-02
4.466381749476017182e-02 3.063297949376477675e-02 3.054838345223550092e-02
4.982121267832518435e-02 2.950857647040247556e-02 1.909466261757757424e-02
3.193619397745919158e-02 1.780278781410702532e-02 1.492101416327135111e-02
2.905764205491552510e-02 2.701516379142703678e-02 1.229805677491791968e-02
2.631951967072740373e-02 1.662315979248361539e-02 1.489082643982454768e-02
2.316544050196685592e-02 1.249877239089089605e-02 1.169066894868487499e-02
3.831631140588399875e-02 2.353653437785473146e-02 2.405908474470157266e-02
2.825288360186882161e-02 1.562111066351264815e-02 1.211232906924178919e-02
3.268550286063297283e-02 1.710224154991349388e-02 1.233560484801594914e-02
3.125987820890906849e-02 1.390396740630080348e-02 1.075500530989378575e-02
3.122887654640433067e-02 2.166774202252181453e-02 1.445667570327463861e-02
1.624180120717083967e-02 6.469468613901198026e-03 5.817480328738524123e-03
2.874800514068667073e-02 2.278544248774409808e-02 2.010037799954549065e-02
2.548939922090517549e-02 1.320776684048018991e-02 1.140255182904816207e-02
3.385645196207680285e-02 1.784676942668401295e-02 1.537832093200316476e-02
2.391315491980518237e-02 1.345176411788026778e-02 1.073854426650390319e-02
3.283484429016506057e-02 1.803942047786605274e-02 1.693553978752879163e-02
3.624276853808971327e-02 2.584006371368718913e-02 1.723377025097977411e-02
3.340044376424611272e-02 1.339446707332419238e-02 8.254000486035100240e-03
4.700024606656243858e-02 2.004384964071584049e-02 1.645731946705979859e-02
2.412939916872778104e-02 1.621621755797199652e-02 8.831084848668541154e-03
4.717794660983121169e-02 2.123012570291492665e-02 1.630463460704059328e-02
3.671318029154641005e-02 1.667225291422180442e-02 1.654219507045886703e-02
3.259509740603420275e-02 1.629600545281907620e-02 1.783494054316563451e-02
3.316232181909753440e-02 1.952651113748019723e-02 1.278473313962480082e-02
2.061875024281916574e-02 1.325137398479691794e-02 1.171511548671940253e-02
2.327736953687055410e-02 6.963046653755178110e-03 6.712534280529335040e-03
3.969096916172439038e-02 2.028765537140635525e-02 1.910730261814634970e-02
3.861310284139881505e-02 2.576087090142949176e-02 2.019040319704679121e-02
2.439561673415556464e-02 1.651936186234313764e-02 1.670666575140605445e-02
4.663292042766010309e-02 3.634472802880534675e-02 1.437557211931191764e-02
2.530517895192812075e-02 1.740028712880924144e-02 1.309108588849361952e-02
3.758536396948482239e-02 2.911623189799468145e-02 1.950362362129071797e-02
3.112239515648305629e-02 2.124280286865096179e-02 1.262144697675032269e-02
1.672565012866298120e-02 2.642433436565885807e-02 1.113405942265449297e-02
1.599888698187165031e-02 7.097393418795502201e-03 5.948655814870660273e-03
3.939335447841614546e-02 2.009298867904751526e-02 1.861785500522977754e-02
2.503173319868238697e-02 1.189324157619832401e-02 8.648816184060804935e-03
3.177839307780642303e-02 2.725529916697574245e-02 1.372494126198160053e-02
3.679972096301389189e-02 3.079644735169012257e-02 1.761070398031332196e-02
3.109680893828427328e-02 3.766670841908666134e-02 1.788138594789807218e-02
1.786989930284913625e-02 1.107923350060232431e-02 6.318240210283669958e-03
3.533860007676467574e-02 2.653888808540839916e-02 1.563863510367326584e-02
2.709564698694455140e-02 1.790934358727680475e-02 1.356702678690343937e-02
2.935314205325956910e-02 1.521671379830298945e-02 1.367109836697949499e-02
3.277020823151519796e-02 1.937931390060851355e-02 1.015907829359271805e-02
1.410307460705515804e-02 1.084921331090026725e-02 1.010622321975125464e-02
3.803123869659195966e-02 1.682889191856270020e-02 1.287934143197726720e-02
2.180607231263978138e-02 2.501620105088796925e-02 2.202141254393922068e-02
4.077927200900599569e-02 2.544585084780350698e-02 2.368255193230672448e-02
2.517999058341797644e-02 1.926329593517486088e-02 1.543557548632363587e-02
1.477122482849578533e-02 1.485724975494645550e-02 9.322281007688905038e-03
2.764332635973345068e-02 1.853707822711730957e-02 1.686593013440062724e-02
3.150415965446192595e-02 1.103913984388735572e-02 9.811373081742765304e-03
3.589979635583681605e-02 1.717296199478764857e-02 1.576754625052128114e-02
3.484762725110094467e-02 2.702338438688533379e-02 1.713973643677950062e-02
3.030265444404419556e-02 2.304444826226345264e-02 1.709278872584828191e-02
5.390243582322933047e-02 3.703734376850474630e-02 2.362271971588799507e-02
3.404988226858340905e-02 1.347286903317970741e-02 1.132724720150136456e-02
3.104568290271790543e-02 2.419617147942358659e-02 1.588029944848482963e-02
1.430692913754658818e-02 1.063649907789180997e-02 5.983034155595046318e-03
2.917573537821766330e-02 1.352811987189051282e-02 1.489022337523834491e-02
2.747080126382157178e-02 2.355418352216124764e-02 1.538382986128057801e-02
3.316011052024134959e-02 3.181474134348390853e-02 2.034459188493284443e-02
3.003541848035840706e-02 1.636687869765211800e-02 1.312430959149782361e-02
3.735510037422036522e-02 3.609073487003704173e-02 1.859972668700741669e-02
4.543489255491235668e-02 3.855931032892638555e-02 3.087623750346649848e-02
2.232195203791783461e-02 9.592200797992243844e-03 6.898764388173904416e-03
4.131603083984584923e-02 1.639506326552758741e-02 1.585640376067854601e-02
2.697118630955908439e-02 1.319761035919774818e-02 1.573105002422085438e-02
3.182235570617873710e-02 1.566975287518214410e-02 1.257767396109311757e-02
2.535950909987083612e-02 1.022727340027106829e-02 9.111978289372494461e-03
5.600037637754910064e-02 2.556785076868994117e-02 2.436586689937913011e-02
3.926480576274862105e-02 1.311307702570952034e-02 1.081729113135144332e-02
3.463019155077101674e-02 1.546310104842017058e-02 1.288152218300654857e-02
4.194614219915183267e-02 2.841344398381761421e-02 2.920265205672259792e-02
3.024038849375612278e-02 1.974793358121769080e-02 1.901578226749228717e-02
2.995894339748380805e-02 1.665800623525958563e-02 1.718330440581722698e-02
1.499751886213713734e-02 2.991909429412563295e-03 4.108824075773095767e-03
2.983155652932055479e-02 2.465051717816568733e-02 1.753889609627898652e-02
1.453540520844879939e-02 7.372439772589930995e-03 4.849417665363848183e-03
1.995577725462108210e-02 1.194076206174092200e-02 7.518265914620243795e-03
1.843244931639605871e-02 9.724889477194516990e-03 6.238545705059553130e-03
3.271420010748232743e-02 1.212049178835829417e-02 8.120027032592905258e-02
4.242365561191433626e-02 1.735712666759360590e-02 1.590578905360957515e-02
3.345931555190098661e-02 2.494029325407361511e-02 2.333747796269275074e-02
2.583099316837128914e-02 1.518994474483342620e-02 9.351999855785475199e-03
2.149647608390603190e-02 9.854713252317398933e-03 4.362179857907425538e-03
2.429401340356257891e-02 2.113267513964400823e-02 1.415258386988496424e-02
4.677103992508099134e-02 3.346451597205001016e-02 2.348696456376540148e-02
2.007306322666373849e-02 1.490741825496930129e-02 7.180606215005102232e-03
5.740347497637291602e-02 2.212930701035019029e-02 2.182478464174625668e-02
3.352883856016282416e-02 3.166655033193425256e-02 2.150642792499529027e-02
3.007287232372397520e-02 1.180491626648076144e-02 1.921943520541947656e-02
1.954776379179130191e-02 3.893723221423240396e-03 3.829045586685213970e-03
2.945054964317632071e-02 1.681117074404789996e-02 1.379644744070799948e-02
2.757814373205162012e-02 1.637936716401754492e-02 1.585463550678716665e-02
3.802451825234631072e-02 2.872554537582607675e-02 2.240373773191195114e-02
4.034802683673557877e-02 1.782356178180683620e-02 1.534356678044533628e-02
4.258231171353550615e-02 2.735318701035641120e-02 1.493743487026142312e-02
2.602925802103725830e-02 1.787257050505365943e-02 9.682068347327606184e-03
2.080835581662911216e-02 1.318085038751108835e-02 1.337005088861025967e-02
3.995221779383785476e-02 2.106913131723451779e-02 1.726250837755144082e-02
3.071333150272240187e-02 2.112006598436378529e-02 1.270720231932730496e-02
3.259765673299164918e-02 9.296074698552743085e-03 7.630236112872466891e-03
2.168423151954101610e-02 2.586791405738933167e-02 1.093505030680301700e-02
4.049268080341617004e-02 3.015034985928408823e-02 1.843702062824895821e-02
2.732115726847238538e-02 2.464152030242673999e-02 1.213472875386399467e-02
3.071568671932738831e-02 1.578154343809531207e-02 1.185496911048467689e-02
4.541073355670805639e-02 2.358233796158552484e-02 2.074803190922783203e-02
2.304257541596619469e-02 2.038982273912211263e-02 1.272209323691898125e-02
3.138941839782518478e-02 1.303715615477665790e-02 1.183898681598307898e-02
2.499001853216189367e-02 1.478970577719513485e-02 1.034377793504994390e-02
3.382597993306396544e-02 2.057537789388383387e-02 1.781378051725691566e-02
1.564698485168187353e-02 7.994404567863541006e-03 8.531904804963779537e-03
3.351578360279165031e-02 1.644646048139708494e-02 1.414155805296765829e-02
2.953554643177118758e-02 1.589558953917614287e-02 1.690887600671901400e-02
2.772811044473531827e-02 1.023381256436879834e-02 7.724330051194157158e-03
3.770221857782635189e-02 2.346109915877302166e-02 1.691344285390245991e-02
3.741062608371660547e-02 2.599772322386926723e-02 2.133358352750175033e-02
5.024768772295021974e-02 2.737460012128601836e-02 3.296624606209760250e-02
1.922599576628673465e-02 8.225395506157952286e-03 6.751136487591042658e-03
5.362864751889949433e-02 3.700643432863134907e-02 3.330068753524163122e-02
3.046217070370124680e-02 1.557444625943913731e-02 1.828214421108318929e-02
3.279348886349998937e-02 2.002451246665127096e-02 1.633999016145018177e-02
3.273650336666878574e-02 2.394529228720765346e-02 1.398934384857286432e-02
2.177149098239360842e-02 8.984360633008295349e-03 1.250913099802771281e-02
4.266308927164372961e-02 3.474573892865499142e-02 3.978382147651389478e-02
4.425509027314316474e-02 2.930156305021294760e-02 2.044738666894754114e-02
7.215843374108318886e-02 4.252061526790564677e-02 3.895848014421614963e-02
3.781703606613338181e-02 2.901075030934912452e-02 1.877863986633175955e-02
2.395437414968281872e-02 1.814010765549399148e-02 2.460405237825606314e-02
5.425289480584928603e-02 2.390519631645577486e-02 1.707681144003928009e-02
2.209151866927032068e-02 1.325591455244370942e-02 9.884377432348375597e-03
3.395734105924730351e-02 1.767182904545342922e-02 1.202567736921801404e-02
4.267767942083466187e-02 2.780843785033458929e-02 2.203100203503383092e-02
2.434414618714210790e-02 1.612514299749906801e-02 9.228947027870641057e-03
3.170341997708065601e-02 8.906716355750030414e-03 9.494058016845607906e-03
4.035776836262317674e-02 2.935586550730889810e-02 1.681048465890430665e-02
3.007898259966367352e-02 1.574818486125745612e-02 1.570124878278707573e-02
2.798383494989835699e-02 1.782586875155635700e-02 1.354417298348657359e-02
2.510433128305954512e-02 1.948026979789992466e-02 1.308272675502632904e-02
2.984949322088321574e-02 1.304660095590174512e-02 1.352554124622447861e-02
2.647757509037644563e-02 2.179401653860814012e-02 1.669015170356384636e-02
2.407410137115245999e-02 1.875404199196516880e-02 2.314155804635063124e-02
2.682075894628199036e-02 4.877310990404865043e-02 1.824099678197934477e-02
3.972841657368449825e-02 1.518974087679947522e-02 1.408866566584408148e-02
3.813677569493986730e-02 1.855703568672185944e-02 1.545452297332305415e-02
4.865961335718119868e-02 4.178321830666435754e-02 2.734733253511502371e-02
5.018270715436682489e-02 3.485552576111489859e-02 3.113813002868320162e-02
2.946404460378653639e-02 1.992507142688113020e-02 1.777888629416677843e-02
4.102120107495586809e-02 3.781690141422243412e-02 3.097060581279683505e-02
2.360154236808952033e-02 1.529100122897561823e-02 8.359982763709488188e-03
3.228113628600651902e-02 2.063035071666497605e-02 7.239245786712887598e-03
3.064470590917536125e-02 1.941109236511262548e-02 2.113163291848464340e-02
3.030774928541020430e-02 1.094304843757329046e-02 1.237035094066236268e-02
1.996104083479468758e-02 6.165552148528924761e-03 1.001218939072032535e-02
1.890793711681229908e-02 6.281111492683201340e-03 5.286928473019393386e-03
4.573202558843781490e-02 3.483758091740334767e-02 2.398975933260391602e-02
2.198748915465789308e-02 1.488153789204402395e-02 1.094351382942216309e-02
4.012244455254558584e-02 1.431691515470671569e-02 7.813377137796806426e-02
3.730691457289577601e-02 1.913842430592162594e-02 1.783297100851863673e-02
2.619791547790928724e-02 1.238566415181565836e-02 7.832153513227243374e-03
3.554299347343829046e-02 1.642095697370241081e-02 1.849480107293802883e-02
3.891370692896047034e-02 2.640043234003285055e-02 2.317114695661019047e-02
3.925911005994096870e-02 2.576848207888915443e-02 2.924449294460134546e-02
3.679824318554715534e-02 2.574122426000022973e-02 2.025227297659413020e-02
2.373570311659931042e-02 1.565264839829574525e-02 1.574984666472203226e-02
2.579700175276741433e-02 1.338724978841496910e-02 1.139316738687045499e-02
2.844398971286568600e-02 1.556712283768275570e-02 1.352721315037158645e-02
2.924702132861889056e-02 2.475187493127652821e-02 2.230377206075085522e-02
3.334228356500496676e-02 2.301887583931101419e-02 1.353299698368211693e-02
2.971678918577864634e-02 2.838886462924133589e-02 7.074096526262357854e-02
2.149080916731602175e-02 1.656518233010749117e-02 1.609921274382638059e-02
3.263839941712093351e-02 1.961191082986152648e-02 2.424085873045394787e-02
3.453331849411758747e-02 2.968248082945298960e-02 1.426281101408144111e-02
2.528756563101736132e-02 1.591870869337536770e-02 1.412069267865764984e-02
3.649155362543390207e-02 2.219248075749089694e-02 2.597632209905066658e-02
3.406893046075105264e-02 2.112505691881970751e-02 1.449873420869792276e-02
3.383034106602732932e-02 1.200414566102332020e-02 1.442887857944191547e-02
3.451604887172327746e-02 2.024095678768350615e-02 1.933825460236464344e-02
3.780063395456308151e-02 2.249700220374137999e-02 2.060797985173797031e-02
2.359991004189136363e-02 1.817032392619023773e-02 1.336771090774192469e-02
3.989190018312886027e-02 3.947267050974658659e-02 2.429275304335001828e-02
2.973845601430256946e-02 1.199477243453065528e-02 1.046926034209135631e-02
2.766170266057573976e-02 1.442150117910985171e-02 1.370048115721723102e-02
1.996296544441020573e-02 1.735090718677195776e-02 8.545673081842135657e-03
2.409105169104795025e-02 1.203920853214801925e-02 1.249972283852243508e-02
2.829759338835375129e-02 1.392109468327039357e-02 1.277666533079445214e-02
2.145114540155222335e-02 6.230572513819108982e-03 6.004638115167946870e-03
2.158520541149204844e-02 9.737080958163652974e-03 1.192411153179058665e-02
2.074363389849339517e-02 1.288045710133411438e-02 1.025190819110634831e-02
3.763834474165999450e-02 2.333469077623022761e-02 1.656047233703665869e-02
5.134202656243273821e-02 4.504194629063840161e-02 3.011692597536772681e-02
2.919361487475291561e-02 1.915186933803636471e-02 1.391789594834421349e-02
3.279197638886115207e-02 1.915936296450455184e-02 1.725547303005468130e-02
2.063218062687877802e-02 1.244481512305915978e-02 1.172658866398490138e-02
4.779572464206131160e-02 3.115529512414250135e-02 2.833475762199709827e-02
1.996761340795201456e-02 8.052379810474546984e-03 5.932178243688517906e-03
4.998265287666336931e-02 2.120526551815052688e-02 1.393375745270093204e-02
3.931859935327176869e-02 2.085417481957052913e-02 2.306642895567211082e-02
3.048237377013567756e-02 1.037349222448119557e-02 1.398085313186660759e-02
3.509068920522395718e-02 2.276018982779663344e-02 1.607273753649219802e-02
3.119328000141514609e-02 2.800900397528050673e-02 2.180518842188793743e-02
1.988239577265851765e-02 2.005482666294318081e-02 8.667597111012856001e-03
2.650579138745733782e-02 8.448251866118526229e-03 8.244842519180999030e-03
3.055663650687287167e-02 2.284318161166856362e-02 2.354546228167866267e-02
3.415454210489402009e-02 1.907757219376532420e-02 1.600748437438199653e-02
1.865882378603510305e-02 6.281081179904271158e-03 8.156763642915891566e-03
3.556998440540589529e-02 1.867915403710496483e-02 2.177640327812854770e-02
3.493529439306364281e-02 2.963005323052194523e-02 2.242607441293489531e-02
2.596022865201656413e-02 1.650902462904089638e-02 2.469769962813052333e-02
3.059886002487089904e-02 1.368461383420535409e-02 1.270117079064165926e-02
