4.631055517231082858e-02 2.094210866990575681e-02 8.495651201691000604e-03
5.461822801648411052e-02 2.494693303095858045e-02 1.471339128477568668e-02
5.412323381971693298e-02 2.331475858969222700e-02 1.115472379697715274e-02
4.316614873389514745e-02 2.003067989490382034e-02 7.280485446481576271e-03
6.139840435282660491e-02 1.132398685097822238e-01 1.307599045164486475e-02
5.879943832256454006e-02 2.992486631185421742e-02 1.592016708691053675e-02
5.345368107977229583e-02 2.444984589840515712e-02 1.387246965088903029e-02
5.506361608455456746e-02 3.350443390060055954e-02 1.745044731556107467e-02
5.289828434118910849e-02 2.416745147232457827e-02 7.589637540795952063e-03
7.688819808974689529e-02 4.726998834800179294e-02 2.423540899942110832e-02
6.196884140251106982e-02 3.055280943741460822e-02 1.544499093745656075e-02
5.989535143199421763e-02 4.090800312832582747e-02 1.527549036927280252e-02
4.099858057463778155e-02 5.086772535686601843e-02 1.349029397399433873e-02
9.285376100712761094e-02 7.622404840244684232e-02 3.411598557985083546e-02
9.165313695502370905e-02 6.156787086456079472e-02 3.222567242362914947e-02
5.357911119186880428e-02 3.937549140072045539e-02 1.152135805617859887e-02
5.826866208752469467e-02 5.469311046074003257e-02 1.795358258486679306e-02
5.357535422795111496e-02 3.287846074421568732e-02 8.962651040144835671e-03
5.316221370752187425e-02 4.807768437616001533e-02 9.307684347722881835e-03
5.441957620242320742e-02 2.662866272663976658e-02 7.739342826620737754e-03
4.513140069124577797e-02 1.722951365805677759e-02 8.997207368272619118e-03
5.584160153263814652e-02 3.259997170812649336e-02 2.107096554438295938e-02
4.179983558322336590e-02 5.359433116533949271e-01 8.928261999692486614e-03
6.579846752110837804e-02 2.483031576030550122e-02 1.643375571199532509e-02
6.868058480705452329e-02 5.733322520760172902e-02 2.411937603338648248e-02
9.395742889665276154e-02 2.269505399867635942e-01 2.252581683945993965e-02
6.284657606737482916e-02 3.499616002332749110e-02 1.839883045262493896e-02
8.697418878386260765e-02 5.204047063957896457e-02 1.839117432091678592e-02
5.226983122431276552e-02 2.201381031939189312e-02 9.683620889000788337e-03
6.918982425574508877e-02 2.235401096328992060e-02 7.752918863058638581e-03
4.500467039673131803e-02 3.623761496217804690e-02 1.396812703001120738e-02
6.488669590046980407e-02 2.277880309691964270e-02 1.468127154882033561e-02
6.946078030970920247e-02 3.442884100279884618e-02 2.553795127477179183e-02
6.144510965855079498e-02 3.422171092429804329e-02 1.918191619315934987e-02
4.716538124844857349e-02 2.881337583990351003e-02 1.123112941236472165e-02
7.030120681614027145e-02 2.962569891547022632e-02 1.354692928708817537e-02
3.628070735160957017e-02 2.654937083542919726e-02 1.222426630685767221e-02
6.361149487140166370e-02 3.244605924758439675e-02 1.783379417156580327e-02
5.740783775437804937e-02 2.526571991456831590e-02 8.879497119313408196e-03
6.643154189011457600e-02 3.603625271014943010e-02 1.518958261728521608e-02
5.461401189869075773e-02 5.816834162111809980e-02 1.783069779075967948e-02
4.488713859526365091e-02 3.087105628630824883e-02 8.842803287842527366e-03
4.856415528099495421e-02 2.969501080266254145e-02 1.477938725741661553e-02
2.986647223164930545e-02 1.130200790337496444e-02 5.926509350455362590e-03
5.992048770285594850e-02 3.253719453228958586e-02 1.368464117515840774e-02
5.648041624659536769e-02 2.690040159388906033e-02 8.774513724494720571e-03
4.175425284027487610e-02 3.718908075716884087e-02 1.149528335742603692e-02
9.717485852376510358e-02 4.795979351204646135e-02 3.675190761470160244e-02
5.201855108563781943e-02 2.159970152804583168e-02 1.090259272632579726e-02
4.332619953562312498e-02 2.003729859672495270e-02 1.058971328956718333e-02
8.569488543777095679e-02 4.338218935083368311e-02 1.399452444525568079e-02
5.326174284902715494e-02 2.323752269460845413e-02 1.035997330815706732e-02
2.686243580968078123e-02 2.369646675022257093e-02 1.262041880435304554e-02
5.330054687086044352e-02 3.169352147335272041e-02 1.037353426712429513e-02
6.511813673802401004e-02 3.053423805382056086e-02 1.228938691095749804e-02
6.522409807503731782e-02 2.677734195524675287e-02 1.762346420997682947e-02
7.621874083892421492e-02 4.281026402065057912e-02 1.592590989124673465e-02
4.593782512903433340e-02 4.514390912575213383e-02 9.382968498771411536e-03
5.217089953356125048e-02 2.653470629740412728e-02 1.276265343206061179e-02
3.772426915685794108e-02 3.923012270862855089e-02 1.317662787380166102e-02
5.942579865252153176e-02 2.922938611111371154e-02 7.307855111918021979e-03
5.716249278557421210e-02 2.966883179728135173e-02 1.924257505574249530e-02
6.919571871080466841e-02 3.443507000341237967e-02 2.058870714545161726e-02
5.503495377683344236e-02 3.449498765772250619e-02 1.401819938921943474e-02
7.380813384626035145e-02 4.322039234838173649e-02 2.296867859381183583e-02
5.467386994217595525e-02 3.482458639430768832e-02 1.475622491954524558e-02
6.969710055513968217e-02 4.005809720661109713e-02 2.050387314558142424e-02
4.914234158715955619e-02 2.191086577681053763e-02 9.719067306438400333e-03
6.262196453925247819e-02 3.527657721066430885e-02 1.866706379457266224e-02
6.496380643329405236e-02 3.285748528397161583e-02 1.687168519313126183e-02
4.391335347746556234e-02 1.806896338996083831e-02 1.378984432200987265e-02
4.708742047264412312e-02 1.835416414808424546e-02 8.599859118804955085e-03
5.228428144810494393e-02 3.617808895878154435e-02 1.436694786751279915e-02
6.545110521568012207e-02 3.840944264435773581e-02 1.459150824636916075e-02
7.020710370129328026e-02 4.646480435135034309e-02 1.685721117946308023e-02
5.464893502392544761e-02 2.901185767115220873e-02 1.396909018454740511e-02
5.427066763968235730e-02 2.188844561647063369e-01 9.660244528001354566e-03
4.599722119189800229e-02 1.667300536314703790e-02 1.120949691482104292e-02
5.477884619171728003e-02 4.567286211909235560e-02 1.547212660368886203e-02
5.685464283159937654e-02 1.949905551813545593e-02 9.387180571517843644e-03
3.389461118297836667e-02 1.531751224629130000e-02 8.381875158163078557e-03
5.240890307504298545e-02 2.488484217675213800e-02 1.402627327056019807e-02
5.209891400864362365e-02 2.591727665531087799e-02 1.348657603009749059e-02
4.935599065146627912e-02 2.756654706910558611e-02 1.462060737962788369e-02
6.095293430960816577e-02 3.635976317686425568e-02 1.965408168870282080e-02
5.788981154511661786e-02 2.505321807154909514e-02 1.576707404149801581e-02
3.196587943805022369e-02 1.170072531694801507e-02 1.148184067625923621e-02
4.482672095251900163e-02 2.305475947400069045e-02 1.206513081615047042e-02
7.065357673032392205e-02 3.742445885271893785e-02 1.586506855882206454e-02
6.481477919761446937e-02 4.415435332122655265e-02 1.696449433727878833e-02
6.993756033066318711e-02 3.395634994263355133e-02 2.557777116763204281e-02
4.356800297610511491e-02 1.727497717624492182e-02 8.903943599022731692e-03
4.427919470402583851e-02 2.107518147605744185e-02 9.834293717063850165e-03
5.571346336226842139e-02 2.763410336021338357e-02 5.078748456710415263e-03
7.787378664232645631e-02 3.580707862410344167e-02 2.377956495483653926e-02
6.375219412199824298e-02 3.541778737859428705e-02 1.563417910942445366e-02
4.674792064109919293e-02 2.306887755395302386e-02 8.181032597733162853e-03
8.314097189572614011e-02 7.122084739532380526e-02 3.756034900672686888e-02
5.204294593180891493e-02 2.767373458401264918e-02 1.730315973599419813e-02
6.506788866707229058e-02 2.882332020869980693e-02 1.809187591827811012e-02
6.202112396861746840e-02 3.650067029555448261e-02 1.767446436461939108e-02
5.787602273277454162e-02 1.967273046329027705e-02 1.520825800813589875e-02
8.141595160354477001e-02 3.455509723326719018e-02 1.328341464037362772e-02
4.755975152363516728e-02 1.185598395929952052e-02 1.139602563770006870e-02
5.503470711834022866e-02 3.457794933779864688e-02 1.127916775818728345e-02
7.406546596839255758e-02 3.885269216250728658e-02 2.542037895866392991e-02
8.479546044705459085e-02 5.511039724509628202e-02 3.039018005599810821e-02
5.810997968548842207e-02 3.239865593601817806e-02 1.590589243095870062e-02
6.707179451017718230e-02 2.036021001033110761e-02 9.519633988143608172e-03
6.713072241496197134e-02 3.361628195734316094e-02 1.524066789766400330e-02
5.828810036281240753e-02 2.908376359521440066e-02 1.735381504858968943e-02
6.993126666060588137e-02 3.107084671159924399e-02 1.902362754823929900e-02
3.949696079128663800e-02 1.707929996304446627e-02 9.879138438417148921e-03
4.927875757263082412e-02 4.958154132435602796e-02 1.434439303155655987e-02
5.662622117157328772e-02 4.079642618093397982e-02 1.678980295365507108e-02
5.796027341547305145e-02 2.777139130601906369e-02 1.643873838429581874e-02
5.247088117525459949e-02 2.458415457950308483e-02 1.234694937197483924e-02
5.733614156375411997e-02 3.131694237127426172e-02 1.306302613304571175e-02
6.781957302679698929e-02 5.209438212100875321e-02 2.266414844492312120e-02
6.357010598973164561e-02 5.604276190323811274e-02 2.690261387220103592e-02
4.741110548854949452e-02 2.332537768224286073e-02 9.689135515135765403e-03
6.243071076100178279e-02 2.802349058320212360e-02 1.045004210706944672e-02
9.484844745775858343e-02 6.326874321406451840e-02 2.998377373085436837e-02
7.430429923219407373e-02 2.842138875347995086e-02 1.091097612424836612e-02
3.431869303181006581e-02 1.862849729339249166e-02 5.626975092639580761e-02
5.507917500393780946e-02 3.991104413083324670e-02 9.685282117813326722e-03
5.713951668649915050e-02 2.937224188879581852e-02 1.781234168632255324e-02
5.217677786750466590e-02 3.266830436805281263e-02 1.558780470050735549e-02
4.693490835201544892e-02 3.067832248868120060e-02 1.200181859362950409e-02
4.866817827887807979e-02 1.944376963120119858e-02 9.900205802594805315e-03
4.917860499676286745e-02 2.398018352115718899e-02 1.669832320937529938e-02
6.039090162909493964e-02 2.420128162900401711e-02 1.286767126470640676e-02
6.993342211333714031e-02 2.882540421225208635e-02 1.939960434049800564e-02
4.928562309802489438e-02 2.648362639464130197e-02 6.227044500293078821e-03
5.404614528002509716e-02 1.732537220487220114e-02 1.050335665249797767e-02
5.174874498943740631e-02 3.459766501164978497e-02 2.025242026280557953e-02
5.803991348211990503e-02 3.327489215373774512e-02 1.842425775445740224e-02
5.064809355472334185e-02 2.606317668338026944e-02 1.920364549107220209e-02
3.262426178540072524e-02 1.614271992094435532e-02 7.521393813344350553e-03
5.778204035001401756e-02 3.378061678285861069e-02 1.979907143992868171e-02
4.416471934579926234e-02 2.198680947571438060e-02 1.079613163671731130e-02
7.528162815577903177e-02 5.466824941025443668e-02 2.034560549686087461e-02
4.974509922543025875e-02 2.350542423645567494e-02 8.292363405141861543e-03
6.134585499623484983e-02 6.327762506482008387e-02 1.587307758742004943e-02
6.358636079550349096e-02 3.745242244736574078e-02 2.168639019104806262e-02
5.860507998435640631e-02 2.866728170699540598e-02 1.227093615764552649e-02
4.120563055713810652e-02 9.865340054518653701e-02 6.608661114797337484e-03
6.437959897743936177e-02 2.067621601921213956e-02 1.070893264406814344e-02
6.315429695834695600e-02 3.404244644246731677e-02 1.394957664061978117e-02
4.247240892972763138e-02 1.582755203898239538e-02 7.699635103431295459e-03
4.990020031895437552e-02 3.929124020352099678e-02 1.668727393198474532e-02
5.312427867438827139e-02 2.184398245293796628e-02 1.038496027511220769e-02
5.241920852065914960e-02 2.461439843322831000e-02 6.377647870881060152e-03
7.688485969692239463e-02 2.851036836319779944e-02 1.727884839297657779e-02
5.359776720394095195e-02 2.037510982441806048e-02 1.467077827900380334e-02
3.768941304089547251e-02 1.715536842817984645e-02 1.227230565653100042e-02
5.826423870563972318e-02 3.372331785764085682e-02 1.425247020388227363e-02
5.945832021205184337e-02 4.601757245133351187e-02 1.356820899504643935e-02
9.728510755202204874e-02 5.496977066328304073e-02 2.395458836751256787e-02
4.315051481550226387e-02 1.988080216483566892e-02 5.864932375913336701e-03
4.978544317513140804e-02 1.618849187261271402e-02 1.075162441023202846e-02
4.191703906878647273e-02 2.737431540479616510e-02 9.936438589713259689e-03
5.665224503279522872e-02 2.648468684850429841e-02 1.212078193353199017e-02
4.431727008654987032e-02 1.469924161087884235e-02 1.155479711381325950e-02
6.009906047639856225e-02 3.916482291314421493e-02 2.437966947652809094e-02
4.877479603136503084e-02 2.230983870104534181e-02 2.060396950566609556e-02
5.237980429761160406e-02 3.146264238346614672e-02 8.756583116584795712e-03
4.472603372620219397e-02 1.927917102758586534e-02 6.570193418792719120e-02
5.518144173392467572e-02 3.046184776496318330e-02 9.648300816340006289e-03
5.300194001407640410e-02 3.856050131790576818e-02 1.744466410932323311e-02
7.415238749566255283e-02 4.813755782943787698e-01 2.062997629095040045e-02
5.709392144283940290e-02 3.009333268628167080e-02 1.192806034031267982e-02
7.884461278160002917e-02 9.680625452914128071e-02 2.664856532601623737e-02
4.279693049381688708e-02 1.439815305363496660e-02 1.229299702506404281e-02
5.053615976135004961e-02 2.332241725950056146e-02 1.492988843955867818e-02
6.349945502559636856e-02 4.336498778199104898e-02 1.411499896715058718e-02
3.674017584922474600e-02 1.554194024970375482e-02 1.087910763135214662e-02
3.522610548447523138e-02 1.199952964493343141e-02 6.657208539844790794e-03
4.230364539993985290e-02 5.100984464389418660e-02 1.010809449019846838e-02
6.994676351924036806e-02 4.224523947409072888e-02 2.575792788481135603e-02
4.429022282673390765e-02 1.721061070653569225e-02 9.841820643639134433e-03
6.594491053730365537e-02 3.846893001193701922e-02 2.049930073537809677e-02
7.367195816584062862e-02 9.272524864844755577e-02 1.831424834870926110e-02
4.805946780706444460e-02 2.786797886858604495e-02 1.444148227345318572e-02
5.776855991831474774e-02 2.313713559974463901e-02 1.244175006317365870e-02
6.534840925077373130e-02 2.269165440791417673e-02 1.084204937645028011e-02
5.080677598467234213e-02 3.618260084748538968e-02 1.457617470265067453e-02
2.962960647644088258e-02 4.935892510886370765e-02 7.107624631723253456e-03
5.806669222563177329e-02 2.941708442763013576e-02 1.704538468226387063e-02
7.266486559791721089e-02 4.078696362209942305e-02 1.753705711729359670e-02
8.226484013413999652e-02 1.848638872134076780e-02 1.907743260085559972e-02
5.535860562707515392e-02 2.242874100642435961e-02 9.717128677452405161e-03
5.492613961161658953e-02 3.109583580861151331e-02 1.210519689051017117e-02
5.945148602300610874e-02 2.458245548487143078e-02 1.832571060494208801e-02
5.753989674395284387e-02 2.798983948611569531e-02 1.306027599591653987e-02
5.066280555224291632e-02 2.669426442395703147e-02 9.591854835894930015e-03
5.493929009472973274e-02 3.337990303209992932e-02 1.514488805058924505e-02
3.939870299833873879e-02 1.158624315781823094e-01 8.317417720314256718e-03
8.310006714706032194e-02 4.809616681200071242e-02 3.195900055885173702e-02
5.010413670641788303e-02 2.311066776079265250e-02 1.170637949124882053e-02
4.848281375835351847e-02 2.100374296462124285e-02 8.369665353323568410e-03
4.820347283610727784e-02 2.464769036968794680e-02 1.462495316147281212e-02
5.876086157399752069e-02 2.183729005199260345e-02 1.115413519190097333e-02
5.591389513554785584e-02 2.002111378168645872e-02 1.042613930790992939e-02
4.805587176741864947e-02 2.987556881048455959e-02 1.732471392125483484e-02
7.953535315882698242e-02 4.063294965180859475e-02 1.810358311864470118e-02
6.500523256243836978e-02 2.835855217550631996e-02 2.115025188005550949e-02
7.743101427045602503e-02 3.985708733763961703e-02 2.666630988288463955e-02
6.573059060865962810e-02 3.394476007630313485e-02 7.684988197487086815e-03
6.979818841106490146e-02 2.758961694345931498e-02 1.225943534749530765e-02
8.333637508961364015e-02 3.291972575231080084e-02 1.725383057730080563e-02
6.082753909078775223e-02 2.584163574251065534e-02 1.617282792039940673e-02
4.500014275722592078e-02 2.539970731703084655e-02 8.413179666967664921e-03
5.995278885574694544e-02 2.786541976155910288e-02 1.369254861511712794e-02
7.817948998772647484e-02 6.595892257979327211e-02 2.919826229044575339e-02
6.966959416470791533e-02 1.277553787259640139e-01 1.609333046747554730e-02
5.522804203973481069e-02 2.333480567132061034e-02 1.707059761032679937e-02
4.447515387249584978e-02 2.115843365528916400e-02 7.087624965032885034e-03
6.172534748854143632e-02 3.020568117805107200e-02 1.906451825407837891e-02
5.605868301022542272e-02 3.080562419835162699e-02 1.554683920844587494e-02
4.639024026663163269e-02 3.088791671046924384e-02 1.055335114469202126e-02
7.062528498582136549e-02 3.784805094281923354e-02 1.919443727172302425e-02
5.649566302696923392e-02 3.180200765160513116e-02 5.167743468925062658e-03
5.598225783215841911e-02 2.809196543363962073e-02 1.345393162196112727e-02
5.338526553170959421e-02 1.755707412364001033e-02 1.059996505884625538e-02
5.159030306932907428e-02 2.970771907902663989e-02 1.690126866229536839e-02
5.972133941338438057e-02 4.636474077282401463e-02 1.997703001608969881e-02
7.794791866053263352e-02 3.347650331525473671e-02 2.700507785743776548e-02
9.214692301247841277e-02 4.459787332432535445e-02 2.186150416055151688e-02
2.756503435704552030e-02 1.188104478410064758e-02 4.793261154351630485e-03
5.874981088246009758e-02 2.625167566604838867e-02 1.628603287635856101e-02
4.600413007158448558e-02 3.434805070884485584e-02 1.307372258231980118e-02
5.655651440482816622e-02 2.124541440529525982e-02 1.166538844295408363e-02
5.779301632967159819e-02 4.892931599296698048e-02 6.524110824730462374e-03
6.322123611003602206e-02 3.219568487837173171e-02 1.417024762844893565e-02
6.465370498821426670e-02 2.317116341914318700e-02 1.477122265775779666e-02
5.668962398470307057e-02 3.207134170131749340e-02 1.161500105998765700e-02
7.626819020963240825e-02 5.536451761769119184e-02 1.886680896232968696e-02
3.837389439193592683e-02 1.419648473653672104e-02 6.260223531036098431e-03
5.110733889242017464e-02 2.624821237980138472e-02 1.872386878409569230e-02
4.591466346686935013e-02 1.167418544926522410e-02 9.155016902515732483e-03
5.818892736597252452e-02 2.587785224981472079e-02 1.716159535533583191e-02
3.853343236535078375e-02 1.876080311479374346e-02 8.552115431169226081e-03
7.755063891693242395e-02 5.552499199965209992e-02 2.856855590813353260e-02
4.970180303105650038e-02 2.772000712323895166e-02 1.600773090350774211e-02
7.408640661023811746e-02 3.120160898668658533e-02 1.679669883365443248e-02
4.160479595372962996e-02 5.465986299472090637e-02 1.618730735503227935e-02
5.577459958202319462e-02 2.282042735140125955e-02 1.085930228968803521e-02
6.548271050984069697e-02 5.046045619129085891e-02 2.024408958664240463e-02
4.533983713144079664e-02 1.749041221174668648e-02 1.148072751281386562e-02
5.112472849511501272e-02 1.220571071435687036e-02 1.079837429703017597e-02
5.483608040059986116e-02 2.619488738310768103e-02 1.150509914295112963e-02
5.661583419592079724e-02 1.701366621113312161e-02 8.736604271841042976e-03
6.350525625330388779e-02 3.114493416550572977e-02 1.777255195921908365e-02
8.100767814774104125e-02 4.616151680613356234e-02 2.946908130862339187e-02
4.072381270762366612e-02 1.237425367764547271e-02 9.680686816713753029e-03
6.693863531521604404e-02 4.514057251781622426e-02 1.869861801740681229e-02
5.297349749226047677e-02 3.402212899299397741e-02 1.057858280647120189e-02
4.549555146718809590e-02 9.881775782792587282e-02 1.074353804811285611e-02
6.158497209148658391e-02 1.996629672401064107e-02 1.172453402822314604e-02
5.574513812628723031e-02 1.836735726724271489e-02 9.256845938473886801e-03
5.825509461469475375e-02 1.862705662802657466e-02 1.055345466162455059e-02
6.443943657600470498e-02 3.995068175438080960e-02 1.779595931739558212e-02
6.415043435596405608e-02 6.774110258080046076e-02 3.891298472231616290e-02
5.252410352959738238e-02 2.469685335872940854e-02 1.216081421716903518e-02
6.485501359267202559e-02 3.158329258291195374e-02 1.393146505965807760e-02
6.413727982879720291e-02 6.405620273916097507e-02 1.805241166849743187e-02
5.411088939782705137e-02 8.403768792631612083e-02 1.932600179939364393e-02
7.058139851434544476e-02 4.352920928393576999e-02 1.815332817616780933e-02
4.083839963238974913e-02 7.716975861376823564e-02 1.924235786962096365e-02
4.291510888315779038e-02 1.454450974210400385e-02 6.454008655894181642e-03
5.455951831081155140e-02 2.905993631192383200e-02 1.285357822718662807e-02
5.921400916206672610e-02 3.697107570387687253e-02 2.454365176711535354e-02
6.691230061761105352e-02 5.356367098734614307e-02 1.570127487701705044e-02
5.431998340382895862e-02 2.288520534237050569e-02 1.541270088110535501e-02
5.442395130993375046e-02 1.941764069680180366e-02 1.191131096599729738e-02
7.476606721459000404e-02 3.315431350423165419e-02 1.757187062136444586e-02
6.801054177593654493e-02 7.072438245596876505e-02 2.213457073046268958e-02
6.799793905349180156e-02 4.847643914532141080e-02 1.981952920217491809e-02
7.437060552640688271e-02 3.166271189861393637e-02 1.949932208888493709e-02
6.826343333180016903e-02 3.848341949069498252e-02 1.543920488484727335e-02
6.406342444195647912e-02 3.940883274295454292e-02 2.059592936963701090e-02
5.623436283797126484e-02 2.611696006472648962e-02 1.730666680450212991e-02
6.161248287861526007e-02 3.143758828357409718e-02 1.662328149838153066e-02
5.082622397598098030e-02 1.668387584626515943e-02 9.061105074255049879e-03
6.496563645921778207e-02 3.087227517836155233e-02 1.370926378966907944e-02
6.519243912421644749e-02 3.563813534634881208e-02 2.382497947988462816e-02
6.709343801818948294e-02 5.197501930524765779e-02 3.054838345223550092e-02
9.378311598686861483e-02 3.534388608693232736e-02 1.909466261757757424e-02
7.409030235976454826e-02 3.178710846705105203e-02 1.492101416327135111e-02
6.372093486283100794e-02 5.039489498620725039e-02 1.229805677491791968e-02
5.819310900988169249e-02 2.652088494010184511e-02 1.489082643982454768e-02
4.117214157053700196e-02 1.669281216137670498e-02 1.169066894868487499e-02
8.128455559120299767e-02 4.364596088896507270e-02 2.405908474470157266e-02
5.715850004249509869e-02 2.698121955649339723e-02 1.211232906924178919e-02
5.787999064334656968e-02 2.638849763897449519e-02 1.233560484801594914e-02
6.533602000850152747e-02 3.082882052078027985e-02 1.075500530989378575e-02
6.194335057310354498e-02 4.038056798608093828e-02 1.445667570327463861e-02
3.330507186275273590e-02 1.683065028568361127e-02 5.817480328738524123e-03
5.946248607544279280e-02 3.777851702425583796e-02 2.010037799954549065e-02
5.474061505006318912e-02 2.129463439055968160e-02 1.140255182904816207e-02
5.453669617207779902e-02 2.689095121922710496e-02 1.537832093200316476e-02
5.383815068334120435e-02 2.546221664016052114e-02 1.073854426650390319e-02
5.753212927211168171e-02 2.576300675866688081e-02 1.693553978752879163e-02
6.597377267936964385e-02 3.535185589920712690e-02 1.723377025097977411e-02
5.942788531273436592e-02 2.712467154522029550e-02 8.254000486035100240e-03
8.467018973848126906e-02 4.041057783001082704e-02 1.645731946705979859e-02
5.171584476097383642e-02 2.252040677838521715e-02 8.831084848668541154e-03
8.580041930575403597e-02 3.869726727889235413e-02 1.630463460704059328e-02
4.684786532593719632e-02 2.678139585730573979e-02 1.654219507045886703e-02
6.343304976306347875e-02 2.467488709268151129e-02 1.783494054316563451e-02
4.698904066181259359e-02 3.777298494408431323e-02 1.278473313962480082e-02
4.820760408787606865e-02 1.485316949564398359e-02 1.171511548671940253e-02
5.167167738075022221e-02 2.053864860087092209e-02 6.712534280529335040e-03
8.267777823612505739e-02 4.128337640851642565e-02 1.910730261814634970e-02
5.681883063386667515e-02 3.344070037744515528e-02 2.019040319704679121e-02
4.847251469180009764e-02 2.352672062978901010e-02 1.670666575140605445e-02
7.081107701257187415e-02 3.775610311416111725e-02 1.437557211931191764e-02
5.078306651000120270e-02 2.703788390222677113e-02 1.309108588849361952e-02
6.186138672378963671e-02 4.221785031158609147e-02 1.950362362129071797e-02
5.151706101115500341e-02 2.438761419155937443e-02 1.262144697675032269e-02
4.118482643629829687e-02 8.965376602086519431e-02 1.113405942265449297e-02
3.473148850715036123e-02 1.420949664446752997e-02 5.948655814870660273e-03
6.979737786462923699e-02 3.017232322603019198e-02 1.861785500522977754e-02
6.176578268801422716e-02 2.236185124071383284e-02 8.648816184060804935e-03
5.018149213266171610e-02 2.418371117921934085e-02 1.372494126198160053e-02
6.167559725896922668e-02 3.478928196149577018e-02 1.761070398031332196e-02
6.691782684295315142e-02 4.054555064015288868e-02 1.788138594789807218e-02
3.832712012676676994e-02 2.029796741318329670e-02 6.318240210283669958e-03
8.291632129602499734e-02 3.507833808182207053e-02 1.563863510367326584e-02
6.364930182384316570e-02 3.081940024297352004e-02 1.356702678690343937e-02
5.367998853265452258e-02 2.902942099480132140e-02 1.367109836697949499e-02
5.575511736062203905e-02 3.090460211603534429e-02 1.015907829359271805e-02
3.756963198835282236e-02 3.179704711813437223e-02 1.010622321975125464e-02
5.679744477627562960e-02 2.617067569580195166e-02 1.287934143197726720e-02
5.056937849221063846e-02 2.615412563439498822e-02 2.202141254393922068e-02
7.422631357828664289e-02 4.699716584037214040e-02 2.368255193230672448e-02
5.804343039773393609e-02 2.828926292768842859e-02 1.543557548632363587e-02
3.105475522480029976e-02 2.332570720681211018e-02 9.322281007688905038e-03
5.386794107972247420e-02 2.458401033356559170e-02 1.686593013440062724e-02
5.709606775267155737e-02 1.865007873835820840e-02 9.811373081742765304e-03
5.680637284418702665e-02 2.523001749853363493e-02 1.576754625052128114e-02
6.933448057172190981e-02 4.066591545568505606e-02 1.713973643677950062e-02
5.678422798916371583e-02 3.885496240141320112e-02 1.709278872584828191e-02
7.771020808944985314e-02 8.675033954846317341e-02 2.362271971588799507e-02
5.291488343138858741e-02 2.016181927408890184e-02 1.132724720150136456e-02
7.144420585451551065e-02 3.130621792188409414e-02 1.588029944848482963e-02
5.319893224036484347e-02 1.514772179544824141e-02 5.983034155595046318e-03
5.463434204275366413e-02 2.233979390782667163e-02 1.489022337523834491e-02
4.478272893021527368e-02 2.860766943506282481e-02 1.538382986128057801e-02
6.655060703196857830e-02 4.218431365943227374e-02 2.034459188493284443e-02
6.124238952760407972e-02 2.914854456301624666e-02 1.312430959149782361e-02
8.836351332471453768e-02 6.376109234793840563e-02 1.859972668700741669e-02
8.899396132869255571e-02 6.257364011566796114e-02 3.087623750346649848e-02
5.743435941332853539e-02 1.713924772360976567e-02 6.898764388173904416e-03
6.631375677384876433e-02 2.553654669783991110e-02 1.585640376067854601e-02
6.358396793697639049e-02 1.945653490865817750e-02 1.573105002422085438e-02
6.837033841126614886e-02 2.515370333922502949e-02 1.257767396109311757e-02
4.460859147236691941e-02 1.152224195837580657e-02 9.111978289372494461e-03
7.498477815079866715e-02 4.038147196131567501e-02 2.436586689937913011e-02
6.647584069999104561e-02 1.994913356131133506e-02 1.081729113135144332e-02
7.060241308774076185e-02 2.783881733472200193e-02 1.288152218300654857e-02
8.252016254502776704e-02 4.439348848384654100e-02 2.920265205672259792e-02
6.088859518389555525e-02 3.794472234622987827e-02 1.901578226749228717e-02
7.566768653409940149e-02 3.175786833069883103e-02 1.718330440581722698e-02
3.938855998405028924e-02 9.271905176663611248e-03 4.108824075773095767e-03
6.335152038751652726e-02 3.380501835861045995e-02 1.753889609627898652e-02
3.779915329830985798e-02 1.079768662021952236e-02 4.849417665363848183e-03
4.006644267758916605e-02 3.068609412715564075e-02 7.518265914620243795e-03
4.779431555582799168e-02 1.484099246607960276e-02 6.238545705059553130e-03
6.008799664431103971e-02 2.635685774042029889e-02 8.120027032592905258e-02
8.451755548340467161e-02 2.918772778238528515e-02 1.590578905360957515e-02
6.796680912687094733e-02 3.949603817136800726e-02 2.333747796269275074e-02
5.766391340305773022e-02 3.144049725957132752e-02 9.351999855785475199e-03
4.095828372514477567e-02 2.010076078429670274e-02 4.362179857907425538e-03
5.080312756210852293e-02 3.158422529395146089e-02 1.415258386988496424e-02
6.893125732942483042e-02 4.536893402479764970e-02 2.348696456376540148e-02
4.077224267641851169e-02 8.104612910067814091e-02 7.180606215005102232e-03
8.053584735508664827e-02 3.571248920095432267e-02 2.182478464174625668e-02
6.695284117042651917e-02 3.886818689628756401e-02 2.150642792499529027e-02
5.863107151284098484e-02 2.503246917926674892e-02 1.921943520541947656e-02
3.918266374224920606e-02 1.036780144167669115e-02 3.829045586685213970e-03
5.525962824274583546e-02 2.814772226849548281e-02 1.379644744070799948e-02
4.818035206570433354e-02 3.953317207809561862e-02 1.585463550678716665e-02
7.057220944637294935e-02 3.487805479412604825e-02 2.240373773191195114e-02
7.383275302429155584e-02 2.624734058543086446e-02 1.534356678044533628e-02
6.510068329119703123e-02 3.896607613012610660e-02 1.493743487026142312e-02
5.180432670167652714e-02 1.940346219228497940e-02 9.682068347327606184e-03
5.762907366103862256e-02 2.392629237331750369e-02 1.337005088861025967e-02
6.756488888294139017e-02 3.478937852294866628e-02 1.726250837755144082e-02
6.161195147350486540e-02 2.265952238238604782e-02 1.270720231932730496e-02
4.472095863502545399e-02 1.085775840778654792e-02 7.630236112872466891e-03
4.517790683705382587e-02 3.430482983447702416e-02 1.093505030680301700e-02
7.045668696488546767e-02 4.254550433259340209e-02 1.843702062824895821e-02
5.776022565588282559e-02 3.530897477165793191e-02 1.213472875386399467e-02
5.404673509850131674e-02 7.076750345682318588e-02 1.185496911048467689e-02
7.719432139629986422e-02 3.994179206243171631e-02 2.074803190922783203e-02
5.121096655262788455e-02 2.785720872584646762e-02 1.272209323691898125e-02
4.825315498919123536e-02 2.192011375907994275e-02 1.183898681598307898e-02
4.610442050791662555e-02 1.218184656092197171e-01 1.034377793504994390e-02
5.639729838092152198e-02 3.303784525701207453e-02 1.781378051725691566e-02
3.617975557750748722e-02 9.942439823776037799e-03 8.531904804963779537e-03
6.650029474922317108e-02 2.274638845543792975e-02 1.414155805296765829e-02
3.880605843269981786e-02 1.995973601365163067e-02 1.690887600671901400e-02
4.584754333614195210e-02 1.616523585202626206e-02 7.724330051194157158e-03
6.444139589544900515e-02 3.881761570413609641e-02 1.691344285390245991e-02
7.446497419076635038e-02 4.145255892499997291e-02 2.133358352750175033e-02
9.202868969415757550e-02 3.925103894738022486e-02 3.296624606209760250e-02
4.928177640472967275e-02 1.356298840348176861e-02 6.751136487591042658e-03
9.693829962032386727e-02 4.769899125590023464e-02 3.330068753524163122e-02
6.791938242984976726e-02 2.112338744370081262e-02 1.828214421108318929e-02
6.018636764487891866e-02 3.079971446851367117e-02 1.633999016145018177e-02
6.153316104424155081e-02 2.970729304255754696e-02 1.398934384857286432e-02
3.624770569006666165e-02 1.627337907979016507e-02 1.250913099802771281e-02
7.996390953186219286e-02 4.752777427117286374e-02 3.978382147651389478e-02
7.112347566764333495e-02 4.415087487560293011e-02 2.044738666894754114e-02
8.048450688794070440e-02 6.465916645882821556e-02 3.895848014421614963e-02
9.117724615172753677e-02 4.481303150231484567e-02 1.877863986633175955e-02
5.430257132778284340e-02 1.141313269632990013e-01 2.460405237825606314e-02
7.012418981998733147e-02 3.488080569693048638e-02 1.707681144003928009e-02
5.306225049643525232e-02 2.016949401559825147e-02 9.884377432348375597e-03
6.414834666740659719e-02 2.772745968634207289e-02 1.202567736921801404e-02
8.422007839842642063e-02 4.767588026897242454e-02 2.203100203503383092e-02
4.222558242422767144e-02 3.823285788606936575e-01 9.228947027870641057e-03
5.053282224552291257e-02 2.225052990069164779e-02 9.494058016845607906e-03
7.687085299069544575e-02 4.489302810053258375e-02 1.681048465890430665e-02
6.328592323357072613e-02 3.018998725802788524e-02 1.570124878278707573e-02
3.319912389793498037e-02 1.976197434248873688e-02 1.354417298348657359e-02
5.975030521777442705e-02 3.115444002924140643e-02 1.308272675502632904e-02
6.757500749441890109e-02 2.332560765340522743e-02 1.352554124622447861e-02
4.808285828512234850e-02 2.563018464331708740e-02 1.669015170356384636e-02
6.356728967022191867e-02 2.331815711065633040e-02 2.314155804635063124e-02
5.462732134212745783e-02 3.709908692579239053e-02 1.824099678197934477e-02
6.314689757141733750e-02 2.445699898565196345e-02 1.408866566584408148e-02
5.093545511024107075e-02 3.515861116365099487e-02 1.545452297332305415e-02
9.129624750687349855e-02 1.112170987113861309e-01 2.734733253511502371e-02
1.148848027572793307e-01 4.888405175831461030e-02 3.113813002868320162e-02
5.808658968358196284e-02 2.950521647389982294e-02 1.777888629416677843e-02
7.534379079090411380e-02 1.150061906593727590e-01 3.097060581279683505e-02
4.007656219530841835e-02 2.179329520187851463e-02 8.359982763709488188e-03
6.083100747041082085e-02 2.614609587700212831e-02 7.239245786712887598e-03
7.403650362205828339e-02 3.264202712654860894e-02 2.113163291848464340e-02
5.240856490115031185e-02 1.797253511605295673e-02 1.237035094066236268e-02
4.218175950355475962e-02 1.228894521744317535e-02 1.001218939072032535e-02
3.582167265936359035e-02 1.222904765937498674e-02 5.286928473019393386e-03
7.625756089367054236e-02 4.930888580366035723e-02 2.398975933260391602e-02
5.003863703930201690e-02 3.008517856623926789e-02 1.094351382942216309e-02
5.918021714829487662e-02 2.377498284400453299e-02 7.813377137796806426e-02
7.906950127884396218e-02 2.650399621417925261e-02 1.783297100851863673e-02
4.813998643948933648e-02 2.535792216236327015e-02 7.832153513227243374e-03
6.905525987905974938e-02 2.936048218394908538e-02 1.849480107293802883e-02
7.134038526721268869e-02 3.845411290845276997e-02 2.317114695661019047e-02
5.916165325244774481e-02 4.141368920570988321e-02 2.924449294460134546e-02
5.269075781289535992e-02 2.991521653964546862e-02 2.025227297659413020e-02
7.358902555505394960e-02 2.932717692712584479e-02 1.574984666472203226e-02
5.394910692372941602e-02 1.721112986322048677e-02 1.139316738687045499e-02
4.667225419328931840e-02 2.978455843425346222e-02 1.352721315037158645e-02
6.119132599363728137e-02 3.133915216117295205e-02 2.230377206075085522e-02
6.335137833341329683e-02 3.687970964148112873e-02 1.353299698368211693e-02
6.705185323230726524e-02 2.975383215015661026e-02 7.074096526262357854e-02
4.621854611219711195e-02 2.390754795785858880e-02 1.609921274382638059e-02
6.629951655771591790e-02 3.433971649071485693e-02 2.424085873045394787e-02
5.424635387794410346e-02 3.385646481675549935e-02 1.426281101408144111e-02
4.722834702723615469e-02 2.547338559112730799e-02 1.412069267865764984e-02
7.890157649983624288e-02 3.481305513659774253e-02 2.597632209905066658e-02
5.260705914328663024e-02 7.690668020811118610e-02 1.449873420869792276e-02
5.897514857232706575e-02 2.085771122212101703e-02 1.442887857944191547e-02
5.129200367404955496e-02 3.334435489803329322e-02 1.933825460236464344e-02
5.997587904877996895e-02 3.116660714464111401e-02 2.060797985173797031e-02
5.106198469626192088e-02 2.401129272306414333e-02 1.336771090774192469e-02
7.866149542032067898e-02 5.341939366260689548e-02 2.429275304335001828e-02
5.571996659021776627e-02 2.189071403085629530e-02 1.046926034209135631e-02
4.926171868246997237e-02 2.185268644787780393e-02 1.370048115721723102e-02
5.442026467189609723e-02 3.250932710776184564e-02 8.545673081842135657e-03
5.152023231881287108e-02 2.279456714217359403e-02 1.249972283852243508e-02
4.188953395650769213e-02 4.322159764945649602e-02 1.277666533079445214e-02
3.721776014591014758e-02 1.064195259167486154e-02 6.004638115167946870e-03
3.860925497787135591e-02 1.838154477409428139e-02 1.192411153179058665e-02
4.218876240697884417e-02 5.091356234219290844e-02 1.025190819110634831e-02
8.775526586840484700e-02 4.356566225878111265e-02 1.656047233703665869e-02
9.490600160156018039e-02 6.183316892578424873e-02 3.011692597536772681e-02
6.026527887500979230e-02 2.255713578960137286e-02 1.391789594834421349e-02
5.618605540667567094e-02 2.906602328557755799e-02 1.725547303005468130e-02
3.363171496792408122e-02 2.118856806188585545e-02 1.172658866398490138e-02
8.403125674164739489e-02 4.754812030747746637e-02 2.833475762199709827e-02
4.197464782916532355e-02 1.694734262600525870e-02 5.932178243688517906e-03
7.133309763313376572e-02 3.666113054990276232e-02 1.393375745270093204e-02
7.788755759446837346e-02 3.311657058090805572e-02 2.306642895567211082e-02
5.125533630762858783e-02 1.831739099789892258e-02 1.398085313186660759e-02
6.943566847103553596e-02 3.252766330829379160e-02 1.607273753649219802e-02
6.754833555664419009e-02 4.188428806695304596e-02 2.180518842188793743e-02
4.457990621677940940e-02 3.930204315614662519e-02 8.667597111012856001e-03
5.726882055813457828e-02 1.276739058300259758e-02 8.244842519180999030e-03
5.472122789033191659e-02 2.999001215160497155e-02 2.354546228167866267e-02
5.773018974956711097e-02 3.487730263389862695e-02 1.600748437438199653e-02
3.852368462944374961e-02 1.242292258438736259e-02 8.156763642915891566e-03
7.458973217288454582e-02 2.970967487219335762e-02 2.177640327812854770e-02
6.976763554957482460e-02 4.528862136975660146e-02 2.242607441293489531e-02
4.405841304063799757e-02 2.135591625702350574e-02 2.469769962813052333e-02
7.206179336858600792e-02 2.571434615578581731e-02 1.270117079064165926e-02
