7.071675984669610615e-02 4.027421333997636271e-02 1.840408590164598068e-02
4.406415655337319465e-02 1.802067010333706643e-01 4.474227969832662855e-03
6.212038068026475707e-02 3.453469743272186143e-02 1.043536083039463963e-02
4.298103757794773105e-02 1.635434996491529763e-02 7.141632911894159330e-03
4.300267555492994637e-02 1.281054929948907163e-02 1.498363919315010874e-02
4.490359160499811375e-02 1.868099911752151010e-02 9.973962732196788722e-03
5.465136349854443631e-02 1.212763844966984264e-02 1.908717129994036421e-02
4.394303432677904020e-02 4.000537161640597972e-02 9.158630115454171466e-03
5.448788307392459646e-02 2.341279259767153897e-02 1.151422457191691832e-02
5.082905048459703673e-02 2.440564150617885453e-02 7.739196344614441420e-03
5.306068087607831996e-02 2.131183782518630138e-02 1.926934898546067351e-02
5.297624888981258828e-02 2.191411498968460353e-02 1.480596311601929324e-02
4.777772592062895507e-02 1.637657504347116155e-02 9.496484693084141643e-03
6.698485631537821894e-02 3.028307173839238364e-02 3.048804512612232620e-02
5.837121437237315774e-02 5.217412364512397788e-02 1.545256363795477310e-02
6.825013717167226213e-02 1.024476028341281958e-01 1.821757484727846987e-02
4.226917414937826634e-02 1.711537636871252738e-02 6.746533866770308176e-03
3.861937985988427718e-02 2.353774285975538880e-02 1.620858114668964622e-02
4.963309848180940537e-02 2.094360734865399754e-02 1.983308601749052963e-02
6.533388560052104388e-02 3.412987697071153542e-02 1.415007840669977451e-02
5.100525234193518248e-02 1.469752194272558668e-02 1.261144717860531936e-02
6.283923920192446833e-02 8.008937244576005976e-02 1.810328152859700182e-02
5.432852221908998636e-02 2.141201268046056400e-02 2.299376497981602332e-02
6.423965585082562491e-02 3.869591408683381584e-02 1.584002860090403392e-02
6.240295184598727146e-02 3.420763956995520605e-02 1.594673100352836034e-02
7.046186967556951342e-02 3.830088990536417715e-02 2.116320901070992827e-02
6.576406566984047131e-02 1.594622930394374791e-02 9.745957797358208510e-03
4.602295270612907080e-02 6.494460285144260103e-02 6.017243901142284301e-03
7.640931604846427916e-02 2.971366682495966624e-02 1.827846004971710875e-02
4.951728998214199179e-02 4.165935517804300603e-02 1.997338679130420194e-02
5.181255587319785749e-02 2.265693489372152050e-02 1.311670161041904835e-02
5.236895236594538844e-02 4.134136986127828761e-02 8.125761785181135829e-03
5.737753124936970789e-02 2.387480882940913596e-02 1.743555388457596056e-02
3.817097061010569364e-02 2.234768357282298015e-02 1.031906986281063560e-02
6.372669840646121020e-02 2.618330640789124503e-02 1.177924058841469356e-02
6.062858983799910423e-02 3.301218905791482305e-02 3.038617281066034043e-02
5.365830991046029869e-02 2.703150195101754194e-02 1.805153590681559880e-02
5.101848765200032998e-02 2.497379948259627683e-02 1.840379457125626561e-02
6.373942606654069143e-02 2.785562592651784353e-02 2.173673209346553906e-02
5.741679696215968437e-02 3.228731401951313862e-02 2.156169118377311220e-02
6.218268824808165923e-02 2.706215651589108373e-02 1.792322421357013876e-02
6.140504279549259536e-02 2.018628880758487759e-02 7.423564840474692131e-03
4.658709619295523657e-02 2.806793366929545910e-02 1.911490536956029357e-02
6.385650919321941843e-02 2.410936190980229876e-02 1.208977518240527543e-02
4.701103035873476638e-02 3.954215574750198636e-02 5.661939328678531821e-03
5.141513928241651932e-02 1.837400816197811912e-02 7.849561079919990456e-03
4.945484768027309103e-02 1.720301322951113890e-02 7.974851699682974568e-03
5.917390595556817207e-02 2.707724802779894538e-02 1.945144776829568767e-02
6.611459818652268283e-02 2.675350362067004106e-02 1.895457509093098278e-02
5.150907795633239555e-02 7.448618554061424424e-02 1.332735119563997241e-02
4.244964067323319518e-02 5.224481100170146053e-02 6.897789839232549430e-03
7.173461725073648765e-02 2.524887673273503580e-02 1.511005245955718453e-02
6.424993280740040613e-02 2.402211745927140124e-02 1.636424587443237669e-02
4.791571021399722297e-02 2.025109793271613612e-02 8.666166329438635546e-03
5.960792359477259245e-02 3.218261777639564586e-02 1.433607703100382366e-02
4.910582096183462725e-02 1.375210652442486990e-02 4.112681080803413415e-03
6.251413436846116334e-02 2.795567086619587041e-02 1.120417047250661484e-02
7.257298032174941405e-02 3.999784658747217170e-02 2.515952695128492733e-02
6.241668270317667772e-02 2.064913057456019274e-02 1.123410937150381636e-02
5.774364664517014217e-02 1.961476919508410577e-02 1.964045028725917852e-02
6.514785993376406847e-02 2.416455377211049194e-02 1.460333523378934927e-02
5.518972003462968567e-02 1.749229247473050100e-02 7.723609362858895044e-03
7.525258546104146573e-02 2.640447028562802056e-02 1.616826004266552069e-02
5.559105594240216358e-02 2.673203483362854641e-02 8.241926322476328740e-03
5.308024948961989620e-02 1.671397209001545051e-02 1.120329173338491247e-02
4.665776269369611290e-02 2.679134199403868793e-02 1.321115915528761967e-02
5.418044896008822331e-02 1.035215737990064118e-02 3.102474218698779776e-02
6.480759518963677412e-02 3.034101207871425787e-02 1.602200794301118086e-02
6.016318066533180714e-02 1.989816940229501702e-02 1.076452294509002913e-02
5.547913606100423473e-02 2.596774663553308091e-02 1.126435653133477967e-02
5.397044265973125615e-02 2.099074063829990330e-02 5.138111884499251512e-03
4.856511964955317201e-02 2.363813372038039290e-02 1.106617859289499121e-02
6.133867488078434405e-02 2.487092697623325202e-02 1.280556543280978420e-02
6.372460622545900177e-02 3.020161845681084561e-02 1.340569174879550039e-02
6.157204074503998953e-02 3.423238956981440595e-02 2.735140906756734075e-02
5.292530487353863666e-02 1.331317542277511007e-02 5.346335862690636612e-03
4.678338912657257348e-02 1.720973427407241144e-02 1.247119935303728049e-02
6.549861173867649322e-02 3.108460362102222208e-02 1.657654751000470911e-02
7.672594660052105275e-02 2.886503173533327277e-02 1.517956477171516008e-02
4.084812766593395178e-02 1.781932687478542110e-02 1.292232834667704673e-02
5.498203837957271745e-02 1.151498855092177899e-02 9.213203462535247620e-03
4.839541097905580153e-02 8.361091218251139046e-02 2.602354292291435625e-02
4.169780026434552478e-02 1.239803975350002412e-02 1.406441174079119116e-02
6.311469099148171724e-02 2.726808038752886673e-02 2.908667694345463961e-02
5.057287958525095301e-02 2.037441469092997337e-02 6.807219244511048331e-03
5.088649197142908198e-02 4.155335265571383219e-02 8.761082811916809723e-03
6.938384213437731596e-02 2.876330112959784441e-02 1.107529491528525326e-02
6.048016152871858037e-02 2.746614125298085796e-02 1.524871529538863665e-02
3.938441644687490362e-02 1.179401600681949380e-02 5.313697413334253147e-03
6.089076540958252709e-02 5.784201015304484689e-02 1.087788419715575959e-02
4.536176335031506801e-02 6.928128638405278705e-02 1.686345785224619906e-02
6.371937808372321599e-02 4.532403758702182456e-02 1.692546369539002157e-02
4.994695342150952400e-02 1.568819756932449128e-02 7.354970977624289419e-03
6.729331004905621250e-02 2.140608080499889834e-02 1.167225579427112053e-02
5.662223875031419107e-02 2.466535816288766697e-02 1.138537225621825445e-02
5.304460308561628062e-02 2.295722865790902206e-02 1.323041964698108176e-02
7.129974622225464242e-02 2.709017741652852695e-02 1.478018586439041812e-02
3.743845556910293387e-02 1.164106286723880397e-02 3.762865236833647532e-03
5.418897304700945328e-02 2.850353086841438122e-02 2.493247132668957242e-02
5.363050074843671994e-02 2.221839782980750480e-02 1.282175113649526924e-02
4.723820772916986765e-02 1.591392584268967042e-02 1.145640590541602798e-02
5.956706711337274307e-02 2.029390642629287297e-02 2.267624294221468745e-02
4.497526269115656450e-02 1.517281221452247697e-02 5.957727665023407337e-03
4.393624750974178123e-02 1.618754190883475372e-02 4.785654830011723711e-03
4.219321979855290145e-02 9.264178396315107811e-02 1.076405878282461585e-02
5.397959219949504533e-02 1.741055452264755193e-02 5.481395430060371880e-03
6.883980759298397034e-02 4.200579509228556663e-02 1.283580820971931546e-02
5.162496757506206818e-02 2.298848701123470256e-02 9.386267231950809475e-03
4.902227148363024617e-02 1.454186083974313634e-02 1.034059442878669521e-02
5.564331977419088859e-02 2.066619894820188527e-02 7.502811460287495474e-03
5.365825956970985550e-02 1.831526665688639616e-02 1.679796969900057557e-02
5.207271394938983028e-02 2.761770441822348349e-02 1.354125044317641170e-02
5.233672255785044858e-02 4.397596594034867967e-02 5.457096980220472321e-03
4.857155692523684731e-02 2.443727162621030929e-02 9.236520758722544661e-03
5.990307664681373406e-02 2.522597913787459969e-02 1.511187536339587793e-02
4.093360889346901038e-02 1.680378698989214853e-02 1.509789591959863342e-02
9.383215896855781613e-02 3.066506005419609299e-02 2.580247184262831478e-02
7.206119724252853243e-02 2.138847984014064993e-02 2.161293952487297609e-02
6.700989404843531172e-02 9.842140248648116596e-02 2.097445530789488616e-02
4.092747235913453407e-02 1.615002143957097389e-02 5.686585563005840810e-03
4.684090246681401476e-02 2.184492289735056117e-02 8.807291115440919055e-03
7.593511787926350565e-02 2.093609239924567114e-02 1.103564860761446949e-02
4.651190058408315869e-02 1.327674728705811359e-02 6.405319889639164883e-03
5.812250050180285676e-02 2.388300582149961715e-02 1.087087820327996279e-02
6.169093814761446304e-02 4.623865206662967214e-02 1.588844546299946620e-02
6.458355884069635899e-02 2.482921229751063399e-02 1.088271292867037596e-02
4.546670529600681243e-02 1.919645428755460681e-02 6.761294432187392803e-03
6.486210260079341983e-02 2.056664179004866894e-02 1.157187411644215562e-02
5.767387684452227742e-02 3.562938987580567540e-02 1.504494182770481706e-02
4.595156809995726288e-02 2.229009016403465243e-02 1.574734668992374548e-02
5.897360824264093887e-02 2.069957152456981114e-02 1.719659697607559337e-02
5.990583316765365346e-02 2.185000427693312847e-02 1.728097429060850357e-02
7.345605660980736307e-02 3.516092918001569034e-02 2.751206009729050342e-02
5.194921329116488490e-02 2.552397139010308819e-02 1.377375135000386171e-02
5.399035991881727392e-02 4.778995978269584555e-02 1.491917379601832502e-02
4.218933472597452550e-02 1.897499656486577313e-02 8.050370312050128194e-03
4.247713153740344250e-02 1.324348037585305893e-02 1.016401717503985502e-02
5.406331873809459149e-02 2.252092782963788578e-02 1.629767322204743810e-02
6.458198570060248722e-02 2.292968733010823310e-02 1.784365272192444535e-02
6.188459482527895045e-02 4.699450171433822154e-02 1.165162972489397659e-02
5.277852055271681220e-02 1.520439456799838572e-02 8.551037984776996975e-03
4.597056314493661033e-02 5.678355187500655488e-02 1.358993220625777723e-02
6.197690523417844627e-02 2.411342222278256564e-02 1.012029304211798514e-02
6.782572122979765861e-02 2.575756391778467533e-02 2.532623006470969412e-02
5.772922935652468474e-02 2.246890478892606818e-02 2.112682510635311567e-02
4.364400281380745317e-02 1.137384401081508768e-02 1.276048661904653422e-02
6.702424269145734748e-02 2.530259442191856029e-02 1.724649567735611622e-02
6.683055600978042576e-02 7.095963206955824276e-02 1.779278867589839316e-02
5.471706299710729637e-02 1.977465454661887431e-02 1.329889862443027655e-02
6.981478152346795585e-02 1.642936305670260333e-02 1.436658776458835454e-02
5.753075059538997199e-02 2.769922740360632532e-02 1.864563557081798384e-02
5.478126997100548484e-02 2.334736199875261237e-02 1.196289099858799734e-02
4.845698713283279335e-02 3.579254978155173988e-02 6.641992896040877122e-03
4.954326664655966939e-02 1.148968598007145056e-02 4.937209699083964023e-03
7.575622943532654696e-02 4.638546645216118369e-02 1.886075585685455941e-02
6.175897557425338857e-02 2.016101833248046260e-02 1.526528216497020571e-02
5.762892981343567533e-02 2.111078924570655713e-02 1.273264545650574370e-02
5.174673185104827072e-02 1.774002246095309765e-01 1.251745475308077386e-02
5.056727770143448764e-02 1.917860294821668518e-02 1.096857716143354727e-02
4.004553864338589175e-02 1.238392935080660437e-02 8.692123219958334049e-03
6.994814554933999340e-02 3.623358266093496677e-02 1.958195896986233975e-02
3.657678682602399922e-02 1.174704793599318231e-02 1.037400198669625496e-02
6.075499409115997507e-02 3.848860443916111290e-02 1.938247684573449550e-02
5.039438988153260163e-02 3.104472642831930182e-02 1.563836173022803422e-02
6.500003819075392264e-02 3.608097797300308107e-02 1.258647143114921887e-02
5.455525438848813496e-02 1.682585517227866076e-02 9.259457093183881202e-03
6.725358539686120130e-02 3.538239294429813830e-02 1.077773616489526021e-02
4.235107494486275992e-02 2.293703235604131405e-02 2.210754132770239785e-02
4.907192037946932900e-02 1.813114827936281037e-02 1.564358138245572696e-02
3.676502406569170933e-02 4.717579863616939290e-02 5.106332234131820587e-03
5.114276712796839847e-02 2.847033218074267180e-02 1.472003919239836187e-02
6.051792820474204138e-02 2.198863097689578161e-02 1.547957866108764548e-02
7.277298125785816585e-02 3.025402538933618171e-02 1.313283948834555528e-02
5.971677523967295481e-02 2.595644763846575651e-02 3.451187817987359102e-02
6.509262284302255730e-02 1.671689710099997714e-02 9.985687670701199475e-03
5.399133994604144587e-02 3.022325040639918178e-02 2.126059120563575724e-02
6.672962055787971802e-02 2.673039382730554164e-02 1.227899365012143432e-02
5.964706882653764142e-02 1.913295083068129732e-02 1.560526364163064734e-02
4.316715779796748143e-02 2.452366509041539050e-02 5.827067357793607252e-03
4.233757454851463237e-02 1.894923953295847216e-02 1.650678742648936659e-02
4.827019585189155221e-02 4.164995759658095265e-02 9.217110019438186017e-03
4.531178363998086128e-02 1.812375346737405205e-02 7.486580106447298516e-03
5.437642913144734302e-02 2.594401622205131167e-02 1.312680114901887234e-02
5.912539761476306305e-02 2.390253323353248513e-02 1.006033204879760654e-02
6.175058854717671575e-02 2.881172536463365297e-02 2.602882253650313019e-02
4.164010301789423940e-02 1.063197016669033962e-02 9.359836750578970355e-03
5.263546907623193466e-02 2.185882924477910993e-02 1.468139367705366405e-02
4.668064536954207727e-02 1.345391851223908149e-02 1.594151462338723457e-02
5.420409853515630039e-02 1.401011087773525524e-02 6.694268655627733274e-03
5.969486907659929398e-02 4.219500885506862614e-02 1.421214580602506508e-02
4.231714100116276689e-02 5.335175069312182022e-02 7.648194273915840183e-03
3.475765081278393148e-02 2.425963824702576793e-02 8.866256048346699351e-03
4.729151567132452993e-02 2.326268427168066977e-02 9.741733020443206839e-03
6.379143462973985157e-02 3.953536828324954316e-02 1.849717775491777419e-02
6.226820918223555795e-02 3.566463268916009177e-02 1.886004531779082380e-02
6.143741049376397895e-02 4.069259302990828053e-01 1.064169713516714168e-02
6.427492343888904780e-02 1.926604479061599234e-02 1.626117200646270619e-02
6.394552773495663922e-02 1.511906813663307404e-02 2.540121908091531530e-02
6.913015075355082029e-02 4.259369630433601506e-02 1.812082929049963279e-02
6.801013358058952130e-02 3.046817095582038046e-02 2.039452109104108318e-02
5.963112085443558058e-02 3.629193581301862204e-02 1.459452326960205236e-02
5.228439122717284948e-02 4.906017604374499075e-02 1.245402099386591285e-02
5.989812614587004119e-02 2.646989977701533214e-02 1.126098365749816227e-02
6.465323728895876199e-02 2.277258463576295466e-02 1.299019898558533524e-02
5.818423993467022881e-02 2.373746442238595586e-02 1.450815291176238420e-02
5.745956953261367739e-02 1.935426397996078615e-02 1.697299195005924632e-02
4.869818261495515582e-02 1.715650722244394660e-02 2.071938724462719580e-02
6.178417228558641394e-02 1.537633437044723557e-02 9.055370799543601551e-03
5.688147446428412635e-02 2.842194223190945210e-02 1.249271339197474857e-02
5.816078140706262833e-02 2.209103990798758077e-02 1.336238411729086598e-02
5.167608480099934731e-02 2.044846950462887378e-02 7.836413717825481753e-03
4.967802367281977383e-02 1.938679533835370797e-02 8.579549812406982515e-03
5.681404133653789740e-02 2.636341505126495524e-02 1.449090773610880664e-02
7.070209405982270934e-02 1.924641578940208125e-02 1.381969152512921122e-02
5.083330275338274196e-02 2.422192513366633673e-02 1.162601526362659274e-02
4.565721585433822616e-02 8.497845666401212389e-03 4.203731387576551196e-03
4.562228521895314581e-02 2.321409133585033632e-02 9.092866018466837230e-03
6.079399014894657644e-02 3.120497979687563567e-02 1.057052496404902245e-02
5.442841397712869927e-02 3.891668301516378048e-02 1.850334367763569257e-02
5.795297309064498248e-02 2.451378576196502207e-02 1.869592164120020480e-02
5.667582162586890654e-02 2.069013640187404232e-02 1.194797236332890457e-02
4.345870682122979917e-02 1.199959017071480609e-02 7.337317555287599206e-03
5.482545067013328000e-02 1.200099667721084111e-02 1.086047991044411347e-02
6.093448586017862628e-02 2.545215132259591104e-02 1.276838611067506943e-02
4.907623264898247628e-02 1.073247749128871872e-02 3.967056915138772975e-03
4.261109332596448723e-02 2.879010297047163852e-02 7.060475046770159011e-03
7.074210543689640751e-02 2.387006508146022887e-01 1.076554886065746348e-02
5.070145736032915379e-02 2.016368128513393657e-02 1.189656295284842111e-02
8.393724220171837336e-02 8.741944374515873972e-02 2.407782500741798004e-02
6.153267070596184218e-02 2.739519946887375434e-02 9.053018510907315936e-03
3.992085076159122142e-02 1.588887096889509895e-02 1.403282075805873871e-02
4.931421662192388838e-02 3.115956292477642386e-02 7.658092865675402046e-03
6.017872713167130710e-02 3.437015056075368863e-02 1.881878461352368137e-02
5.202195046100943632e-02 2.801218856486764608e-02 1.512617114699947932e-02
4.578595647134000440e-02 1.488484184568768069e-02 1.960739699043539258e-02
6.264258506443880214e-02 3.330920881159001035e-02 2.799053156702188336e-02
5.654026982646381122e-02 3.005228861851910044e-02 1.521763793154872271e-02
7.042852553413427030e-02 3.330191585661161635e-02 1.101775312962861332e-02
8.543057263170074356e-02 3.567764146077104237e-02 2.410460394784793084e-02
4.771920221029231357e-02 1.251418672027491616e-02 1.074335397105802455e-02
6.476153587699097491e-02 2.822199223738359325e-02 1.479137390991399313e-02
3.593742959532828657e-02 1.030606659796563622e-02 4.215211076552056318e-03
7.066222848580404337e-02 6.823108905186342499e-02 1.794389693607786884e-02
4.835244990540123883e-02 1.990816507662519219e-01 9.116665140016352170e-03
4.861247669736826205e-02 3.057342238132002704e-02 2.116454701634436567e-02
5.156421921528024643e-02 1.558819360757199637e-02 8.576073893162819775e-03
6.112195035332405185e-02 7.126236885009613886e-02 2.245367554088008311e-02
5.274903017642165737e-02 3.279660601867946668e-02 1.396172621105274021e-02
5.339082749408936152e-02 1.986825146337015471e-02 1.677336275315405995e-02
5.141414977264675834e-02 2.052355845226684974e-02 1.635089285676081042e-02
5.090981597173940137e-02 2.087814064103804892e-02 1.128425160050319960e-02
6.774188982458957675e-02 2.725184124181241618e-02 1.003798390837354337e-02
5.047611399701969204e-02 1.870925189365060110e-02 2.204687307878872710e-02
5.861162783672473064e-02 2.095275178908444919e-02 8.466025534221269938e-03
5.230086788191711661e-02 2.259415193943328098e-02 8.911053987454366915e-03
8.108465354399076175e-02 4.270919115368998487e-02 2.324581693811505340e-02
5.619095729622376051e-02 3.921535463626717871e-02 1.143523687695928090e-02
6.065472505364131323e-02 2.855686434458416106e-02 1.923608173715991854e-02
7.135126742885580797e-02 5.534729244219319805e-02 1.612773259391694219e-02
4.521608839003044694e-02 1.245294279778412679e-02 7.599385166592939264e-03
5.160229878920817581e-02 2.389444716614277583e-02 1.230715997297388009e-02
4.726876682250481104e-02 1.612877650690048431e-02 1.507031495067542512e-02
5.349165656921978096e-02 2.071496043970462442e-02 1.600112042022038689e-02
6.325560108749779531e-02 2.399207176650139037e-02 1.332929612037133012e-02
4.207029691334438631e-02 2.523737564440117417e-02 4.514508367383703730e-03
6.030262093372582011e-02 2.470342549842246063e-02 1.858116630755728485e-02
7.409149051488830851e-02 4.141014726149767206e-02 1.827802111102557261e-02
7.866894211775729562e-02 2.306985479733941052e-02 1.551471794343055668e-02
6.446037975019014432e-02 3.295813046218873388e-02 2.246429071332253086e-02
5.461696120808271632e-02 2.536674357334247482e-02 1.491755702820467266e-02
4.088762976679617689e-02 9.950703278867881890e-03 4.305847747718758237e-03
6.407735026481364837e-02 3.796429647805212720e-02 1.486323381485616171e-02
4.548740708427184004e-02 2.736132985533448053e-02 9.117475613140878232e-03
5.599474037468331333e-02 2.192315053681062609e-02 1.123578066022110078e-02
7.057128965376135987e-02 3.112935632792345614e-02 1.218220203568063861e-02
7.299572109980714818e-02 2.959300143559490115e-02 2.335507351552871397e-02
5.986120817406223593e-02 3.390566734079761280e-02 1.772909342151972670e-02
4.656045295234035458e-02 2.372449563596697522e-02 1.284032756150055472e-02
4.184647069204046332e-02 2.408838450385553803e-02 7.154099717834159003e-03
5.811340665510233289e-02 1.554977511718340713e-02 1.460472406257099301e-02
5.363647013975401251e-02 3.246113671045378068e-02 1.386612735171043227e-02
4.531629731256588134e-02 1.530876043720351236e-02 1.707196654755655657e-02
7.465894981544825282e-02 1.435405700614645896e+00 1.208887988536905961e-02
5.764558310622514004e-02 2.110473310554034782e-02 9.127311220311577072e-03
5.183252449628813346e-02 2.592132161160676587e-02 1.062145105970068240e-02
4.754691741652435771e-02 1.867200071119672761e-02 5.986335310129721997e-03
4.420602562894440646e-02 1.675967733221046113e-02 7.264659463268543019e-03
8.021385607330928924e-02 3.369115973719018220e-02 1.524237149675068161e-02
5.137889448391109309e-02 2.777401969811298804e-02 1.493809625544264760e-02
4.460771118419280118e-02 1.507534898913366964e-02 4.550210049361417576e-03
4.511545070422801063e-02 3.426844548276326841e-02 1.055163102642705034e-02
6.085725657961655460e-02 1.293784261270289684e-02 9.594972579005142665e-03
6.635564423508694132e-02 3.445832567639210003e-02 1.772257117072781676e-02
5.819525788351288809e-02 3.239284368522140495e-02 3.023736445703199133e-02
4.987953081685175816e-02 4.666155484804734160e-02 6.941214321650922281e-03
7.711319513807411707e-02 3.741359747373622369e-02 3.223557516319168481e-02
8.044324233266450519e-02 7.473864496720399042e-02 9.017292379688596204e-03
6.312763240830401856e-02 5.308452281418104407e-02 8.020255827875771848e-03
5.201464097970979333e-02 1.913605732599523573e-02 1.126432341125707670e-02
7.716153124536956343e-02 4.851811496241342780e-02 2.468776633217895089e-02
5.390541610761181296e-02 2.074762688829046367e-02 9.598852980976471660e-03
5.163483445148592949e-02 2.286922696870044916e-02 8.995159959375591957e-03
7.243616582568915274e-02 2.880542311611900691e-02 1.418154139126965099e-02
4.040259295301242698e-02 1.365015290325449077e-02 1.145607270582853568e-02
4.092165764296783192e-02 1.913431443787676905e-02 1.194495259025825373e-02
4.666073811961992529e-02 2.504369199795066989e-02 1.911564236650594578e-02
4.787335194247747255e-02 2.264718340219767576e-02 2.629566568179312128e-02
8.902194974521811244e-02 5.269832582156289136e-02 2.152601208125291127e-02
6.371974880612871206e-02 4.317466802301317408e-02 2.051269628692926200e-02
4.713255894301876525e-02 2.126511582116701396e-02 1.161583245913546530e-02
7.198442888634867809e-02 2.494560309116293159e-02 2.028751018783557167e-02
4.507991902883089902e-02 1.374762443893578004e-02 6.227594374598926022e-03
5.496490890935339796e-02 2.453047910313521998e-02 2.002146015570718113e-02
7.902117928312546447e-02 4.068352327887626851e-02 1.823466691452492114e-02
7.536567663168737552e-02 3.566001048749546654e-02 2.869647767115741585e-02
6.424977447527889518e-02 2.125008550003519570e-02 1.050334429159739333e-02
5.495577929471064105e-02 2.739999065669740039e-02 1.674573272530476345e-02
4.537556558923503541e-02 2.075490317830298859e-02 1.680818371200132333e-02
4.951473710604867989e-02 1.780407180816146601e-02 9.088676086974044679e-03
4.497864108126198301e-02 1.057881669659225740e-02 5.332094450477949978e-03
6.145452464981705082e-02 3.167780367593370228e-02 1.188640293726530781e-02
5.152166777369928535e-02 3.591466734730609789e-02 9.548362623120643100e-03
5.611632811927617231e-02 2.145047155903700986e-02 9.906909102288655178e-03
4.935943431440756313e-02 2.853106769813263527e-02 1.281182314368818111e-02
6.103775926369087862e-02 2.284481781890676522e-02 8.941035248183071271e-03
5.226974797489858382e-02 2.481577631010275370e-02 1.441134014975811034e-02
6.407828167530571495e-02 2.236853937333151479e-02 8.687981396017853061e-03
4.636749644536820869e-02 2.391544225510118873e-02 2.105417258823731597e-02
5.161824950808552998e-02 2.464699950032710543e-02 1.556983231275982024e-02
4.215826120258982929e-02 1.329249145436846649e-02 9.714509749995329374e-03
5.490681294712340677e-02 3.517620534103823443e-02 2.612960113829322986e-02
5.382658479271658358e-02 1.878257796829408549e-02 8.050144721483512220e-03
5.174276961008411613e-02 1.021884817815498364e-01 9.720948222050570728e-03
7.183685525804156535e-02 4.218449001450973179e-02 2.777857922854779990e-02
5.573065144539013360e-02 2.639306881369133523e-02 8.655158969104598254e-03
6.428432557288711602e-02 2.003932321909189171e-02 9.217669948508535119e-03
6.791890103612854834e-02 2.779737075794813661e-02 1.972304613715709573e-02
5.463339685303063298e-02 2.659043972122722421e-02 1.789788784656025714e-02
5.627149127462696687e-02 3.329187353826863066e-02 1.166675465475077236e-02
6.909354957494562299e-02 3.646241463217679835e-01 1.683462858265209403e-02
5.096515725106187666e-02 5.194760600578261778e-02 9.731293814107290496e-03
6.419873685760128790e-02 2.489080558894678219e-02 1.527346584718950774e-02
3.364686908092945350e-02 1.355602675543888386e-02 1.281414582941927012e-02
5.371139087542493862e-02 1.990410212559389977e-02 1.008416823478678823e-02
5.172680804348016997e-02 1.563320821870849489e-02 5.378907153289562947e-03
6.208219242135886579e-02 1.800379624291045116e-02 1.276992655015344452e-02
4.219910814682394790e-02 1.394034808457421046e-02 8.351395708820690683e-03
4.289384772487447178e-02 1.766439509425777460e-02 1.604721981812931228e-02
6.173783086140156168e-02 2.975449948214711413e-02 1.217071351353244540e-02
6.008838977526199249e-02 2.673322250177272152e-02 2.182608434166419600e-02
5.974792960847452594e-02 2.115777745618286840e-02 1.151474450200845948e-02
6.234990032910650570e-02 3.427678999541661914e-02 1.299872051507337985e-02
6.331260372136950088e-02 2.560556148497741824e-02 8.500853335574182212e-03
4.495700273047947837e-02 1.904996972202080419e-02 1.375565957627293383e-02
6.074996920207045153e-02 3.151472249861155678e-02 1.530809372033145078e-02
5.340953671812943143e-02 2.007635966063790051e-02 9.305482893331403979e-03
6.361283034411097104e-02 2.891684886252597966e-02 1.813243421368282773e-02
7.697983820028797552e-02 2.917009249214606859e-02 1.017418126658546293e-02
4.716820927606316105e-02 1.489568648303271972e-02 1.452184375759958505e-02
5.675951563291886659e-02 8.730781545832863588e-02 1.678411064826927299e-02
5.340425084527707783e-02 2.142714731933212380e-02 9.639297654580011518e-03
4.755466968898019314e-02 1.519299274150028717e-02 3.990368146224558717e-03
4.408829876682400506e-02 2.380337219863282866e-02 9.021512982047596649e-03
6.087116691572031640e-02 2.072239160021403098e-02 9.925843544000700555e-03
4.840126634343154544e-02 2.112641022200434024e-02 6.751790989172153611e-03
6.552200630988175289e-02 3.605814311472510525e-02 2.758822196729697473e-02
3.852959633907984682e-02 1.329252870818836002e-02 8.275815691822542564e-03
4.823599366600599819e-02 3.281042726875071230e-02 1.136326733013776763e-02
5.277539883806511151e-02 2.536367553034601929e-02 9.562752056998902878e-03
4.409063999371339027e-02 2.722863446536646220e-02 8.969131450237814024e-03
5.553557363443564765e-02 4.652448303243789107e-02 1.487456589816418470e-02
6.037466097779947694e-02 4.285886559777245947e-02 3.955738163514834621e-02
5.238235159958797710e-02 2.036048920845952986e-02 1.659797928312246873e-02
6.593792044193495794e-02 3.720080665151292987e-02 1.511358226564971270e-02
5.564247206646161237e-02 2.032095255227827149e-02 8.865796327852931008e-03
5.596678402530139151e-02 2.330883135629422884e-02 8.786424843895447589e-03
4.422399325441680323e-02 4.710689146422825102e-02 2.069627685144942442e-02
4.795308409499655228e-02 1.475892510527103581e-02 1.075009783740538821e-02
4.368925351745642227e-02 3.045388725276725744e-02 6.621742302362707694e-03
6.409490033881917737e-02 3.810339840810346435e-02 2.279328576179033908e-02
3.389161301350421956e-02 1.334548832052860276e-02 1.516235288807670292e-02
5.884301013704736766e-02 2.898063187011724884e-02 1.118598345229677472e-02
6.433482629708234257e-02 3.339310900960559131e-02 1.694319775164744579e-02
5.586001193223150835e-02 1.710035234530516216e-02 8.499176959206272350e-03
5.518319839003439642e-02 3.374918533009037269e-02 1.473336374269093932e-02
5.908454525619526165e-02 1.850152019025496156e-02 9.555449105852096767e-03
5.516406128541107012e-02 2.856747003800884366e-02 2.822092730353660539e-02
4.003559099832882523e-02 1.591950315233859464e-02 5.572938329395505166e-03
6.638487689367825184e-02 3.414238653716968747e-02 2.547302958010051743e-02
4.783928528346775150e-02 2.446212785124594197e-02 8.040187574238756227e-03
5.131872151084129752e-02 1.621122641418101112e-02 1.436185287363361991e-02
5.061739489993524743e-02 2.112915653001355004e-02 2.001314882945719534e-02
5.152091400571359031e-02 6.752282082699205545e-02 1.290776878712309415e-02
4.800288806985447687e-02 1.680492193852352323e-02 5.971565777398729451e-03
4.721872313094956780e-02 1.340796801289204782e-02 1.090715633608362392e-02
7.434998820447882850e-02 2.588263351501344373e-02 1.849331268200265360e-02
6.552314164704109434e-02 7.227650253414936998e-02 1.426954459621414609e-02
3.417306382475200632e-02 1.464515562246800420e-02 9.406944716849255719e-03
6.145570686860495069e-02 2.155129361866793547e-02 1.426920044991397858e-02
4.180858237221652535e-02 2.108410131302510676e-02 2.316844359818306248e-02
4.905340120372674723e-02 2.299161807872721341e-01 1.463215918013018729e-02
6.210001795569317778e-02 2.241264858093140744e-02 1.970735614842688416e-02
4.491056208863516974e-02 1.999388128243017454e-02 8.266467384907764948e-03
5.293059924682182171e-02 2.046972491542880732e-02 9.829608839036418563e-03
5.961108262887381687e-02 2.428116550083501274e-02 1.769569607291451505e-02
5.479435545729080537e-02 1.979776477313064179e-02 1.282560139117943851e-02
5.966250554521617538e-02 2.970613226481193941e-02 1.713144682576166894e-02
5.524730222847124700e-02 3.755364128439999533e-02 1.634631815885344286e-02
5.972678927157470952e-02 2.682323558623221985e-02 1.842480171462784408e-02
7.369137110088856690e-02 2.363625639416166990e-02 1.745398636200639481e-02
5.515850495427503108e-02 2.793884087300600033e-02 8.304135158761502891e-03
6.368990731783230608e-02 2.568394462167821954e-02 2.194441064913768905e-02
4.649700603538352989e-02 2.076778525064230940e-02 1.334246891433230400e-02
5.397483582675979136e-02 2.964647410255730545e-02 1.848187837137728329e-02
6.292524959695049158e-02 2.760405466644238678e-02 1.964763571605448664e-02
3.782337494598683042e-02 1.751916868364475702e-02 2.043818294926659160e-02
3.865899876121575707e-02 3.185399637580968446e-02 1.679590667122149439e-02
4.227585111700171011e-02 3.961845995927541775e-02 6.159432927473978969e-03
5.287791626825446428e-02 2.579242661730654293e-02 1.443736173354081415e-02
4.435909644767731946e-02 1.702807447647401717e-02 1.323408234354016798e-02
6.010793230370069934e-02 3.016264545921971962e-02 1.454987686944299828e-02
5.635841120322242909e-02 2.548827333463903055e-02 1.571822371838943466e-02
5.689635306516748620e-02 2.376300248188924560e-02 1.149060292123278183e-02
6.641596154529152973e-02 2.778626293564115390e-02 1.804120459343321048e-02
6.524644155972268711e-02 3.698065775020947799e-02 1.763093988596953904e-02
6.766917645384622204e-02 3.351083899377291925e-02 2.147305848828854474e-02
6.301034203839699088e-02 3.206457670020781969e-02 1.592266274052426406e-02
6.244479970490521975e-02 5.390036428156189108e-02 2.049887293714254891e-02
5.242904284191931413e-02 2.319314794646254452e-02 2.094320287510537115e-02
6.645658449419460101e-02 5.137251307591512300e-02 1.302999005253072107e-02
6.172309113353690452e-02 2.159032785233305426e-02 1.381511951306588215e-02
5.332793983845689895e-02 3.681724167668748438e-02 7.723107925455554093e-03
4.498098684244836165e-02 1.627343336081800429e-02 8.071028994986888944e-03
6.247432536031707201e-02 2.699301694806587049e-02 2.395610973674846059e-02
5.756400682647788702e-02 2.822868015624848889e-02 1.347014170777977894e-02
4.033609171633086021e-02 9.004173508856084737e-03 1.112881905113628604e-02
4.480009556024182327e-02 1.724457416172140226e-02 1.054506744743036184e-02
4.692582473373212854e-02 1.772001890110969091e-02 8.526049972996331897e-03
6.403460221495037297e-02 2.830696900104699709e-02 1.842378930065171130e-02
7.734324692988391037e-02 4.985827469810823892e-02 2.239246003403942351e-02
4.106509044369745232e-02 1.937257514592562874e-02 8.291766977911299574e-03
5.776047929918853158e-02 3.865371949631971060e-02 2.249400974719097113e-02
4.532033109747744121e-02 1.123146182427723350e-01 1.534040596429925990e-02
4.997675034105193703e-02 2.055699088424411264e-02 1.395532966066869406e-02
5.548610193886344133e-02 1.662014171215000363e-02 1.330674194355147694e-02
6.393278668809633525e-02 3.181345998379048190e-02 1.791100617271122394e-02
3.625577263449104859e-02 1.449619454751007938e-02 5.790095595372109563e-03
6.778073333111116205e-02 3.693419589790649521e-02 1.146884838790427318e-02
4.536112530247210506e-02 1.035504355198231183e-02 6.151429757565298612e-03
6.332780294391714138e-02 3.078581197843094711e-02 9.811270402618066030e-03
5.550515523710503052e-02 2.341643174925880228e-02 1.183829323230103231e-02
6.522319362679077082e-02 2.479651733638360209e-02 1.374397872263572601e-02
6.574241197810630488e-02 4.239673928058717428e-02 1.193952768269087444e-02
5.833790455274288217e-02 3.533698029236746752e-02 1.267467017140239301e-02
5.867006551830787620e-02 2.293997679334192769e-02 1.567028205339710337e-02
4.226742111464881074e-02 1.929310974080751181e-02 8.161086098470030428e-03
5.219097280140521516e-02 2.779036239311146600e-02 2.640022744485875927e-02
5.590035092088622981e-02 2.656691325408684634e-02 1.575543474234218991e-02
6.097171455011907854e-02 2.171315632869676507e-02 1.570822113546678153e-02
6.385904737897427075e-02 4.561049729981331291e-02 1.414192032764772892e-02
5.413482746494687609e-02 3.622158956210872610e-02 1.875940395284397821e-02
6.484334921160370135e-02 2.948775007278498297e-02 9.851967159559967338e-03
7.333256704913737600e-02 3.268243114127900029e-02 1.829567220236235150e-02
5.476547888305982603e-02 2.360182027648571532e-02 2.178317986824969410e-02
7.121177923327089154e-02 3.319629613566379978e-02 3.746459310029768425e-02
4.122151791372252738e-02 1.891562681854426151e-02 7.086000365824171587e-03
7.609604161644663300e-02 6.602321963220462997e-03 1.475527333591923965e-02
6.024484383773426321e-02 2.875323001737436698e-02 1.232169988799209324e-02
5.023971745925742693e-02 2.110806227944675775e-02 1.076834668863403850e-02
6.529593595069453638e-02 2.998734720089829553e-02 3.865981663485849873e-02
5.475595214023393914e-02 2.785519737756157049e-02 1.207417816925542876e-02
5.296414797209517134e-02 1.356466507159219403e-02 5.330953849800638966e-03
6.168364051168781503e-02 3.624456845253823389e-02 2.709024005028523238e-02
4.922161890220561747e-02 2.789011062808551683e-02 7.737074811044416557e-03
4.448339480266254309e-02 1.887440155194429481e-02 9.968927147012482740e-03
6.804938273134479576e-02 2.622395434194237096e-02 1.298703647665121197e-02
6.958057395866573680e-02 3.627660894861101798e-02 2.359343732632178392e-02
5.517199516798301090e-02 1.690346730277560161e-02 9.539442796459029345e-03
5.209475884002419399e-02 2.999349154978343118e-02 8.299756805916996480e-03
4.385307592171365509e-02 3.404199386625157697e-02 5.762268784184941019e-03
6.548894488906790989e-02 3.787704471144429097e-02 2.611552189916839864e-02
6.094059180874810550e-02 3.170166441473669383e-02 1.138942955698224457e-02
6.631544280081348719e-02 3.381426748091954232e-02 2.146732243120631073e-02
5.048595895658217203e-02 2.556903829214778046e-02 9.853728334164674196e-03
4.966191616370968509e-02 1.746081356346775720e-02 1.043935003977290721e-02
4.314915220648690708e-02 1.392367448851716816e-02 1.298474102884546004e-02
5.468751606381843516e-02 2.823195162193261470e-02 1.182648673565417710e-02
4.226386446714180262e-02 1.414463582176475089e-02 4.663918355119309363e-03
4.715578223333462965e-02 2.672742692964050898e-02 8.437373405378100627e-03
5.730813503971489420e-02 1.271148343370119838e-01 6.988454018482142746e-03
6.277552523279722463e-02 2.808257410935326853e-02 1.639599514659490637e-02
3.902789232763743260e-02 1.093889280740618572e-02 4.719612953753799661e-03
6.757535161898041431e-02 4.417813696918827804e-02 1.575247994130856213e-02
5.239974854052300429e-02 1.981857826267507255e-02 7.866360224194769712e-03
4.809846026272162484e-02 2.343654009381415659e-02 5.635971211844285206e-03
5.445862599327623566e-02 3.377522993191467426e-02 1.791094022930918295e-02
6.599355845303771229e-02 2.648808647170343422e-02 1.005066725681947465e-02
5.032467002738309075e-02 2.057164489944545566e-02 1.225204308538874881e-02
4.318824640658393971e-02 1.431285399425945640e-02 1.125736042157645528e-02
5.446796342840141969e-02 1.872872426256204370e-02 6.257281977065696534e-03
