3.927077092463937547e-02 1.695790122712652684e-02 1.736438460378626758e-02
5.981627326385588472e-02 1.976610680779681412e-02 1.169193841669710979e-02
5.332936171674602932e-02 1.766219327565958855e-02 8.558803860496826815e-03
4.152282681771285455e-02 1.741267187677791178e-02 6.891753978389010896e-03
4.752201250273056093e-02 2.255420078633931652e-02 9.060447523117649143e-03
5.153770850360034350e-02 1.958412364936866837e-02 7.725198809796310698e-03
6.667589982457218512e-02 1.484940197880743259e-02 1.082030332057887581e-02
3.939260282844084943e-02 8.148578465724249167e-03 6.125613749570863950e-03
4.792697104194004049e-02 1.590611762590860012e-02 6.323119001225053354e-03
5.046907490289070930e-02 1.735101007073695800e-02 7.101683062904344187e-03
4.314450544578266045e-02 1.721025584702909686e-02 1.198082441605156749e-02
7.427580285336168875e-02 2.338133329080956113e-02 1.066863931086797952e-02
4.656234459337040693e-02 1.580073097911544738e-02 6.640903279612502506e-03
5.137159709952266590e-02 1.644333063144731710e-02 8.104077588272803195e-03
6.058560207588484930e-02 2.341335153731936847e-02 1.327522439967804974e-02
4.946594985600789862e-02 2.677086524172456183e-02 4.956566226253038797e-03
5.448469972651069637e-02 3.084290712745077490e-02 7.467273721742883306e-03
4.595004394206977927e-02 2.336233432473646884e-02 8.014629972895814802e-03
6.231468496012618902e-02 3.418644614440483065e-02 1.778942565074646126e-02
4.834841453852511961e-02 2.244916050106922009e-02 8.379276313980100338e-03
4.087753989204455374e-02 2.811879606492523331e-02 4.452437797500556106e-03
6.060631025432062363e-02 2.251051852473124476e-02 8.791205635616408318e-03
4.131098492620598195e-02 1.119649867193346637e-02 6.607937613699248897e-03
4.968984511976307777e-02 1.796935995670912237e-02 6.268938141391513022e-03
4.171876000874272933e-02 2.418722146189672059e-02 7.582638294615196006e-03
5.737680588395671633e-02 8.407952078732316981e-02 2.564187838525802329e-02
4.180947357564444161e-02 1.409967050329341727e-02 6.057271164676851505e-03
5.581490057220760831e-02 2.167844126596836507e-02 9.140935154454183156e-03
3.886392437221328905e-02 1.337234280548422159e-02 6.004004882821562666e-03
5.390711627080573692e-02 1.642496590423895772e-02 7.200851296259696763e-03
4.395531169124665405e-02 1.329861259004345812e-02 5.098223217257492196e-03
4.917426838485488422e-02 1.443788006192441020e-02 5.380975104829559610e-03
5.813450313568226113e-02 1.593810262900421590e-02 1.035621835069599692e-02
5.124398351225277481e-02 7.160516344612807837e-02 7.893884428645366047e-03
6.560360413513689759e-02 2.502577521996730489e-02 6.478061440949128141e-03
5.060816060378360570e-02 2.568758952373774093e-02 8.901726726171371729e-03
5.178497860936916164e-02 2.038992590733852348e-02 2.298411264616794653e-02
4.401203705261366034e-02 1.720700164704491719e-02 1.518214314721082897e-02
3.531983083819067309e-02 1.095669675614932385e-02 4.104439064455366916e-03
5.320383901547171696e-02 1.525149746456599259e-02 1.719184305744943589e-02
4.920689993997318795e-02 1.620551248199047362e-02 8.690639118191340398e-03
6.469013890346902995e-02 8.754551340971779283e-02 1.105633509044474418e-02
3.902043477584921094e-02 9.236166210155005024e-03 5.689541422870770734e-03
5.507783841684060766e-02 1.874066183071142200e-02 1.591146126451221943e-02
4.725240056656607179e-02 6.879428306249281942e-03 3.532098933066847319e-03
5.494518726176468582e-02 1.498159142110975194e-02 7.162717240242618202e-03
5.847628819962305546e-02 2.455119341809738898e-02 9.496738187767970671e-03
4.664209931153696920e-02 1.249243011212566173e-02 1.665539326824036492e-02
5.668068046199274679e-02 2.200140897302241272e-02 1.787503362022733328e-02
4.498412135368667908e-02 1.990941786340433631e-02 4.121178149603162838e-03
4.354801724137645491e-02 1.767765764756999702e-02 6.582107667203162746e-03
4.282516969764785936e-02 2.274140834887273394e-02 7.650425059316181067e-03
2.984740618724785605e-02 1.058132871213127331e-02 2.541218441340564391e-03
6.369020417209333984e-02 1.488113181063748236e-01 9.141412222634188664e-03
5.614596355455495763e-02 1.591519783426425041e-02 9.011483464389291598e-03
4.692980044277196561e-02 1.683163212183500304e-02 8.614021417683510526e-03
5.794114400073224758e-02 2.858161906224051044e-02 9.724811146201623596e-03
4.560314729791057481e-02 1.410829148967135231e-02 6.304965806288731142e-03
5.515819137966215119e-02 2.659275324770989449e-02 1.097043217427358906e-02
4.571746489166083477e-02 9.667118431923553065e-03 3.000560350088713000e-03
4.837075126012659043e-02 1.694650826579791741e-02 2.421106372450879465e-02
6.245093796698465705e-02 2.160778141127972507e-02 5.774198196191444518e-03
4.898318448297087763e-02 1.860750433737041326e-02 6.350550792599819055e-03
5.268502295016084386e-02 2.137864924142029305e-02 2.056386321089613556e-02
4.507492421123678733e-02 1.787240848397953288e-02 5.031695928701174214e-03
7.001344295910945370e-02 2.472026520186692417e-02 3.368565226563777215e-02
5.093133606683118708e-02 2.585540647748178419e-02 1.218147616619816298e-02
5.008958698726768966e-02 1.829312681809067836e-02 2.416874011275418205e-02
6.023755864363507934e-02 2.274214238798012364e-02 2.232449995732921355e-02
5.753333726676550935e-02 1.602426358510646714e-02 8.057618684724907748e-03
4.864542014175320811e-02 1.840365816113914699e-02 7.563389688190090207e-03
5.583769320610049852e-02 3.163577185413955772e-02 2.055283374298920440e-02
4.074084418717804912e-02 1.233675060725592312e-02 7.456577842200965908e-03
5.553397634347726625e-02 1.952954227917770569e-02 9.340182561519687343e-03
4.558614699541935905e-02 1.654079747830976624e-02 6.992646532818187939e-03
5.419040800640195082e-02 1.432728954983446268e-02 5.544927602227077944e-03
6.743167898017869699e-02 2.331763517894609380e-02 2.711416546624149243e-02
6.170413148472762843e-02 2.590024884094051932e-02 1.271260218751597490e-02
5.388402975474129719e-02 2.278052000127820872e-02 8.128107251926832560e-03
4.622220494559715898e-02 2.027172878423028068e-02 8.308920290922290619e-03
5.669832822726892513e-02 1.965690985618870693e-02 7.952954606103943003e-03
5.544160217726969153e-02 2.835907842488322866e-02 1.194877576114403150e-02
4.481312647090194418e-02 1.836631591769466096e-02 1.581459031625193079e-02
5.313357878226266512e-02 2.071702475079122835e-02 1.814383571848024804e-02
6.545977224355341295e-02 3.564757407074853335e-02 2.096036101124377354e-02
4.314028062809922154e-02 1.584753530270808716e-02 1.674828631069747928e-02
3.809717774115469607e-02 1.092401219390194342e-02 5.907853296287126146e-03
3.431363058614132766e-02 1.267533494303745289e-01 4.547372687603436908e-03
4.940594094662847241e-02 1.436672549795939280e-02 8.370587683425398384e-03
5.467622559900239126e-02 2.087864380939999723e-02 1.149890500782941270e-02
5.407784574315677162e-02 1.428262948841344665e-02 2.000916870599152644e-02
4.509363531100494399e-02 1.610570300853506748e-02 1.867610834987497651e-02
3.891446017091940851e-02 1.064784759313637183e-02 6.349606082481603839e-03
5.771723000528085346e-02 2.121119457008400003e-02 1.257667614357245445e-02
4.652620717213235002e-02 1.862270250845169187e-02 1.007950310114687220e-02
6.889400046980521941e-02 1.353489961497356120e-02 1.582185043223285209e-02
6.511668910354957707e-02 4.479122072360302020e-01 2.110018458189899179e-02
4.539660668842315783e-02 1.459731361187525424e-02 7.608784944151764963e-03
5.516767175592434541e-02 2.298958757473742315e-02 1.357710453193698014e-02
3.842431348432815558e-02 1.491568518034571203e-02 7.444465504732203018e-03
5.390435472045840976e-02 3.383243625087021395e-02 5.005437202307966987e-03
4.362009904591426790e-02 2.187038858459527599e-02 1.051689550779784897e-02
6.321276076997481286e-02 1.520495567773639395e-02 1.667812819361543658e-02
6.296768095859302250e-02 2.547421952731318551e-02 1.316933083774822315e-02
3.213155483440294918e-02 5.129599759039206799e-03 1.510798608551767400e-03
5.355208625920873655e-02 2.367922311834320254e-02 1.400895502662172568e-02
5.462029776783792340e-02 1.998129262790668964e-02 1.162215745525771102e-02
5.201673404703892334e-02 1.631127755213549954e-02 1.518022907372396611e-02
8.259207708895072164e-02 3.404952188108691102e-02 2.148222040613801537e-02
4.522638236187751654e-02 1.368390283335761855e-02 1.024937704666548273e-02
5.707398211818277139e-02 2.301643649532739144e-02 2.341223117955522001e-02
5.377118055695605248e-02 3.093362594733762433e-02 7.948538375258872371e-03
4.573679627401582709e-02 2.471046098106286643e-02 2.849232706684167588e-02
6.216227664145904108e-02 2.067250641572845882e-02 8.924345493423040468e-03
4.293182748723643749e-02 8.756241850206568020e-03 4.156089265934610234e-03
6.130389775545964232e-02 1.963983546141685743e-02 1.215005271655561665e-02
7.039550711229100588e-02 4.865711588292641332e-02 1.151143850926808140e-02
6.477181146320462601e-02 2.030506764037281683e-02 1.053247276787046272e-02
5.753990377940210177e-02 1.952578629823590456e-02 1.944793409836301223e-02
5.539846310824982079e-02 1.970348536574779291e-02 1.178979907850974049e-02
4.621061412482024150e-02 1.823869650489760852e-02 1.078724442697994931e-02
6.461019311980108204e-02 3.159130863343392187e-02 1.901524805224005799e-02
4.797581886133186341e-02 1.571752069006598918e-02 8.145102269752020618e-03
2.715478262748231841e-02 8.612220890969377041e-02 4.262104872264697170e-03
5.052251559349095478e-02 1.864952942243028322e-02 3.078816287661580511e-02
3.582817805294194469e-02 7.434527950422454949e-03 1.362942145831539525e-02
5.776309211193841886e-02 1.793094847987047533e-02 1.024864366764252632e-02
5.791989905637662944e-02 4.195980119611612130e-02 9.973883115644614772e-03
5.582935205195341255e-02 3.308204467238737984e-02 1.343923959957323173e-02
4.357417764563164403e-02 1.226895271430476081e-02 5.508399910097203089e-03
3.693061288744152459e-02 1.217484368707092736e-02 5.738526155328172070e-03
5.142443380274119846e-02 6.702613595376407662e-01 5.322685351583646488e-03
6.315633708490926701e-02 2.253335198638977896e-02 1.252106067311438940e-02
6.684234808758345026e-02 3.046683702994762780e-02 1.824223836317447403e-02
5.939429339689833443e-02 6.730648746073240041e-01 8.647730011322156060e-03
4.302960656507575504e-02 1.514826555343858940e-02 1.042936853056753745e-02
4.957124885037755835e-02 1.851508357730668672e-02 6.076843775887097801e-03
5.921743486631397824e-02 2.259820684905053390e-02 1.049931002562390706e-02
4.015842455675554257e-02 1.193601442977871782e-02 8.406687855293599326e-03
4.193102995513707520e-02 1.492403447997673292e-02 7.618658763737298605e-03
4.138310082856021255e-02 1.801394770076464313e-02 2.092851160458659987e-02
4.620365068452502583e-02 1.335689603739784181e-02 9.467325009212872178e-03
6.448199850340742556e-02 2.345363237550182264e-02 1.182181177594398593e-02
5.208449839035649703e-02 2.547386315369890020e-02 2.529968501413662474e-02
5.300059537839245383e-02 1.884755418892868767e-02 9.010053905986928346e-03
5.240358967811276081e-02 1.956038914721425562e-02 6.928264200284076600e-03
4.224990903756100508e-02 1.640489021587392474e-02 6.803926020650797116e-03
5.906147616547139517e-02 3.542010739953903309e-02 1.419870567299394426e-02
4.860297759158101888e-02 1.678957868353418356e-02 1.929425944218782565e-02
5.245602005789787303e-02 2.124061119139845910e-02 1.359279897252473751e-02
5.768088248708504867e-02 1.579534109057490962e-02 2.769148543879102267e-02
4.047615802735950175e-02 1.131356553198011733e-02 5.325745632393102946e-03
4.028743826302563086e-02 1.279527525430850833e-02 3.603638250573775424e-03
5.135072974646463784e-02 2.635718318261442289e-02 2.509946200538910877e-02
6.088269826607953239e-02 3.276120531239119782e-02 2.612705996286658963e-02
4.501540869942953493e-02 1.440367335861483453e-02 2.020900533388047746e-02
6.354221783287389291e-02 2.363801879346337856e-02 2.991207800659695382e-02
4.296827944815947292e-02 1.558291038217450401e-02 5.954114256274528443e-03
4.094478950433411840e-02 1.764531514413305441e-02 1.424883011677083137e-02
6.233272357326353347e-02 3.835754207825323864e-02 2.261056945421500639e-02
4.776034313394945940e-02 1.989665745722957527e-02 1.172375265739591076e-02
5.871005030599628360e-02 2.111310645515771661e-02 6.975383696978578948e-03
4.648318612051901416e-02 5.545785549479457371e-02 1.227152052363608345e-02
4.240531714480332698e-02 1.157661699975902000e-02 5.356609829101009225e-03
5.773471390548046145e-02 2.563780859998978159e-02 1.381733315293083401e-02
5.752102531514582950e-02 2.698788095538800710e-02 1.277774919388798697e-02
6.480742526016654292e-02 4.393313680390701498e-02 1.643975074712688764e-02
6.733164973696312283e-02 4.179645352248304718e-02 3.808604773706264490e-02
7.069240729389235367e-02 3.394935662028901457e-02 1.647210224962743913e-02
6.589968075232373323e-02 3.291924556237988547e-02 1.620936487688383332e-02
4.684507440512377524e-02 1.609117656513094075e-02 9.046587503898164545e-03
5.735422574632467047e-02 2.305569469643731217e-02 1.450664970833632876e-02
5.061659920349018821e-02 1.198317419321693611e-01 6.201649673202951768e-03
5.181265511313420946e-02 2.598343514563813267e-02 2.107274909183990547e-02
5.250999741852989400e-02 1.753934253138722185e-02 1.302142737794750524e-02
6.222017828150100405e-02 2.105985336273914418e-02 9.075033850093309692e-03
6.187389661558258258e-02 4.479028351941716918e-02 1.265074855233789403e-02
5.343957967514646051e-02 2.359117065586251172e-02 1.228288155547519779e-02
4.883143061849670036e-02 2.078562578372650238e-02 5.658479501125119812e-03
5.398759200937766622e-02 2.357413045885814462e-02 6.685364595472300872e-03
6.674123410259961975e-02 3.489940925933041754e-02 1.527947801370690105e-02
4.551330513633488478e-02 2.099435560717928875e-02 8.287432448136381261e-03
6.110488710704420345e-02 1.242914171342582169e-01 1.672392557914284539e-02
4.556537058932307038e-02 1.413820925528800135e-02 7.547573513604759546e-03
5.853210014283775214e-02 1.671138775273860524e-02 9.141938154317959947e-03
4.372927857413503455e-02 1.388528915651923712e-02 5.653147074429813734e-03
6.182653341813972026e-02 3.017703250114393138e-02 1.387673715633756799e-02
5.554299801971530892e-02 1.631065430366978111e-02 8.748146318882297351e-03
5.395764622230765639e-02 1.940321030015487030e-02 9.364404284850866636e-03
4.557558330066415614e-02 1.325249887884443964e-02 1.067901585395634317e-02
4.662789160436125319e-02 1.814689452614164783e-02 5.257613128201179230e-03
8.795956654138210873e-02 4.582276432600649457e-02 1.555347051663764218e-02
6.053883524546801315e-02 1.275500340851664326e-02 1.126333761644900296e-02
7.203435794302333328e-02 3.642917667852878238e-02 1.215485900742523800e-02
5.173575033881436941e-02 2.364639297407316113e-02 1.313465271543129420e-02
6.277272766131658521e-02 1.306210806418553125e-02 4.079026951864228416e-03
9.022571512058608079e-02 2.887539375409094167e-02 1.533630970250053974e-02
5.294645811265077939e-02 1.399035607113273752e-02 1.093110756442388851e-02
5.546511309093246633e-02 2.351357617895227792e-02 9.108442256423574662e-03
5.584324336672034234e-02 2.411457967489944246e-02 2.195271289088476449e-02
5.777328903024814971e-02 2.473091226714628499e-02 2.558556753844577411e-02
5.219293491653750200e-02 2.260553290485195835e-02 1.184028727395070209e-02
4.350248931464319874e-02 1.838042597571009143e-02 2.151009278772908831e-02
6.407629107098319898e-02 4.302068690920749644e-02 1.366312720997958814e-02
4.793829422975450644e-02 1.979426430676778023e-02 7.240740828438646526e-03
4.979375727868091267e-02 1.413288151291681657e-02 9.009953843574600163e-03
4.195291394300736110e-02 3.987265868947502401e-02 8.804451027726794415e-03
4.170542426419732163e-02 1.302269084517296283e-02 6.414732995079186831e-03
5.763765264641061703e-02 2.802369848884697992e-02 1.608908313046549313e-02
4.032594560740290074e-02 2.104640231692504054e-02 8.151570585021018084e-03
4.531746416321134202e-02 3.127958337701448183e-02 7.800372539654821559e-03
4.599670939141770054e-02 1.108013957274330344e-02 1.799174884426201979e-02
5.149077634572539475e-02 1.774166566598647451e-02 7.978037704299788951e-03
5.944933706254211525e-02 3.938490843935875396e-02 2.047951590361880500e-02
5.879770803970419540e-02 2.443689693567933918e-02 1.176522509285958702e-02
4.549837310122018669e-02 9.469365050245585891e-03 1.633766802589932746e-02
4.750136028539396482e-02 1.749796372681463458e-02 1.671858333286204562e-02
3.748041116350279284e-02 3.438871661010522995e-02 8.518320416526118516e-03
5.482285134716745334e-02 2.165738890756118903e-02 8.584273358939865581e-03
3.281943265932809467e-02 8.185027976439425076e-03 2.285293562961962944e-03
5.613699042095396385e-02 2.677955847107316503e-02 1.229078956259415517e-02
5.218392362562819520e-02 1.530213357088012864e-02 1.695381275592522385e-02
5.137672036002867426e-02 1.473942044370883837e-02 7.867168204193820610e-03
4.957722336821535764e-02 1.966646054396823523e-02 1.163839259001238011e-02
4.753943915838430845e-02 1.268762281147237103e-02 6.813377522981854673e-03
4.837440608124609492e-02 1.748098669000380453e-02 7.550400160008264097e-03
5.832194278350958522e-02 1.049377056677071665e-02 1.086527441574302102e-02
4.776152618778519571e-02 1.474621507898490544e-02 8.411165950313197887e-03
4.301015591601749927e-02 5.655384973642235691e-02 1.918551747276446909e-02
3.683620292364099547e-02 6.427778277159790221e-02 4.792323421713888879e-03
5.523112774309572870e-02 2.099176980661032407e-02 1.936956236095558476e-02
3.298613247026609824e-02 1.369778403567331257e-02 1.595105796893386135e-02
5.115824876270583244e-02 1.810585811870623826e-02 9.701864645550326016e-03
4.636618392284361928e-02 2.509613269222111739e-02 1.935040639291821934e-02
5.394798829061191181e-02 1.645901824243830441e-02 9.929665580205250877e-03
5.596172051443353002e-02 2.151085152158595248e-02 1.182928091627651057e-02
5.038362677406056644e-02 2.541911026853491476e-02 8.237509207332086025e-03
5.655803622291422084e-02 2.147737147213311243e-02 1.985863087110932221e-02
5.145281535772348869e-02 3.553076128416274293e-02 9.839888064535687318e-03
6.378263448488730170e-02 2.887988843254757354e-02 8.099790197272086628e-03
5.768739746103705712e-02 7.144722539768989800e-02 2.569492052800620083e-02
4.325330920563945358e-02 1.485651956884070576e-02 6.166628152665352101e-03
5.313806572169619408e-02 2.451914944076488342e-02 2.838001022378355137e-02
5.256056402651906184e-02 3.816906376931847311e-02 1.711217037941973468e-02
5.422109566033962019e-02 1.530934769748809945e-02 2.048564706571113711e-02
6.871938231216573323e-02 3.252407121333948659e-02 2.398828579692020152e-02
4.939426673110599436e-02 5.165242383589618846e-02 7.355486806934881383e-03
4.192750433739283328e-02 1.435731734012271263e-02 4.352545350501012961e-03
2.539722428724264930e-02 6.885169728250151167e-03 2.575573968886764493e-03
4.673249756443211000e-02 1.777771131814366579e-02 1.019510524807643731e-02
3.802465672808563735e-02 1.448619807694591366e-02 1.438856448271920961e-02
5.506801809904743328e-02 2.644947485313140639e-02 1.274867119969027782e-02
7.055966160175390633e-02 1.609005095847314618e-02 7.133376284689472817e-03
4.235728155051211863e-02 3.501540486033378335e-02 7.557383610099989608e-03
4.256393497513491497e-02 9.946777197810140192e-03 1.361998689798597090e-02
5.953068685141867794e-02 2.779340162031962436e-02 2.177793376712526194e-02
5.177403983461345560e-02 2.108384291363649479e-02 2.210104323804783916e-02
5.916648344138718957e-02 1.943987162163354765e-02 1.031237046105371209e-02
4.937616614415765715e-02 1.025540261667747949e-01 6.926692710050769836e-03
3.861491609240950973e-02 9.942066602682948090e-03 2.084215832337541277e-02
2.320118951187527534e-02 7.867519357109296896e-03 3.460732159145393262e-03
5.184209151743289501e-02 5.341476310615191070e-02 1.689847657236215328e-02
5.257431664936879773e-02 1.729943818568650468e-02 1.795848330151183711e-02
4.950445121613725880e-02 2.168502116341277514e-02 2.245933529062951739e-02
4.672476076871940470e-02 1.800821600415875370e-02 1.189293042338905593e-02
6.400832635624133238e-02 1.995234523114851333e-02 9.075591849047008955e-03
5.116011860473107520e-02 1.730706862584511369e-02 5.434230822272980571e-03
3.972839424610945941e-02 8.797577253192100100e-03 2.828244752251014241e-03
6.352100003589858379e-02 2.205171579692691286e-02 8.630132918527684896e-03
5.362254621095677992e-02 2.603647994674932603e-02 1.008579521487722001e-02
3.987680680202969341e-02 8.155916501799869919e-03 1.080588395748844667e-02
3.616773253819558637e-02 1.331973499270522332e-02 1.268542584294448348e-02
5.117219497614393375e-02 2.485776668351537266e-02 2.724220888933800988e-02
5.630236557641622036e-02 3.069531075788390490e-02 2.508453403724836620e-02
5.420997789577936682e-02 1.716694782872301220e-02 9.982202146358885864e-03
6.433905148020893638e-02 1.968139450577966604e-02 1.080857942281496058e-02
5.656530152902809055e-02 1.855183806142131353e-02 7.870258043330632253e-03
5.497924156780909649e-02 2.338293459685214168e-02 8.369300439049173410e-03
4.346956622729179764e-02 1.477307938413474284e-02 2.098142283177528711e-02
4.969778924143847948e-02 2.619614465951172061e-02 1.114514559896435594e-02
4.538708719925304419e-02 4.722606898720047713e-02 5.724150123727378067e-03
4.041494684078425492e-02 8.959529560278543109e-03 1.526444488887374398e-02
3.536577448728000367e-02 1.113854128595974380e-02 4.973742055903540224e-03
6.282845035145677437e-02 2.005901523079876500e-02 8.517469221572204763e-03
4.158145645017020248e-02 1.176605789556467441e-02 1.550855097797819611e-02
4.863454866902359314e-02 1.831396328596136130e-02 6.654874759736312782e-03
5.505061934620957692e-02 1.858321276193091245e-02 1.435637046486975058e-02
5.048718647425501360e-02 2.099707759702383950e-02 9.959295367658185100e-03
4.156735766810207983e-02 1.070130124659391183e-02 1.963667858376283090e-02
6.152470593898811541e-02 1.887537644251887151e-02 1.044311762528375015e-02
4.793509280517374571e-02 4.580450353854967349e-02 2.092432444666861291e-02
4.950605616104526707e-02 1.810318033900303047e-02 8.064906614410036895e-03
5.128462189776628044e-02 2.204873112481795655e-02 7.744492710585940305e-03
6.185280690183288244e-02 3.841831683527319879e-02 1.253730876564056358e-02
6.192043722779756731e-02 1.617638909352293181e-02 1.117144152888571024e-02
4.360838929633484989e-02 1.059855688938013060e-02 5.278202250718135556e-03
5.283027578388412027e-02 1.896222274855306755e-02 7.515685690162468222e-03
5.513616999473636149e-02 3.282504525795360006e-02 1.417494441894491877e-02
5.678189261955966793e-02 3.955793534758485913e-02 1.876816189283351047e-02
4.194327875176270121e-02 7.151397820376457180e-03 3.791942318478385560e-03
4.936241737405073354e-02 2.881074044869245954e-02 1.299792650113125794e-02
4.348816762887522391e-02 1.533203031124196272e-02 9.291358980085795069e-03
2.381067443430376004e-02 8.448511329208874265e-03 1.679910717256420313e-02
6.224109418769044333e-02 2.134870799294216748e-02 7.265349854678848467e-03
5.239461255948361235e-02 1.868366730124339237e-02 2.375469687286436982e-02
4.731915965207839775e-02 2.046485154141220592e-02 1.265023627567276113e-02
4.997019020084756541e-02 1.558737888772404948e-02 8.154515521702215483e-03
6.100499434304002683e-02 3.390709416840742563e-02 1.821678661937293706e-02
6.268497693020956552e-02 4.400558590516522040e-02 3.714429760449116519e-02
6.277381934382801620e-02 2.849901177187688997e-02 1.235691168197044360e-02
5.184115017553272281e-02 3.495456996402517003e-02 1.180054778806639490e-02
4.931522664131247902e-02 1.598397733685484948e-02 6.712647608414117235e-03
4.299062431269224521e-02 1.622233188996068803e-02 8.745166514619021406e-03
5.627614997421238191e-02 2.271306534348967870e-02 2.461842267264441331e-02
8.514555561495852631e-02 1.897452055823736078e-02 1.892872488278631027e-02
6.161700104220679819e-02 2.805689207670499299e-02 1.389667997957144165e-02
4.707419997152623159e-02 1.593666790169974076e-02 4.807694358988307340e-03
6.141164982133608119e-02 1.943224646003987102e-02 1.173073414854527291e-02
5.836008156106901879e-02 2.872797188733823559e-02 1.179026220185034300e-02
5.106150589601012035e-02 4.866602768337445484e-02 8.082657947290147402e-03
4.113215537989476506e-02 1.357317844909194590e-02 5.246146021996233103e-03
5.669908453322383690e-02 2.716037201617905669e-02 1.032015328067714156e-02
5.522991750204804540e-02 2.289011146862109797e-02 2.013642821924700385e-02
6.041281653655646705e-02 3.221027477454550120e-02 1.169296565221470026e-02
4.918894370746296207e-02 1.934339565661994526e-02 9.393443935024680530e-03
4.148422428675196949e-02 3.394446822315540929e-02 6.616610686614468606e-03
7.289810688038887709e-02 4.525797774125743522e-02 2.195434666894999221e-02
4.081826371692452715e-02 2.173571611762360051e-02 1.459283526014194289e-02
5.058245908241121996e-02 1.596708909091651418e-02 6.487375148624672551e-03
6.243904067445922579e-02 2.092632039799907986e-02 2.187872480174851350e-02
5.062008123998474468e-02 1.489447962775107201e-02 7.091307058377658429e-03
4.739455455433823350e-02 1.575539123845658140e-02 1.595992388885494190e-02
4.602682870828107148e-02 1.706449713387002062e-02 1.806558341593532055e-02
5.307097653464419584e-02 1.660460228778177366e-02 8.287915288325193447e-03
6.003010216009858208e-02 2.414901583410358071e-02 1.127219523047787858e-02
5.095889331724615806e-02 1.829551445912221824e-02 6.978295789114982370e-03
4.381585113242577462e-02 9.103009993270627653e-02 6.041689691464710403e-03
5.690846318979917579e-02 2.583268038431803942e-02 8.591402045839195006e-03
5.865328662633526730e-02 2.525834974986097131e-02 3.026165281858573392e-02
6.906176022555080007e-02 3.106176043476745544e-02 1.735331149669491063e-02
4.496261530154116448e-02 1.332065893581721450e-02 9.520251374658901533e-03
4.975877984383551833e-02 2.359890210298412269e-02 6.352546832023985880e-03
4.150530052694983291e-02 1.335885660841256047e-02 2.130171225150444617e-02
6.216074853648710652e-02 1.978853157066486762e-02 2.573643386589604884e-02
4.479052302415904852e-02 1.505653824984814343e-02 7.255527308902540162e-03
6.082655613255926602e-02 1.909426669137791188e-02 1.543547806909618958e-02
4.831129191962982294e-02 1.677194673135549291e-02 7.891185434147664213e-03
4.717159956123469916e-02 1.162644594189395780e-02 4.057189711409284888e-03
4.798768750864022825e-02 1.981636770230125327e-02 1.045640288609876040e-02
5.828139412175387807e-02 1.581400045203971289e-02 6.638000825056910616e-03
3.784736186137855479e-02 1.082359120583444197e-02 5.912758124595886289e-03
5.920015082995165601e-02 2.841153003049431622e-02 2.236014592015214686e-02
5.288191254459475438e-02 1.885958531795768611e-02 1.120181967424776701e-02
6.498850836616008875e-02 2.662616332948374714e-02 2.618114534960764780e-02
5.795366563945496957e-02 2.379214841836552533e-02 1.139446208016561303e-02
3.571773868926316625e-02 7.038279075609221724e-03 1.883669089775372825e-03
4.910699652529600806e-02 1.661587867900671256e-02 9.078956537677158878e-03
5.621264010457878435e-02 3.222433016914819093e-02 7.471064975044326879e-03
6.443989042464848271e-02 2.537716959866181954e-02 1.509863281636430327e-02
4.455582405163748677e-02 1.542794296116874880e-02 2.273018655340056440e-02
6.394895152261480253e-02 2.744751994320234964e-02 1.002546648182791114e-02
3.914993592111640219e-02 1.644106235420432147e-02 5.404912423518947774e-03
6.197283848408894485e-02 2.512057188636005953e-02 9.750632990948318590e-03
4.328358254734266525e-02 2.072285817966041874e-02 2.652460983556175975e-02
7.011492718671792634e-02 3.119348310377680067e-02 1.811469198431091623e-02
4.768366187994552141e-02 2.184907082137197559e-02 6.328428768113189030e-03
4.594185669272774636e-02 1.537584591989017702e-02 1.227412332767926877e-02
6.227861444775388555e-02 2.437163166431243963e-02 1.624585935690218974e-02
5.932011923422710747e-02 1.644410683244687532e-02 1.957787929449011921e-02
5.466143821556405935e-02 2.193513072652322066e-02 9.894845127000326257e-03
5.404920156919719443e-02 6.846021157221036102e-01 8.084675117200342681e-03
6.072907922311010509e-02 1.872444205383788640e-02 1.767629934817216072e-02
3.830022964572973171e-02 7.893705289401477601e-03 3.637955787936673815e-03
4.433186356951292900e-02 9.442751518303066360e-03 7.495222361399890218e-03
5.598090262298017344e-02 2.831298100408715171e-02 1.302875269817357906e-02
5.502181067006117060e-02 2.238963436733592063e-02 7.235499727010026236e-03
6.230923334809365666e-02 2.256780524004558391e-02 2.688999137895803360e-02
6.451010369518254961e-02 2.098442850884938565e-02 1.353721670345122037e-02
4.712564328272625391e-02 1.882097634423376964e-02 1.036172152485901644e-02
6.190412532539742857e-02 2.309554666817465948e-02 1.855449218135829872e-02
7.001179945952828998e-02 2.448541477832866936e-02 1.086901998178386661e-02
4.198579003659055203e-02 1.407425063350539740e-02 1.654807057556402158e-02
3.986482649434260755e-02 8.477838574422833645e-03 1.412248761733350851e-02
5.224351748862065409e-02 1.960720995670245936e-01 2.102495075803940960e-02
4.627560966551350768e-02 3.739366302539844089e-02 6.346483106406326444e-03
4.409859278446925240e-02 2.417476280284259343e-02 1.339025172741742029e-02
4.704539777645420223e-02 2.755727725111568882e-02 9.196792166133935242e-03
4.416522441595214371e-02 1.539198303819207594e-02 2.176021666395904289e-02
5.423913617295328393e-02 1.197341200227378978e-02 5.754112475896129390e-03
4.544730231483501415e-02 1.876869137497393092e-02 6.514100609395530664e-03
6.428866940918037676e-02 1.903008219359659040e-02 2.193188290468432375e-02
4.177071928560475295e-02 6.513440617759361576e-03 2.224307980807895425e-03
4.709758851789815765e-02 1.813529841843376442e-02 7.484337570006078556e-03
4.689743920119461562e-02 7.414794790062829988e-03 4.052004426421098628e-03
4.422782403778665467e-02 2.228188758651521509e-02 1.900285028369940593e-02
5.976160186745744368e-02 2.482635717721580482e-02 2.531651711550732264e-02
6.271043008466514745e-02 2.074457862278229411e-02 1.161135869335640572e-02
4.823338898878452158e-02 1.500480957501531230e-02 5.975464425811978335e-03
4.260788042157361011e-02 3.799673692515363049e-02 1.190216610846669444e-02
6.799250553377721162e-02 1.572566908588175424e-02 6.245124477969550558e-03
5.680282581061690816e-02 1.504726980061225211e-02 7.584596177935055451e-03
4.826548838355165794e-02 1.425002017227020544e-02 1.986696472786162251e-02
4.709878237798107575e-02 2.322868898310243013e-02 2.006553322182406604e-02
4.420488382322380894e-02 1.722435970934027907e-02 8.999676025215744279e-03
5.429318538838542874e-02 1.836879126199971596e-02 1.960076701843561572e-02
5.360179751368795986e-02 1.837899538816211223e-02 8.647101139435736314e-03
5.697315443180423628e-02 3.348540703920987321e-02 1.245844357144597347e-02
4.515212511526577738e-02 1.346724367024267066e-02 6.171837163149762259e-03
4.516887091335376747e-02 1.897608499963611764e-02 8.474834090422609170e-03
3.782589544304029022e-02 1.326630373533513839e-02 1.781139510406748103e-02
6.693612726900088905e-02 2.495770883351646971e-02 1.909220193963119885e-02
5.820692516304427216e-02 2.508505328446205759e-02 1.475533993725361079e-02
4.468781096201270703e-02 2.367695332601934752e-02 3.007883416966468382e-02
5.108690032998168540e-02 2.340016146401374675e-02 1.164774544031504412e-02
5.107849815047589559e-02 1.572417673736757962e-02 1.850838143827735968e-02
5.857966470918203605e-02 1.278903042173084592e-01 1.234200757439751599e-02
4.152711850400301469e-02 9.132476339839393220e-02 3.570884493016601800e-03
3.681711051507495502e-02 7.668468458829361123e-03 5.676818160178135654e-03
6.003105280189429543e-02 2.033844844006447647e-02 1.093760159441978935e-02
6.103614871403584274e-02 2.773538855567988723e-02 1.079244822372749102e-02
6.476352359946324633e-02 1.646521859710541047e-02 1.085760902999877153e-02
3.823783770815760569e-02 1.164944163952260844e-02 1.657767140110034260e-02
4.702729727434539625e-02 1.641765407248031369e-02 5.187380111295041007e-03
5.512253639554285517e-02 1.347859334981087349e-02 5.052684875082123946e-03
5.837454935880376228e-02 1.683541002330690706e-02 6.628020202917776424e-03
4.564727185663178949e-02 1.416508476670415989e-02 7.999229582658905560e-03
6.097093176994308056e-02 2.474723172534928212e-02 8.022172056954521985e-03
4.429869401939572765e-02 9.301377597822062249e-03 1.251837577691931359e-02
4.333630053723994818e-02 1.589491726183612716e-02 1.008592398375607671e-02
5.199760937099570657e-02 1.240778513541479153e-02 6.898858484895286150e-03
4.600457476984293886e-02 9.267870159553315973e-03 3.708559794333150198e-03
5.527814278494837946e-02 2.079934134599487408e-02 1.575783876728758734e-02
4.841509691807541205e-02 1.470862659519941822e-02 6.948553050293190293e-03
5.234979070444770871e-02 2.192787017738534114e-02 9.308078891813001063e-03
5.510468148019909834e-02 2.730001599889665675e-02 1.823720223410437574e-02
5.247157305845830816e-02 1.069018464946821026e-02 5.110288061487947703e-03
4.879005838830127034e-02 1.214313516906096943e-02 6.454600273288993439e-03
6.149629609372226496e-02 1.887130584883396633e-02 7.595539117712163911e-03
6.966277795186591459e-02 3.397133380692984178e-02 1.781737728477085850e-02
5.445256903152765476e-02 1.579169262942888702e-02 1.179902013450251884e-02
6.129042827727824994e-02 2.302642826760822881e-02 1.113318522542271205e-02
5.106269501559321938e-02 1.214555029352554390e-02 1.337101904930716213e-02
5.039891489699876298e-02 1.507062768670244107e-02 1.637870066689363358e-02
6.261754211842845974e-02 2.019535117868798829e-02 1.044628637447214160e-02
6.634958628454439011e-02 4.506717519421973850e-02 1.134398899056055128e-02
5.226987567222862036e-02 1.970152627726219630e-02 2.179770217681895397e-02
4.067530922813117344e-02 7.747170065696060842e-03 3.183817198729045617e-03
6.120029351372970050e-02 2.057352920712900851e-02 1.822139865199158895e-02
3.583468676882039378e-02 1.744916361893317572e-02 1.688783164677795309e-02
6.172077784181540655e-02 2.247714948932000995e-02 2.608088759361827658e-02
5.401384141593063015e-02 1.237085501916849496e-02 1.211306512543628387e-02
4.976886527735009669e-02 1.712157486655863092e-02 1.108765560222108211e-02
5.133412352236019216e-02 2.038948993848137270e-02 2.969729455640530633e-02
5.626952132721051159e-02 1.908953026202065556e-02 2.202084051996027955e-02
4.986375147174428729e-02 1.895043389416018950e-02 8.385399975165290509e-03
5.824800158488515484e-02 2.401120633413483807e-02 7.660103959051691933e-03
5.895211266904117758e-02 1.849062284136843148e-02 8.302780388027288308e-03
6.201574872661077403e-02 2.266940817351659893e-02 9.010037158715821989e-03
5.745246752160875631e-02 4.703511491642511921e-02 9.605099471998713306e-03
4.564727974765652591e-02 1.103898646935337104e-02 6.329697439624306157e-03
4.480210304060984472e-02 1.233614450187295666e-02 4.686492868848824052e-03
4.883722353797962518e-02 2.489769016325026063e-02 2.949538686984559677e-02
6.337205347336904993e-02 1.957679512494545429e-02 1.551455445732023881e-02
5.483181849392459312e-02 2.212589124500053891e-02 2.113691763583708944e-02
3.478875581317746046e-02 1.222533573034084026e-02 2.062894451555441488e-02
5.458763160556497074e-02 2.129288112886132400e-02 3.595142065124716339e-03
7.028769777646551309e-02 2.535876905873626214e-02 1.561980654958595310e-02
4.718974857875659484e-02 1.849537206477649617e-02 7.738091427009960270e-03
4.485463894386125527e-02 1.683501748469422993e-02 4.314635664152464620e-03
4.068258429545106719e-02 2.149623980530226963e-02 1.815069906853386539e-02
5.096721868411211581e-02 6.705943186927007527e-02 9.748936708793714406e-03
5.690428615255679196e-02 1.476482987635539118e-02 1.703230720741310059e-02
5.070602779535795385e-02 2.279479708295085658e-02 1.031904860062093227e-02
5.682064513370069930e-02 1.674384522446094661e-02 8.077798361009112110e-03
4.412702136748679338e-02 2.564076066679214089e-02 1.006797653566402287e-02
4.745408706310505487e-02 1.802433764486678636e-02 5.192716464989068081e-03
5.297476945192313574e-02 2.351672898286918251e-02 2.521615416158594705e-02
5.107739919302477227e-02 7.851702741040789135e-02 8.816865628552687448e-03
4.853583298149160424e-02 2.259553319695725010e-02 2.846731422814428869e-02
4.576572503953698495e-02 1.561016152609474156e-02 6.317665089276439626e-03
6.995087171587625885e-02 2.428051703045247534e-02 1.451960013580867737e-02
7.235129142279307646e-02 3.501956184690310780e-02 1.663817274705828297e-02
3.925382941375910734e-02 1.749466263008681716e-02 4.858428666792539291e-03
3.090011312462238174e-02 7.527088686051121649e-03 5.437752560755111306e-03
5.017551749558068347e-02 1.942418765887727466e-02 1.883673754576259060e-02
5.158133705580480316e-02 1.355303918114434195e-02 6.118247143626147702e-03
4.381201583229200891e-02 9.083342708988919115e-03 3.289623931324488215e-03
4.118899610933710043e-02 1.597129492349978058e-02 6.743131709909310455e-03
6.656057230510474543e-02 3.044822009343110467e-02 2.737988026452869289e-02
5.392558236668747867e-02 2.292346181935667540e-02 8.887197302367920090e-03
4.285653833787349959e-02 1.361875518877132818e-02 6.539620028066142621e-03
5.229166217168215725e-02 5.692993982494386207e-02 8.938000750603773345e-03
5.198957351650250469e-02 1.875508861384243831e-02 9.065293391732360401e-03
5.186310368017720690e-02 1.078619667957804798e-02 9.603240896723501743e-03
5.248316946895303925e-02 1.890895399431876886e-02 2.049453289410928247e-02
4.285636978150884902e-02 1.143432631603053667e-02 2.907890893226019839e-03
4.532953600084242696e-02 1.167744442314861721e-02 4.949847859196867574e-03
5.387256523232934746e-02 4.050522154392402485e-02 7.256559363788159418e-03
5.052849729251011890e-02 2.162750962089493231e-02 1.303190948586448877e-02
6.173775090288700917e-02 3.064620950636106483e-02 1.467381031579410855e-02
