5.012540854329339268e-02 1.099953388808515460e-02 3.699893476634612960e-03
6.591947872453392254e-02 2.363139360247503221e-02 2.333678164458174997e-02
3.411768577166315181e-02 9.825002558760663821e-03 4.226808884112609813e-03
4.994217487598899552e-02 1.776200658913654543e-02 5.375071662235242700e-03
5.618182065209732096e-02 1.661222416147559860e-02 1.264854705482721352e-02
2.984237558038059165e-02 1.077181952201326787e-02 7.550339649174322466e-03
6.116892366863972696e-02 2.453595502720376520e-02 2.808486017276329641e-02
5.109588798483375577e-02 2.174958331473537607e-02 1.339001536628440375e-02
5.573738243155370448e-02 4.739640428449234250e-02 7.148245757117295193e-03
5.685563925823967218e-02 1.967145851814793359e-02 1.598167001486463373e-02
3.757511996458657438e-02 1.490227081556288503e-02 4.036309190137002574e-03
5.158992902240813055e-02 2.452244762711886308e-02 1.198385206519623006e-02
7.292126808279662808e-02 4.405109706815658888e-02 1.356764287768242108e-02
5.226593605268135129e-02 1.489965755845349543e-02 1.446120984561922312e-02
6.672918506267433436e-02 3.427685922242333649e-02 2.915862784032725516e-02
4.987078673786766309e-02 1.507631687831907305e-02 6.073516337868140741e-03
4.466642505861215945e-02 2.230007194594330056e-02 1.022180019992209934e-02
5.041453450524490537e-02 2.185621747666027445e-02 4.953820027998382530e-03
4.880984193235980012e-02 2.951157171734031595e-02 1.366489890232640454e-02
4.189922223815057550e-02 1.114876774139884029e-02 3.520850540278799411e-03
4.994679929567769766e-02 1.942372155683286597e-02 1.195139884493322951e-02
3.806152312788332881e-02 1.682823926437446854e-02 1.295069570072435866e-02
6.359336144129067170e-02 4.084508985466788616e-02 1.666551595832215307e-02
5.829669805977431840e-02 1.968544110455672930e-02 1.554219023004301155e-02
6.046819092596364409e-02 2.977038116914592497e-02 3.096845088441354393e-02
5.607351760046837275e-02 3.241461187452752274e-02 1.257901017625690648e-02
6.498273189006865957e-02 3.747622601673927245e-01 1.103502217301649373e-02
4.947640270289083847e-02 1.288733188329818473e-02 6.340638163874357663e-03
6.709636920354974943e-02 2.812157941924096211e-02 1.456400790173642025e-02
3.542163457696047985e-02 4.268036621633791716e-02 3.382979757485718181e-03
4.980625170279202180e-02 1.602344700383160347e-01 1.111925374792284080e-02
4.906383269186555263e-02 1.943537519708416275e-02 1.005705921208090679e-02
6.099500104913699317e-02 2.146358158797698201e-02 1.074677420028016805e-02
4.797933757243874608e-02 1.245095732747914137e-02 9.462475956600947466e-03
3.369072949572469305e-02 1.103709726165491914e-02 1.570149030090842515e-02
8.203161612353264409e-02 4.317108260330053404e-02 1.980560179763301773e-02
5.948150108612546699e-02 2.805181595994613031e-02 1.987133896733282029e-02
4.636530492979430013e-02 3.991998619924201630e-02 9.755826608573159309e-03
6.513180176754056194e-02 2.507847618041444959e-02 1.340994728400792500e-02
5.203399634180073258e-02 3.168412614149707790e-02 1.941318461764901873e-02
4.313601049283032757e-02 1.191972510704942811e-01 7.950105753119720078e-03
5.059550224657978490e-02 2.643083253178936387e-02 2.196000457106320192e-02
5.522921498271323587e-02 2.496452248761726889e-02 1.357484909791486540e-02
6.351453657200012426e-02 2.584586843606735337e-02 9.753544523102950989e-03
2.991147718404588499e-02 9.811605560019450237e-03 3.596417379680067090e-03
6.210043521952967466e-02 1.785739142743315161e-02 9.817219143952440538e-03
7.538981091015622971e-02 2.423447974375057476e-02 2.197992019130557556e-02
5.235960362325825512e-02 1.978495398775912545e-02 1.580202874522166484e-02
4.418454877311016327e-02 1.990777810345063098e-02 5.664249878798326317e-03
8.116106721213289799e-02 3.965898263577185417e-02 1.867258650694422414e-02
4.921360518056901862e-02 1.334533952245930445e-02 9.370783859886008468e-03
8.265831877993562449e-02 3.585353448584926994e-02 1.390243833947774933e-02
4.660617878802528896e-02 1.596964792865984001e-02 8.016186296732060595e-03
4.716190128381799601e-02 1.253898451524076800e-02 1.737776193665983848e-02
5.913955025274981320e-02 1.394335412170055744e-02 1.240071441263364965e-02
6.495632182659172305e-02 2.181555645874835858e-02 1.126649808043499006e-02
6.720994824541415280e-02 2.499065188990675507e-02 1.482231257772305931e-02
5.183947033272202909e-02 1.678505847508213883e-02 8.227263031398261012e-03
4.246918459111396343e-02 2.408842668614277066e-02 8.608248220637560941e-03
5.547168853245288550e-02 2.322558776316382273e-02 1.035148892884020684e-02
5.675202980867857794e-02 2.053844159420217808e-02 1.168570560864595764e-02
6.074161899913797097e-02 2.361291058765328105e-02 3.780787159948155451e-02
6.729126804316412636e-02 3.483613946726009380e-02 2.545764234913953580e-02
6.831160758916766940e-02 2.442032742731144873e-02 2.173904857315570038e-02
4.012072205653398338e-02 1.065170562452068953e-02 4.151820356987603183e-03
6.218387983596961738e-02 5.237676524567612402e-02 8.409862975302332538e-03
2.963698826744256415e-02 9.011463111988410671e-03 6.348348945264949833e-03
5.759748296751753677e-02 2.579693074876423381e-02 8.726659064042269209e-03
6.414343913013519083e-02 5.533443747477359564e-02 1.789857780005051427e-02
5.530088191620510796e-02 9.229852499939386612e-02 1.914854444248121484e-02
4.051412035647853488e-02 2.198006981263110962e-02 1.631443671658316594e-02
5.119994296240341219e-02 2.598543871138718833e-02 2.567726213521001263e-02
4.352127655558925279e-02 1.681085662937173431e-02 7.750829917808891266e-03
7.429240312817689262e-02 2.077927115488390278e-02 1.092702940844061943e-02
4.414605704396300928e-02 2.488278480785586361e-02 6.578618218728964247e-03
4.475852321930002403e-02 1.872787433650854871e-02 7.018014844720793684e-03
4.514599370178633275e-02 2.506594688946507665e-02 7.686428651385147567e-03
5.342900827666504510e-02 2.945840248073157419e-02 2.014486734122415690e-02
3.606884765207910015e-02 1.822612269478697533e-02 6.200694985254194720e-03
5.792203491832852158e-02 2.269113318936384280e-02 2.007257373602779060e-02
5.684876889847600978e-02 1.652068556491223875e-02 7.608996123136788775e-03
5.357955834203509404e-02 1.556157826833826086e-02 5.751514384479822217e-03
4.920147277291545690e-02 2.264120806943684117e-02 7.360865016568083133e-03
4.630293959134847148e-02 1.562376628362138926e-02 9.348328724562020992e-03
5.909032855035462745e-02 2.030939239787798306e-02 1.032799213180704730e-02
5.419996834562073457e-02 2.834531541249550590e-02 1.303466752892484294e-02
3.731859662839257658e-02 9.856951049508601292e-03 4.292390561787398813e-03
5.275569773723231409e-02 2.447165617594160292e-02 1.028105940056655773e-02
4.125729858522017568e-02 1.089982873438574001e-02 1.387492560540243280e-02
4.251837233118418297e-02 3.602632090533380155e-02 6.765117940183813794e-03
5.899505578294859942e-02 3.406145688661810222e-02 1.612124409722260135e-02
3.674181375949493733e-02 1.455334890632106401e-02 7.931302015444684911e-03
7.631665610368396080e-02 2.458825298733885098e-02 9.773329200660626007e-03
5.804408081216667903e-02 3.286860897060003839e-02 1.739775260487382014e-02
5.861182271734006327e-02 2.256784439445706780e-02 9.805391129358197871e-03
6.466533919559275256e-02 2.381363453887232889e-02 2.455730299046661458e-02
4.949598569317937430e-02 1.726216315996120104e-02 6.520007865613567342e-03
5.988400404718608599e-02 2.341112315654319057e-02 1.122576074558361697e-02
5.140334480872595091e-02 2.304143065934741164e-02 1.093182173544247557e-02
6.645699141590745429e-02 3.858130054316089713e-02 3.583964185593922075e-02
5.249338302739721407e-02 1.617444684435213886e-02 1.335225800941963227e-02
5.799431244851414868e-02 1.877520914142096625e-02 7.950635066921890939e-03
5.818141079681387468e-02 2.344732700182480117e-02 9.339683309955108120e-03
5.120214175089610881e-02 1.248636803955057578e-02 5.210136092783881900e-03
4.485535448587308488e-02 2.357518532853705717e-02 9.038937226122057203e-03
4.830817596557430288e-02 2.517374060916960019e-02 9.600928833971875825e-03
4.179828031532958899e-02 2.309711805568753773e-02 1.235748797450209914e-02
5.242430436487546808e-02 1.768160534560065875e-02 6.297298518231467072e-03
5.312526939421302608e-02 2.708390999677336153e-02 9.108950240991488256e-03
4.474212239416959502e-02 2.274462966403957564e-02 1.253888412991194072e-02
5.608085635483964215e-02 3.328618160207426346e-02 1.417648056001237673e-02
5.470400011297578413e-02 2.007499671047423273e-02 8.364098246542042356e-03
4.595076803888648725e-02 1.188346657074458232e-02 7.377113273846521227e-03
5.280459425988380529e-02 1.771759368660413489e-02 8.801317282326911323e-03
4.824579258516207420e-02 1.670677387784349349e-02 4.744418664275320760e-03
5.055596613834145714e-02 1.676023607975714314e-02 2.013082752312600823e-02
6.836555640624920882e-02 2.728051585914272742e-02 1.685790428901654328e-02
4.928849255977985760e-02 3.468417181096319912e-02 1.261023562968958955e-02
5.349394249025872516e-02 2.452984032366591766e-02 1.101544038576201742e-02
5.899160400260568954e-02 2.862011805621472033e-02 1.096198410172995533e-02
4.427152375463833806e-02 1.510728687902375238e-02 5.585876846751105032e-03
4.792945776841064931e-02 6.504463006737062347e-01 1.551747933572801552e-02
3.823183259494660619e-02 7.098112335210580819e-03 4.298781812650151815e-03
5.274536419648122310e-02 1.914002900064531651e-02 1.086638696488822359e-02
4.525450610882131297e-02 1.990305768232466035e-02 1.153492664916958010e-02
5.832363989141087224e-02 2.369249535422780426e-02 1.606051948694627030e-02
5.238706217979383767e-02 2.046502095200615490e-02 1.105782672886116216e-02
5.429759254070084390e-02 1.927680721287174104e-02 1.517011702346191156e-02
5.206152011018139875e-02 1.603672405378833016e-02 6.761995339377319461e-03
4.061409708872503604e-02 1.490113249372817909e-02 3.611841311336736957e-03
4.750415070922155841e-02 2.923248412522415005e-02 9.103229158807818466e-03
5.086792682217759765e-02 2.301425644754614974e-02 8.499237415764417450e-03
6.970167883403569076e-02 2.458253593930805059e-02 1.333802056800773711e-02
5.385536557637827376e-02 1.756100000496255836e-02 1.242947697532495802e-02
6.114564491298508930e-02 3.112019875999404855e-02 8.734913929240726432e-03
4.866224849510485811e-02 2.488220270002740320e-02 1.024386055310702245e-02
6.202582012956341095e-02 1.637239485894615917e-02 1.642340235253755484e-02
5.956165810099884467e-02 2.952765343318331653e-02 1.529567875053869201e-02
4.839524127164736289e-02 1.111155623443977128e-02 4.375743510614092321e-03
6.056175259327201132e-02 2.216207569047408399e-02 9.577368374336866358e-03
6.177149773407600991e-02 2.130481370161790497e-02 1.097496936094344636e-02
4.011299678288891141e-02 1.291634998258153581e-02 8.166313164482984222e-03
6.045973432807703191e-02 1.679521611764012851e-02 2.101970636391010949e-02
6.088680538407246351e-02 2.144776728004824107e-02 1.102249698064989604e-02
6.531421798818923263e-02 2.705330511935351984e-02 1.572210050982175700e-02
4.757247520904070437e-02 2.049139953195702746e-02 1.730223952904721973e-02
5.492089105691664447e-02 5.689074806797907169e-02 9.619078831653648382e-03
5.109220753083319050e-02 2.170981777901392906e-02 1.632140313461345749e-02
6.081081606315087706e-02 2.661615773584921282e-02 1.142946050151159333e-02
4.744090898564659597e-02 2.599758716601156122e-02 1.129571454727139324e-02
3.781025828585532489e-02 2.079661694830408497e-02 1.201779211005496104e-02
6.543632521408458691e-02 2.468970118611727924e-02 1.360154861119772587e-02
4.678473013587361451e-02 1.716766429626979951e-02 6.973977716168894281e-03
5.488633115019018321e-02 1.263304208053889037e-02 8.814157337377915083e-03
5.412084069463191094e-02 1.578159921037033606e-02 1.001417124324651721e-02
4.927463034094301669e-02 1.954686869296356697e-02 7.716889222436417589e-03
6.952922705340894294e-02 2.549529165610454548e-02 2.162264996536315126e-02
4.649524375769342049e-02 1.519284971890379199e-02 7.913216624260477339e-03
7.574649492056384492e-02 3.491592218496267219e-02 1.559448926233119453e-02
5.972198563058824655e-02 3.487794075333094934e-02 2.606050854556993604e-02
5.708228580308970235e-02 2.750118785572169822e-02 2.318204445853289108e-02
5.017856121595491020e-02 2.037442364524432933e-02 1.098111647353614169e-02
5.025364604530049156e-02 1.808448059333185240e-02 1.175115925567767061e-02
5.499530799801867487e-02 1.504181084287721688e-02 5.978677027309011772e-03
6.493956021333881223e-02 2.082535125709112506e-02 1.225138018322845072e-02
5.744616325493591413e-02 5.029079931478892818e-02 1.082278358717627710e-02
4.742039392560671446e-02 6.953291603466128790e-02 6.536873067971394474e-03
5.793418938242197308e-02 2.048549873451552261e-02 4.118898397836081963e-03
6.065020866744948169e-02 2.699628542784178117e-02 1.241226627000396703e-02
5.351727691964362071e-02 2.798962470405159941e-02 1.698515261979464952e-02
4.440941528370988961e-02 1.278212821132915580e-02 1.781460867889952948e-02
5.248108813873010592e-02 2.924529262636084079e-02 1.680842519981923244e-02
4.483478141359081848e-02 1.680275105944688957e-02 1.535407302679396221e-02
5.349512167656941819e-02 2.433076446309081695e-02 1.070295199727401905e-02
4.851904660202335101e-02 2.089504108574715552e-02 7.737292185476386634e-03
4.835772721746285641e-02 1.764473023044287048e-02 1.041370650080024329e-02
7.197721427058179078e-02 3.570538886029830938e-02 2.067007244976556274e-02
4.353880571527954380e-02 1.195176146250097847e-02 1.241081982608927860e-02
4.783519978875720724e-02 3.936664611014106113e-02 5.656065686111866157e-03
4.879634216001327296e-02 2.558802102947585477e-02 1.220062094965155414e-02
4.630211533848439115e-02 1.602978646934491436e-02 6.296538332132419619e-03
5.637044302453726036e-02 1.593079634080975249e-02 8.495624358657256903e-03
5.653838201746150954e-02 1.973136219152529791e-02 1.788390338300207064e-02
3.931869121745559109e-02 1.234814355229244508e-02 6.355007271066659760e-03
5.098063528994128957e-02 2.521383313869478629e-02 6.593617473781787641e-03
5.591931233800328388e-02 1.721378816022805375e-02 6.194451081520425083e-03
6.558472864925964096e-02 5.612674764578880204e-02 2.845427393603284019e-02
3.386761419463309164e-02 1.068660375336011499e-02 3.100126947239806915e-03
5.267249052811120297e-02 1.816423503143745413e-02 9.173909447349911511e-03
5.932759868871648884e-02 2.553084668015279113e-02 1.386845374252415608e-02
3.932400806303439078e-02 1.593438000397065166e-02 1.462767159779351095e-02
3.299882006499409853e-02 1.295718683922569836e-02 5.412901048950613872e-03
6.345354149964189949e-02 2.194174692859729783e-02 1.057569604186251941e-02
4.601970194074631038e-02 1.915714428070842273e-02 6.916447482543314380e-03
5.120229464871985797e-02 2.239426677803641255e-02 1.454659936528320853e-02
5.762887770024446160e-02 2.686750175339733954e-02 1.120831954927115938e-02
5.328781080640260931e-02 2.099657366111314441e-02 1.082104301101743243e-02
5.276536292158445773e-02 1.713969435085437032e-02 7.322966006829337640e-03
4.053134654506438533e-02 1.113238635179764416e-02 1.202250399904088163e-02
4.317948880678790929e-02 1.020079089874371785e-02 8.491501031861472051e-03
3.889786991968752911e-02 1.305050216644459797e-02 4.387759797435983322e-03
3.955935900216133588e-02 1.576473563629166713e-02 7.575487018996783853e-03
5.022473113064779282e-02 1.573066150938130445e-02 6.312670630912215960e-03
3.431553344913182424e-02 1.018385513947778903e-02 4.784694023898443047e-03
5.616715766472770571e-02 1.445947926405536689e-02 1.989962411051420313e-02
5.479198631293036997e-02 3.757810700498118162e-02 7.404256618589646205e-03
5.226652650973052233e-02 1.727742961344756745e-02 2.241925465442468068e-02
7.863372288160616619e-02 3.472763900618487665e-02 2.417014468014542367e-02
5.048005576582928478e-02 2.148414897480400640e-02 9.505461494802101841e-03
5.977952933269703450e-02 2.545805117588134658e-02 1.623707281777733713e-02
6.176775266456434321e-02 2.420683724166582812e-02 1.825489269357085179e-02
4.223510119703276222e-02 3.277627455352605940e-02 7.069789253113314964e-03
6.125360125503027248e-02 2.233669886598112220e-02 2.366850667293641033e-02
5.660753109846418385e-02 2.689736342951704745e-02 2.273670141568921374e-02
5.035427188515347735e-02 2.186019183226757881e-02 6.308816508330847977e-03
5.485911570552060024e-02 1.609745605216039016e-02 6.566651696073526681e-03
4.958533181623512448e-02 1.990685454787611067e-02 8.432093820574623755e-03
7.763558449062933631e-02 3.120683852111569290e-02 3.172363224648769298e-02
5.735056254043584267e-02 1.933625637565307420e-02 1.330932962676964308e-02
6.106799993774120194e-02 1.111664400041109391e-01 1.735037299752970053e-02
6.061715239731508414e-02 2.672538069921081422e-02 7.995701610654593755e-03
4.861735227582780761e-02 1.726867420509256568e-02 6.289125083961904714e-03
4.232793828233187561e-02 2.490194280272137184e-02 1.429576751160950739e-02
5.076903304888604612e-02 5.051812913502719271e-02 1.066852876281232203e-02
4.641394019811888316e-02 1.678410951538098980e-02 1.205635869528741758e-02
6.251172698505604031e-02 2.895639115575309938e-02 1.357557595294009087e-02
6.038015776469467938e-02 2.124996592663531622e-02 2.050413957586650487e-02
4.803465803095010450e-02 2.356208820997571229e-02 1.854403518618329486e-02
5.370674447122394252e-02 2.459666131014837109e-02 2.042755197364806360e-02
4.422989528455312236e-02 1.398069457921839211e-02 7.148884708272275346e-03
5.858328272827981881e-02 1.652326712934482772e-02 8.524241832955806869e-03
4.633529947650960601e-02 1.339588290598478851e-02 1.003115966336674131e-02
5.620073558411942810e-02 2.450381998361640321e-02 1.654199120671941831e-02
3.711543896638833107e-02 4.095814223572277583e-03 8.607601522121683876e-03
5.276612915625396999e-02 2.703425963781239116e-02 1.306198398665500866e-02
5.421877796739817817e-02 2.767382755020843590e-02 2.673215541927776578e-02
5.187343488259466701e-02 1.840295447570119980e-02 1.605299740823692284e-02
4.353536489384501884e-02 3.052439420476940266e-02 9.106436119063287746e-03
4.609388834297128285e-02 1.365455688272440571e-02 6.556418586609985034e-03
5.276987376944557162e-02 2.422097462877893445e-02 1.762882913409731522e-02
5.238037736851756943e-02 9.093419156382781532e-02 1.228563390995538775e-02
7.082505109894267348e-02 2.878358004709711052e-02 1.321063990178195958e-02
4.530694558013233231e-02 1.833776908265192379e-02 8.358107165067300143e-03
5.692854454942673781e-02 1.970282547542520982e-02 1.984895036776425370e-02
5.334583812528890384e-02 2.851573463365974365e-02 1.008338844927595540e-02
5.052510574428600160e-02 2.208958677702442530e-02 7.612649464879657317e-03
4.314101095277025205e-02 1.103450236998789954e-02 5.501185444772755534e-03
7.339135945039367004e-02 3.592433843592833520e-02 2.336879325688769049e-02
4.813102145812743482e-02 1.594371109278364118e-02 8.112754591589336345e-03
7.721768513732313322e-02 3.336309872020506995e-02 2.882579202344597025e-02
4.963946675497751815e-02 1.634344397936501186e-02 7.116681064534332440e-03
7.182640400560752481e-02 3.918050416078491804e-02 2.275939739111692423e-02
5.713932680651239576e-02 1.865846281579586902e-02 9.412775162374525245e-03
5.280997367920475805e-02 1.802895179615456728e-02 1.860811664748901820e-02
4.771280346708534070e-02 1.672599617813736936e-02 5.677504082835559476e-03
5.151360246082273275e-02 1.894909643453527442e-02 6.634347517257632200e-03
5.713743128326700255e-02 3.289418317104062656e-02 1.395699372645652081e-02
4.744893475458432375e-02 2.110001229141301310e-02 1.973093157034403605e-02
6.563880354887144386e-02 3.052022215731715199e-02 1.971757956111454962e-02
6.528052443679679961e-02 2.410498569989820775e-02 1.224776755021764543e-02
5.582138923377185508e-02 1.921016909899513070e-02 9.470003867425396543e-03
6.350805571406574479e-02 1.920205030634388951e-02 9.248188660037501285e-03
5.998141664680027574e-02 2.252496540360890767e-02 2.310036205175732688e-02
6.194959425293139477e-02 3.574218211103047382e-02 1.861224437820012401e-02
4.297495521782508654e-02 1.846918351014917303e-02 1.172618327629036325e-02
6.332240809457426178e-02 1.381390846950098783e-01 1.724040424551842934e-02
4.474505545474354029e-02 1.329994712722501124e-02 5.039817140319838469e-03
5.034893374050034009e-02 2.295942909833102036e-02 8.540919972399871676e-03
7.001867002145051311e-02 3.815593332160383683e-02 2.535013615139058638e-02
4.916392910878512879e-02 1.904390169198535987e-02 1.516217529581805057e-02
3.952960370963597841e-02 1.050867141430848924e-02 8.948258772317708651e-03
5.956467995422190520e-02 2.016252304823671834e-02 6.570370185921664205e-03
4.723033509708340905e-02 2.073771087762288010e-02 1.876340915170949392e-02
2.883837150517330056e-02 7.106278181103467019e-03 2.461822263223866977e-03
3.306315306326130382e-02 1.349179731753084865e-02 5.629668069759731844e-03
5.020960579701498616e-02 2.318504301215873822e-02 1.817489301356045583e-02
5.943568929859988081e-02 2.363829419621671715e-02 9.417161685193015455e-03
4.475453541547635278e-02 2.001532755413941780e-02 8.544692357651919798e-03
6.046856563404537366e-02 1.903956764358650730e-02 8.754868610998464348e-03
2.616355028647456005e-02 7.138407581338189652e-03 1.360517594265672932e-02
6.641717518657687391e-02 2.073548443715763495e-02 2.375374201779082220e-02
4.872280292435067495e-02 9.367511634822483016e-03 3.677607276520794381e-03
4.749305238877313262e-02 2.161948468622514746e-02 1.110495136744049302e-02
5.809039630367684309e-02 1.691566038593339885e-02 8.484079848706471694e-03
4.226746081221283841e-02 4.255516020593559656e-02 7.669867865752778846e-03
5.531564212124447100e-02 2.103841847466647597e-02 1.169164151865110211e-02
7.209343286604683043e-02 1.809971725979575910e-02 1.742678906334979919e-02
3.543796811178152872e-02 9.808578989511249069e-03 8.891016251850035468e-03
6.190172880495859592e-02 2.817747084608818176e-02 1.792429053328473132e-02
5.448599679092380743e-02 2.943169481911277197e-02 1.997866913172542322e-02
5.779708350930951033e-02 2.801933597422305577e-02 1.309109541932249911e-02
6.731244751091174094e-02 3.092954943794574280e-02 2.575232539930553260e-02
6.515852173838972139e-02 2.986666764578863043e-02 2.468073699161323770e-02
6.122735655596354271e-02 1.283247539758211597e-01 2.627452411245004976e-02
4.497604751236432274e-02 9.880614845119855411e-03 9.470188490320691210e-03
3.868676910458706403e-02 1.598662460904541963e-02 6.798988754141238773e-03
6.256122750719454728e-02 3.150524889786791849e-02 1.039378036318167921e-02
4.736599706511835511e-02 4.542491367067881536e-02 1.344291813252793642e-02
5.895405785732501375e-02 1.814072136828754483e-02 1.014047855256570117e-02
5.520385117787004331e-02 2.076769353622500563e-02 1.107452396934029831e-02
6.381480825742968932e-02 2.040504740665106259e-02 8.648327182530392634e-03
6.751073282886672910e-02 4.029755688121653551e-02 2.018573498248059719e-02
3.939632698006288736e-02 1.129667308730721194e-02 1.115378055357426831e-02
6.533873099306584942e-02 2.938577630677355335e-02 1.057115940730586102e-02
6.971350508185178430e-02 3.006577899247735164e-02 1.773638875170210905e-02
6.212992503335155320e-02 1.794327877618397127e-02 1.149939702834081728e-02
5.831701471776977452e-02 2.656651894476181469e-02 1.397005788705203005e-02
5.012223688124436277e-02 1.218729946716374385e-02 8.412249486372608970e-03
4.817917012851059833e-02 2.061770638019499655e-02 8.169638850498674859e-03
5.069912315959721610e-02 2.421864748904914433e-02 1.843051987011649212e-02
5.984162019263842419e-02 3.440881082231489474e-02 1.815437445449626097e-02
5.884168961964763439e-02 2.178524814482024272e-02 1.085370951911800511e-02
4.669678949267750540e-02 5.088834634809227819e-02 7.635674492343183864e-03
3.682981271074349527e-02 1.288722895368304283e-02 3.674730088739301681e-03
5.642265508568533594e-02 2.200540084086282863e-02 1.049123815176040454e-02
4.941663630337934932e-02 1.572301722661656811e-02 6.408382767207660910e-03
8.022500366086361689e-02 4.710975951625113317e-02 3.119911799790540258e-02
4.192786645961277259e-02 1.663278133135049144e-02 1.317276643483610531e-02
5.789098870160375859e-02 2.107204000592116308e-02 8.704368865376633721e-03
6.061026402202612101e-02 3.835696962693477263e-02 1.220104213204241048e-02
5.260554433567776050e-02 2.532973992503947600e-02 1.735161988365526223e-02
4.165580322738799551e-02 1.871624768154363239e-02 6.223410545068338087e-03
6.979724682868036767e-02 3.225454911897968069e-02 2.451769296658494815e-02
5.984643495958860693e-02 2.625620883939294714e-02 1.385319465206485620e-02
5.679111663318358455e-02 3.838865765791843465e-01 8.436591246569622587e-03
5.445459379070247824e-02 2.046853667344446237e-02 1.796976101294657166e-02
4.763200976156325289e-02 9.693745238481595722e-03 5.194636540815961330e-03
4.636910925687267454e-02 1.856594705154888600e-02 1.261146765176620471e-02
6.735204032666244900e-02 2.336143715264932599e-02 9.918849954635619234e-03
6.607779043126613128e-02 2.528507337688914308e-02 2.662817763181755948e-02
5.543732845385482971e-02 2.451306435564688455e-02 1.153456879149323405e-02
6.038440890235378944e-02 6.103972796784712385e-01 7.842233054971056022e-03
4.773982307663361679e-02 3.459235713169413196e-02 7.422204164801415524e-03
3.304749961333581371e-02 1.023901806869636014e-02 6.660455143083374163e-03
6.200512552995404020e-02 3.325565694315704007e-02 2.075239362434701598e-02
4.629232483414531113e-02 3.042307169661681229e-02 1.919996820715107883e-02
4.896347347138144818e-02 1.669504467149582685e-02 9.239672329767001022e-03
4.948169700115044589e-02 1.875166264263577673e-02 9.459200683159283557e-03
5.127169103938768180e-02 2.424036172935201475e-02 1.910242020646640143e-02
4.680108801503586602e-02 2.011372522906310079e-02 1.486123931713971905e-02
5.792811138885946287e-02 2.089754989726441345e-02 2.194846292373796304e-02
4.237025175736715971e-02 3.305524580819866470e-02 1.219743587495990267e-02
8.187054236776659943e-02 5.390833479474861634e-02 2.966673454131747364e-02
5.400213762686996433e-02 3.670172713383272611e-02 1.300809221843083306e-02
6.633359372276627364e-02 4.211424320058578669e-02 1.128120507073683033e-02
5.953598926998330404e-02 2.219020725402528343e-02 1.662131474128104511e-02
5.966862558685540746e-02 1.636139323527734113e-02 1.032721596031336772e-02
7.503848428307965945e-02 3.051971459199152858e-02 2.574908709583350469e-02
5.866890761712809793e-02 2.334000543989986701e-02 1.815581404978738531e-02
4.992091029460729579e-02 1.530690983536112972e-02 1.482744386819158378e-02
5.246870711352935590e-02 1.572011692099490113e-02 6.593629272857555283e-03
5.747438862575767610e-02 2.433141935483969232e-02 8.363188201045279949e-03
7.105005307603584619e-02 4.773247776941836468e-02 1.703630970572918638e-02
5.736281534788294917e-02 7.268541236439819697e-02 1.297753664845775062e-02
4.881497787346592010e-02 1.234524570355284394e-02 3.801616625380466012e-03
7.159754726646207212e-02 2.224317181879043384e-02 1.359409671564495992e-02
4.461280591995987754e-02 1.954379188877181789e-02 1.877155211696657916e-02
3.264091443394726705e-02 1.030338239324306571e-01 9.705934299077043775e-03
7.030515985520764677e-02 3.045394927129690260e-02 3.444643698175615248e-02
4.430379692679487641e-02 9.949621413495210800e-03 2.964377154683446852e-03
4.276916391284484031e-02 2.638158882427833057e-02 1.752221091478872381e-02
4.343970243504045176e-02 2.460264186959681965e-02 5.734509140888611155e-03
3.798257235539882065e-02 9.442110798465479585e-03 7.534405118683137198e-03
5.602732204634768010e-02 1.648021068501898112e-02 1.600848654059815190e-02
3.409844587678960426e-02 8.270261825108341999e-03 3.771823465204778882e-03
6.693147639298058227e-02 2.449233150791069874e-02 1.301879037908262177e-02
6.183485458656147460e-02 2.440568081504434356e-02 1.836999397501920886e-02
4.824653571406797153e-02 2.735249352696358938e-02 7.483574953976675215e-03
6.069024632787851925e-02 3.083194227392678510e-02 2.364113016067041773e-02
4.563270016189236583e-02 1.499523761628489271e-02 7.704962312905135058e-03
4.232056479520593384e-02 1.289612530994848835e-02 5.087136874307920248e-03
6.366571078182788057e-02 2.206040384876619201e-02 1.985256588585122134e-02
4.276048969235053676e-02 1.511765370154793085e-02 1.291975745780145346e-02
6.524037014380856814e-02 2.559868476295034875e-02 1.020798201899380912e-02
5.160053388239574379e-02 2.218852828296136170e-02 1.593580042167220753e-02
6.697083263750794324e-02 4.351592678891950949e-02 1.676512390653989507e-02
4.629157489833943262e-02 2.150640855636640203e-02 8.340240124807243166e-03
4.831181995639843157e-02 1.380182004559805942e-02 5.469375677912740111e-03
4.543658676502559252e-02 1.906331057010763469e-02 6.973322842583009121e-03
5.623739789801079914e-02 1.987350160380530265e-02 1.220658361609179565e-02
5.953175714479949643e-02 2.327714824051583045e-02 1.107736972069896415e-02
6.157479808445041197e-02 2.317546001714122436e-02 1.498374508521566582e-02
6.505661764996428786e-02 2.409829970103523344e-02 1.012999137319024051e-02
6.589055027983180268e-02 2.135187982191928333e-02 2.152358709125037906e-02
5.716436204533352494e-02 2.507274075752526088e-02 6.860562671762629634e-03
4.705555959633784396e-02 1.548751796981891193e-02 6.517774212792911380e-03
6.477303762111323582e-02 1.904399222553275137e-02 1.755766687156271391e-02
4.108849430666099839e-02 1.196871074024925818e-02 8.148938505868541168e-03
5.060626452408602954e-02 1.064093934773928211e-02 1.005724125380075620e-02
6.290708085349552836e-02 1.994303060534859465e-02 1.752988140834588551e-02
4.564974318127192066e-02 2.055745801891390237e-02 6.806082116282825140e-03
5.849822132990437074e-02 2.657281651118066634e-02 1.085876181449616992e-02
4.855568070596602559e-02 1.246599943845556890e-02 1.585551820180764945e-02
6.059375223773002389e-02 3.530050722190539170e-02 2.263143643565954100e-02
4.145999796659301934e-02 1.313017387938092417e-02 7.951451254851684899e-03
5.576628695501869432e-02 4.230460547981922115e-02 1.354085117500255023e-02
4.388452388323915709e-02 1.526830662436662149e-02 5.651750468988189086e-03
4.417595545546877667e-02 1.229322588224293113e-02 5.908693276292359235e-03
7.398078397572657727e-02 3.371524181444141011e-02 2.377792646060338314e-02
4.528409380659925709e-02 2.383367235674948778e-02 6.751031231459458590e-03
5.674619804210372792e-02 3.905608065715256844e-02 1.285895678306300978e-02
3.874255343377246835e-02 1.994118885119173373e-02 1.668690997966315245e-02
5.271589759336083730e-02 1.655661107079061181e-02 1.149947034834329120e-02
5.050947997985281990e-02 1.214707553577815541e-01 9.338781163852054312e-03
5.038251068397681803e-02 2.362799655913702321e-02 1.324441307359961253e-02
6.503097725256912209e-02 2.358640140520603529e-02 1.208954101896380154e-02
3.929416754847703253e-02 1.838635665263057412e-02 1.239222056051067500e-02
5.817063367858399392e-02 2.027594995929393046e-02 1.406184244031190474e-02
4.200654466335404513e-02 1.238677655796735153e-02 5.629638289379086842e-03
7.300314213185467305e-02 3.157919504667293376e-02 1.218377180839165519e-02
4.894220136980043795e-02 1.597714878220625120e-02 1.257568636008316205e-02
5.293565358081457617e-02 1.763592536887304343e-02 7.120362182287261546e-03
5.267348732744632500e-02 2.739893957198734353e-02 1.828334766809979611e-02
4.136677845739228365e-02 8.464506422133344365e-02 9.790737033150986174e-03
4.908445477489609132e-02 2.185409709656051941e-02 1.390736684248113433e-02
5.373588385749918789e-02 2.019012004241779387e-02 9.092288606617048713e-03
3.730660374796328227e-02 9.011850643026755175e-03 2.806250174428221150e-03
6.122887680539201849e-02 2.025568560046793476e-02 1.389945095492567048e-02
5.139337706465647165e-02 1.062618879319182121e-02 6.841331608848805548e-03
4.284252778863475997e-02 1.488101265035046521e-02 1.746950006589110746e-02
4.941110379021789595e-02 1.702633340535283576e-02 7.349059447645057974e-03
6.201877489432799234e-02 2.655170720046259869e-02 9.239337692451412426e-03
4.221303408540032220e-02 2.227922165294758325e-02 1.034061727879963255e-02
5.206810226281238102e-02 1.782404893947525659e-02 9.946166389531167079e-03
3.872229715253524412e-02 1.028221599981340648e-02 6.586040969883059752e-03
5.868326950051987873e-02 3.041931134197763814e-02 1.130082765773992443e-02
6.997905585719815802e-02 2.812098244777010148e-02 2.787214554345308209e-02
6.542962718178020609e-02 3.044194586641470884e-02 1.222453332499102985e-02
5.072637948079498915e-02 2.277750893010354813e-02 9.619189321608163923e-03
7.972670076132581940e-02 3.636863020813126124e-02 1.369151637506070204e-02
5.344045209586796574e-02 1.780639562852561961e-02 8.967849232975182508e-03
6.073152117678229378e-02 2.700119302045980718e-02 2.123672544466847015e-02
6.380023439827030296e-02 4.427188990843272665e-02 2.181215313422618304e-02
5.958565825921417064e-02 3.328346369388000825e-02 2.001987992834700775e-02
6.683548178533260664e-02 2.794822550311700654e-02 1.476128481139463329e-02
5.093668826806416888e-02 2.917267482007733850e-02 2.867652908107465315e-02
5.484239064978835981e-02 2.763075155953843842e-02 1.188771024375464072e-02
4.925928901622328437e-02 1.979258706522186995e-02 5.733586141674155631e-03
4.188810505950624208e-02 1.580671784143722336e-02 6.780541915042856763e-03
5.508243227320415436e-02 1.478228051604525695e-02 8.637359991823386277e-03
5.263124073640640388e-02 1.904921956902791078e-02 1.095783231577403954e-02
6.662146898733042888e-02 3.822326741000384165e-02 1.427948859145488324e-02
6.427248768918471244e-02 2.782021926762926270e-02 2.297042876534347022e-02
5.207439630086648646e-02 2.278185555076353563e-02 1.333483831225571944e-02
4.090579603664237091e-02 1.123580484719554316e-02 3.551836833518429680e-03
4.902672190726346108e-02 1.335967933246042308e-02 1.734561891863460256e-02
5.575646098458082733e-02 1.929322001462153297e-02 1.501724539483726209e-02
6.225023017180878609e-02 2.663790320111033075e-02 8.124635504096571620e-03
5.719115036438722488e-02 2.536333589591463836e-02 8.679404583119177882e-03
5.153905179612914417e-02 1.575562471927687003e-02 8.642988266029952293e-03
4.565906366739488909e-02 6.247017462242718255e-02 9.609193660289701636e-03
5.791339149746384946e-02 2.780174651891433729e-02 9.166682552075099827e-03
6.024627866234617130e-02 2.451501584677138329e-02 1.391565715557036009e-02
4.308043372423780992e-02 1.871868477137459894e-02 1.243219214442688528e-02
5.355872273932525685e-02 1.473381608901218852e-02 1.321089894626992917e-02
4.680896570800407996e-02 2.055332910972421795e-02 1.179926373130401988e-02
3.022883674393760794e-02 1.811761437544858258e-02 6.244978967293935909e-03
5.219722315920980599e-02 1.496833055055198439e-02 8.600940931188700428e-03
6.925058959799394731e-02 4.105927677548511234e-02 9.041222518349927018e-03
5.997663195927766672e-02 2.319149574048347956e-02 1.180358040618246195e-02
6.016224574970216454e-02 2.205447486940160379e-02 1.002840740640158906e-02
5.989713860196987927e-02 3.063677741566107546e-02 2.349308882514125271e-02
5.036758803008037355e-02 2.259283775740915726e-02 1.362028841253437594e-02
6.430939905089841369e-02 2.895021979374023946e-02 9.706336660237534220e-03
4.674434989543442553e-02 1.963657821942236398e-02 1.048576294635227696e-02
4.925671085973244018e-02 2.506705014158893546e-02 7.038786153032649921e-03
5.349203664609185338e-02 1.068113862493317787e-02 5.651184472922033200e-03
6.922993999825680089e-02 2.979414732947409036e-02 2.464475728163762619e-02
5.578157634432744788e-02 2.105283887246006680e-02 1.167603602594670734e-02
4.265673259610868601e-02 1.021835617936513521e-02 1.280757955651767172e-02
4.889465765575064932e-02 2.019732030179260257e-02 1.110413290171259094e-02
3.971061190430309057e-02 2.904811019605258240e-02 5.740416548224266252e-03
4.490248117086963892e-02 1.288250430581846032e-02 5.504144470524285210e-03
4.470383646428018054e-02 8.914025299266782262e-03 2.865905270980351627e-03
4.728079559009912280e-02 3.933526425574832702e-02 9.362639591330721225e-03
5.021385176086311242e-02 3.101651725009784213e-02 1.140585405014395842e-02
4.175159534757962726e-02 2.552415386401504435e-02 6.069644349595016905e-03
7.319747361628671511e-02 3.179891626121133380e-02 1.867340655692922152e-02
5.295932052789640437e-02 3.417451809272661900e-02 2.014466374529082573e-02
4.252392512326045454e-02 8.164709683643797677e-02 5.823983726478959913e-03
4.515198190808670381e-02 1.422721895538220024e-02 1.502213472794192151e-02
6.528386264948128626e-02 4.227450135881289928e-01 2.277051683305501145e-02
4.651480806929527562e-02 1.756939011142303123e-02 1.106448308494815784e-02
6.646278065899512144e-02 2.985757940267529109e-02 2.078571181627379347e-02
5.536435583478521716e-02 2.472225779551627534e-02 9.249900749643092529e-03
6.081900414659404536e-02 2.449358119600562184e-02 3.412355594115089319e-02
5.597750505787738029e-02 2.842983188593268401e-02 1.407239865137317747e-02
4.195977870215375494e-02 1.901016079592613567e-02 1.799706752112945757e-02
6.180733699343445714e-02 2.140707933193164436e-02 1.955942700737538925e-02
6.709375443280195250e-02 3.240119974224262706e-02 1.054571462764779602e-02
3.871355919452993538e-02 1.626166129495261112e-02 1.092658775447425887e-02
7.068950761834666419e-02 4.957278424253665217e-02 1.912343843681782798e-02
6.315688442302405670e-02 3.197560393725605576e-02 1.882124422573401915e-02
6.986028021189884252e-02 3.428239306492441435e-02 2.839784357305504339e-02
4.408935604535382108e-02 1.673806298171675103e-02 8.348148344197095852e-03
4.701360220098978193e-02 8.434030745748662822e-03 3.286003701077377156e-03
5.419220420561367962e-02 3.293491116164230098e-02 8.894164977022119001e-03
5.717666950617447674e-02 1.175466906237564689e-02 9.908706141791883554e-03
5.515325058404900449e-02 2.288993082326260323e-02 8.925854165409422697e-03
5.361625029582219731e-02 1.963815514095687900e-02 1.378765507015306847e-02
