4.453949970649429685e-02 2.312424636315230098e-02 1.126481887361520384e-02
4.938680676673246062e-02 1.821872330937088572e-02 6.886410148506169095e-03
5.606242353574529547e-02 1.973485379976462617e-02 1.479353540930834418e-02
5.648262029044635868e-02 2.955348696372971096e-02 7.869038415392742847e-03
4.593085650615764265e-02 2.411569324146625379e-02 5.940793382091144083e-03
5.009036765214493203e-02 1.583323572967724330e-02 8.035160286421908285e-03
7.250113766741232701e-02 2.192489246791617247e-02 1.168966015109423537e-02
5.226097882108565046e-02 1.715911013466893398e-02 8.066087632890635295e-03
6.266027626101969283e-02 3.135892454332795537e-02 2.142896882600987124e-02
5.320268566859424897e-02 2.199308646106178100e-02 1.333267615912938839e-02
7.732679732575101217e-02 2.122210116134308489e-02 1.037715569078840466e-02
4.560844291905825909e-02 1.821878220858446501e-02 1.088614550141246175e-02
5.524832831930858584e-02 2.451632721491023986e-02 9.321946256743171219e-03
4.963291354459559157e-02 2.404929566147525483e-02 1.228789013194783730e-02
6.922762402079102317e-02 2.706215554745756285e-02 1.413173425647849986e-02
5.236901393537938404e-02 2.811249612923696212e-02 1.093269109917468021e-02
3.606475769833599604e-02 1.495270267261249349e-02 8.143822400511712550e-03
4.233610179142326818e-02 2.057138915710896368e-02 9.464493650431745828e-03
4.573379900850402247e-02 1.282335305737369348e-02 4.023326475408451133e-03
5.835244217207215256e-02 2.038799115451351771e-02 1.080401802955496988e-02
5.417659701681543788e-02 3.284220883529661433e-02 8.809545007766685087e-03
5.524075759471265556e-02 1.830860462064802865e-02 1.798021879185672869e-02
4.419358514971212515e-02 1.112603143048445861e-02 5.267656122391981000e-03
4.774895133966788191e-02 1.322069702325101744e-02 5.714856772061681876e-03
3.932658296418007488e-02 1.735018095379516762e-02 6.437912776976486250e-03
7.131522555620305182e-02 3.206664285963722882e-02 1.317617764689458376e-02
6.275945812003315416e-02 2.268575172471389359e-02 1.023620475672591158e-02
4.212191758636373712e-02 1.376638702048794613e-02 7.127494626194277698e-03
5.244534966123550607e-02 1.984258307961830545e-02 1.208201208515643880e-02
4.344229596339845012e-02 1.962650489822798106e-02 6.731259500680399771e-03
5.121065912506313905e-02 2.094180131951461910e-02 5.362967447250590464e-03
3.209657336483213302e-02 2.155727486930179501e-02 3.869971260029526385e-03
5.576741725388550258e-02 1.542848080609200354e-02 6.249423641937702258e-03
6.174130696439696087e-02 3.126710472308295158e-02 1.344634223076126775e-02
5.834751245413360293e-02 1.822054801704897989e-02 1.525572764790262235e-02
5.740495279055195244e-02 1.723685249805657210e-02 6.958403344348005996e-03
6.446616428089220474e-02 2.506767420995774723e-02 1.377308037099961822e-02
3.939138947485169850e-02 2.116842245881671997e-02 7.615183664012509235e-03
5.173209120559312674e-02 1.782962854485190679e-02 8.887668736375357870e-03
3.886624777668935132e-02 1.160025781069581527e-02 1.926772742166522239e-03
6.594684002058896766e-02 3.052381643064963970e-02 1.853467637080717656e-02
5.601019489319426087e-02 2.181070985442846999e-02 8.383010074355184971e-03
4.441512211836744911e-02 1.079675385978374341e-02 2.691338365554604099e-03
3.717284682158612796e-02 9.861254515512845806e-03 5.792584380032941675e-03
5.988039618844846063e-02 3.492444902110147104e-02 1.141427948151241267e-02
4.418728954715646362e-02 1.561907372537935622e-02 1.191495774251417894e-02
5.807138047429343669e-02 2.755565709749258768e-02 1.444359413055473079e-02
5.097235866435099322e-02 1.532005333767670063e-01 8.156935099325475502e-03
4.411307924992897284e-02 2.556940923691908979e-02 6.971725926173529160e-03
9.197208409986069866e-02 4.457447519404145186e-02 2.025764233812828857e-02
3.663636435482074682e-02 1.344053101894052311e-02 1.810443750106561361e-02
5.147218407411804919e-02 1.992063371210226266e-02 8.591599427485952997e-03
4.575067453919931526e-02 4.039444378795095658e-02 1.461214594894214881e-02
4.184920625893707308e-02 1.447313057650401018e-02 5.106149544708582858e-03
4.815804533239986807e-02 5.821261381908036242e-02 2.050986909896267835e-02
4.620820051179444499e-02 1.519047659709221558e-02 7.250219779090294470e-03
4.530075149192674955e-02 1.647636267645730818e-02 7.573792960547908772e-03
5.067065784086047242e-02 2.633977598861184793e-02 9.210481551274777093e-03
6.438151711175886527e-02 2.247668677146163682e-02 7.132731288018445692e-03
5.119253905234161239e-02 4.939305875105591548e-02 1.009057580909124285e-02
6.454741220366495835e-02 1.963467592198235925e-02 1.989525931733328659e-02
4.796429394136484531e-02 2.194232869703791056e-02 9.569644094945576121e-03
4.819078820489384324e-02 7.487575739788343565e-02 1.424892180336227027e-02
5.517655019578188852e-02 2.152944923134982730e-02 8.695569544700324990e-03
3.522487827592855891e-02 4.947417037089542335e-03 6.942781033274197933e-03
6.000793805887863486e-02 5.797821237001980765e-02 8.642489844313532010e-03
4.398891101854782160e-02 1.072352161031321638e-02 5.261884243583843726e-03
5.099192498889549424e-02 2.140488292373411358e-02 5.698451383096034273e-03
4.695327281787155249e-02 1.128527889455906499e-02 1.601163020764163891e-02
5.914138883701142851e-02 1.874949408928225369e-02 7.818111764542829203e-03
5.956394712531014324e-02 1.628065451416414733e-02 2.284142830212290004e-02
5.845075110476678770e-02 2.881906209301269076e-02 1.463790074859392179e-02
3.549829892160043937e-02 1.325250302200060501e-02 4.106894597401177828e-03
4.316586728721081428e-02 1.708431461192094075e-02 1.020136291854607628e-02
5.915572820698911105e-02 8.409103216565664077e-03 9.113290605083954748e-03
5.682678115504525423e-02 2.091734338932990656e-02 2.240017036180647417e-02
4.392124959392732647e-02 1.769534575629283513e-02 6.570161438738767248e-03
6.628431378558645448e-02 1.767395761691873887e-02 2.439550597841304985e-02
5.123586608456330571e-02 1.948541739609168169e-02 8.808953892482858025e-03
6.235085151057740555e-02 4.077160089370921586e-02 2.600674544138770541e-02
5.399613640542809401e-02 2.974144521756693499e-02 1.280051860533079622e-02
3.309950191321506946e-02 4.496455812419661302e-02 1.768570736664984086e-02
5.983370661686363001e-02 3.028654601530123350e-02 9.748968022144002127e-03
6.128549159706719873e-02 2.346703165501980506e-02 2.037003125650726013e-02
6.259011001035773292e-02 2.519341034755319397e-02 2.348379439638184629e-02
5.040441664246683717e-02 2.115959515240132052e-02 1.068266801263929866e-02
4.214881294329128614e-02 1.436042808377863481e-02 3.571869331404249181e-03
3.778314112897910443e-02 1.496931527443075977e-02 6.368836932424677515e-03
4.834545583515936079e-02 3.153067131490053937e-02 1.215307147173831995e-02
4.221332551432938063e-02 1.824697878075293503e-02 7.926192131831179960e-03
5.192529136384914368e-02 2.022701326419307569e-02 1.949287192349088635e-02
4.912803547436622731e-02 2.058601327378571655e-02 1.066107202347815752e-02
4.965026224778882474e-02 1.787718609079906595e-02 8.505947950819717912e-03
5.015425179242711390e-02 2.060040168484107703e-02 1.077231206155517158e-02
4.853095320942689417e-02 1.448938859372118047e-02 1.739248378652177157e-02
5.051277666826906043e-02 3.077473886111771820e-02 1.004932103636776465e-02
6.246101769148556387e-02 1.848517515577893788e-02 1.045359719660144543e-02
4.180913160086690422e-02 1.518204974213200817e-02 6.749106453084519064e-03
4.623593711850006865e-02 1.324613954168660582e-02 7.849665558287267572e-03
6.190297855190017573e-02 3.110274031031526679e-02 3.203338428202905791e-02
3.643572933565941696e-02 9.205944772903840514e-03 1.895166381132870614e-02
4.474097383660835536e-02 8.163000190293479008e-03 1.634352616262212815e-02
5.976549843153236563e-02 2.585792377212172907e-02 2.087564547348514862e-02
4.252030045982954642e-02 1.644905646060710117e-02 5.087584611176858285e-03
4.550456477061842059e-02 2.164555278861492876e-02 1.817599982581988988e-02
4.019433985818742644e-02 1.205939855286949219e-02 4.302931083017175889e-03
4.638912755691058931e-02 1.611968243096371239e-02 1.480095471685666936e-02
5.426866325623641574e-02 2.202298738949055520e-02 2.432589381957417016e-02
4.666552834082399875e-02 2.090353602900462196e-02 3.019213356406719520e-02
6.071912805843124317e-02 3.637270629568165048e-02 3.037795264229468939e-02
5.030040842192814304e-02 1.405107042349758653e-02 7.110252803466490454e-03
6.244254456435045092e-02 3.408548599607382629e-02 1.897600639907895403e-02
4.495147900789579765e-02 3.056871718742291966e-02 7.803856461581760301e-03
4.368883051912202109e-02 1.434003394207824557e-02 1.817820933447067758e-02
5.481025571302847871e-02 1.801196200974787207e-02 7.985880491226244465e-03
6.179796630029091992e-02 2.314384264234447749e-02 1.233478899650748521e-02
3.269181891850013455e-02 2.828689766980627129e-03 7.061789852667099861e-03
5.918436924981596708e-02 2.056849695675588147e-02 1.223277983211417189e-02
4.448718866126664256e-02 7.859874064153413165e-02 7.829506118974064940e-03
6.348823691793144264e-02 2.616897590757162606e-02 1.021242547838763920e-02
6.181409101712450477e-02 3.956721798803396889e-02 1.705769760147177183e-02
6.171446183089496218e-02 2.242607360943138506e-02 2.248064204542977312e-02
5.801051146625123972e-02 4.185262675615294969e-02 2.336594960338991139e-02
5.440959043806083834e-02 2.190177347761521759e-02 1.513680478472247300e-02
6.283554284262506118e-02 3.321589112251892295e-02 1.417890361853730262e-02
5.531734287015272616e-02 2.705795902621414839e-02 1.286109346475189374e-02
6.049012098328051396e-02 2.896139454730134455e-02 1.121617148109789984e-02
5.056066185769074461e-02 1.125092293689197546e-02 5.955437303380140511e-03
4.465316996037352326e-02 8.901524228182640386e-03 1.154148672954569479e-02
6.418171845714032431e-02 4.818004750357524069e-02 2.079343093404610945e-02
5.603408328608593808e-02 1.441071175584194945e-02 6.043835057079508660e-03
4.903823251593195792e-02 1.468432989288300482e-02 5.591737530594768912e-03
4.433997157266040406e-02 1.735729905434863982e-02 7.317485345289470935e-03
3.874226852130912419e-02 8.659957497218597269e-03 1.058891168839345802e-02
5.302947890600381159e-02 2.919903956620747976e-02 1.109594582118628506e-02
5.291037451218183474e-02 1.893756583036622712e-02 5.490570003848799924e-03
6.036765396236223880e-02 2.455171918513357476e-02 1.736615379092767281e-02
5.466950804139489306e-02 2.259850464621008387e-02 1.545819517995771809e-02
4.713629256612447693e-02 1.604019201252981225e-02 9.503282303079913645e-03
6.811169067678696232e-02 3.181004716536882382e-02 1.801650949870162513e-02
5.996850783484175551e-02 2.343461568756733532e-02 1.653682811483026677e-02
3.932814675994433795e-02 1.449762761571319822e-02 5.874958113610715890e-03
5.773813913713567170e-02 2.217518300504008402e-02 1.144221884647180811e-02
5.558790445380258627e-02 1.931353455977525072e-02 1.001394586455494132e-02
6.167920346483479060e-02 1.825846644571909802e-02 7.923990489560640837e-03
5.245879085644417072e-02 1.476139521836093010e-02 5.530252473408363983e-03
5.618086243523364581e-02 2.951616278012326317e-02 9.806795219191531340e-03
4.268181980308514978e-02 1.455239350935829193e-02 1.679447808241153750e-02
5.490552098775339229e-02 2.434813649661587281e-02 3.738658331610115321e-02
5.155445933126784341e-02 1.160916174107720460e-02 6.387923062312702085e-03
4.025120985340657764e-02 9.293554388892882184e-03 3.572308499596682767e-03
4.463565312464974622e-02 8.081399537947826436e-03 4.275169891631103690e-03
4.584259476535550853e-02 2.384146473348464773e-02 8.736441090862506059e-03
5.269796310183046811e-02 2.380643409797979226e-02 1.044097958018926943e-02
4.295857947765262946e-02 1.310720978502518362e-02 1.459829268542913241e-02
5.022246249509625809e-02 5.449613305754488768e-02 1.097880868180671314e-02
5.343826674822870632e-02 3.129918328778634462e-02 2.378103748857152144e-02
5.726184538180026373e-02 1.959205631622535845e-02 9.492726720945721466e-03
6.919760803069084643e-02 2.268204646036503513e-02 1.400633065539616182e-02
3.851092172589249546e-02 1.212459372608425644e-02 4.685292983539224645e-03
6.535974894694458748e-02 1.697177475013534123e-02 9.417828059360975820e-03
5.208489094753575299e-02 1.383824239252366521e-02 6.798949235150707378e-03
5.570095775162969137e-02 1.601746789811533608e-02 8.060091594287402406e-03
4.973319847587438780e-02 1.292416125180022475e-02 1.116454056355732812e-02
4.757065631018017604e-02 1.087459388231450975e-02 4.445522567857113257e-03
4.034287243546452045e-02 1.603873543560694476e-02 7.635077846588942709e-03
4.699127895458762166e-02 2.347197380469315600e-02 1.122546513906801449e-02
4.575009627961689612e-02 1.784466026563254898e-02 7.553638552423255249e-03
6.126516886799709960e-02 2.886236622165521543e-02 2.050508061813115929e-02
4.867219365695443084e-02 1.710591694006066352e-02 6.728233090787334378e-03
5.038973249880170785e-02 1.345273497415398062e-02 1.789292156834310782e-02
4.757082562957721389e-02 1.229369991498384732e-02 8.405085740467362412e-03
4.884261951292059867e-02 1.601117952707185529e-02 2.513659151122663721e-02
4.808851978180008618e-02 2.055508743862471954e-02 6.010128583287553672e-03
4.707225226678636576e-02 1.985953745025429915e-02 3.488094907042491206e-03
7.229919905198259333e-02 5.475897853774726320e-02 2.010661282829322161e-02
4.821041410629723495e-02 2.269235386634844975e-02 9.907200542804639465e-03
8.290453362082816913e-02 3.519584566324532315e-02 2.880071358533713849e-02
6.439855493067100922e-02 2.659658930105645441e-02 1.678597369286001506e-02
4.224492136586705665e-02 2.016715377501577741e-02 1.756940690795879417e-02
6.824541454978917676e-02 2.274795368512300131e-02 2.223083503828193405e-02
5.451617384566464358e-02 1.890532621466256905e-02 1.199929198724045479e-02
4.830254323564312641e-02 2.971718883367328173e-02 1.493128670412254694e-02
6.972094505191679670e-02 4.538767409551011656e-02 1.468191490396277346e-02
5.056940846802247119e-02 2.394507863551944421e-02 2.204996882110529799e-02
3.672528205642318355e-02 3.747720384058418619e-02 8.747624793764001427e-03
5.167964713182297831e-02 2.085726674375334294e-02 1.171230366823034982e-02
4.970604687166366858e-02 1.948017492279678631e-02 1.886925483682963534e-02
5.324213089715790909e-02 1.955575444692852355e-02 1.094259779623758463e-02
6.081584301916450469e-02 2.581241277985161370e-02 9.393979795660600124e-03
5.391892619065027231e-02 2.792765092868999821e-02 1.013669590711310277e-02
5.846438480347808386e-02 2.194677372566394141e-02 9.804545072536485079e-03
7.245305678024166474e-02 3.224783927333634698e-02 2.084909165310766532e-02
8.614710511850293129e-02 2.431478240626908094e-02 9.685732872896472834e-03
4.643742779268687088e-02 2.870507719323413254e-02 7.121085703679811557e-03
5.662445009669310469e-02 1.947424975442630865e-02 2.967604940217515030e-02
5.309037266253077703e-02 1.640103590688911719e-02 7.696058877030076580e-03
5.333324161009823927e-02 1.951121288101002535e-02 9.612783470054614768e-03
5.581445451753688780e-02 1.909096438883546229e-02 1.238656506989316113e-02
6.196000909496013342e-02 1.537588627390800398e-02 1.298849811291543505e-02
6.570942658030323735e-02 2.934773948753305675e-02 1.465369683918717539e-02
4.427262579164859685e-02 1.923204460258417028e-02 7.042789235793895514e-03
4.549622804040710788e-02 1.689554596557526697e-02 1.405870442177147191e-02
4.910726875699121530e-02 2.021459270893109783e-02 1.138568078429872017e-02
4.737523969109716515e-02 3.063508736751532555e-02 7.335184992448784413e-03
5.671878218048401893e-02 2.842250240381996931e-02 2.047338875785905191e-02
4.616629877414824001e-02 2.436454251549608277e-02 9.955311525779077936e-03
5.325406661845329820e-02 2.231337399087512247e-02 7.594196681495848575e-03
7.269875885933928250e-02 1.353178026653779620e-01 3.447567843736493165e-02
7.234781898048352200e-02 3.428907152921192858e-02 1.652965625686646234e-02
4.670103486466428006e-02 3.658298628716775969e-02 8.054002385984642895e-03
3.978544004518992649e-02 5.841249493850006469e-02 9.240711485038972939e-03
6.057621536471010509e-02 2.288417787148038646e-02 1.601277104076962582e-02
4.027363925458128657e-02 1.677018299323566886e-02 5.838166397706301587e-03
6.019065257083328069e-02 2.505428250331605960e-02 1.281839511105533312e-02
4.559288698630097059e-02 8.937406615521019740e-03 1.323612251920510199e-02
5.721644695747801074e-02 2.087391223022987477e-02 1.008400466367177090e-02
5.469828417140983751e-02 2.576698863417693774e-02 2.263193293903850364e-02
4.935707059012586079e-02 1.676699200301628306e-02 7.957906977935969017e-03
5.064554559390076899e-02 1.481943547373445746e-01 1.111051621870091932e-02
5.442837825042300820e-02 3.441670477186763166e-02 1.485518950881847475e-02
4.916574715644209115e-02 2.042265139532492557e-02 5.937924724051574579e-03
4.650485760215759129e-02 1.014807380528685715e-01 1.216873625051699201e-02
5.617390682103697713e-02 2.396479469501074447e-02 1.840312946889236315e-02
4.694864753527702023e-02 2.527034952626057082e-02 7.157460586065615346e-03
3.916144048818724632e-02 1.327959039929693490e-02 5.657170783573283075e-03
5.817210842687843553e-02 1.788511266359284202e-02 9.386310797242274073e-03
6.125638673212330243e-02 2.190098168254479144e-02 1.321997855439056846e-02
4.535465388134293091e-02 1.786851645767486424e-02 2.203384516763923912e-02
8.794103481474178918e-02 4.327385252165939084e-02 2.216369763408765695e-02
4.498565186042886854e-02 1.439916935137300173e-02 4.157792760026573359e-03
6.223236717236579896e-02 3.173754689424677228e-02 1.575425845094712007e-02
5.270056037708532870e-02 1.552398262100685225e-02 1.547492233063931313e-02
4.821058113881961094e-02 9.680937250332822749e-03 1.899706564310670726e-02
3.924092768620120186e-02 2.114858829165644841e-02 6.877852926108039486e-03
7.282435714991965237e-02 1.877576033725178797e-02 1.940993487966201358e-02
5.394840357428753314e-02 1.753700066981335459e-02 5.714297620767335231e-03
3.684397496648295772e-02 1.068317475512634701e-02 5.390050052461436633e-03
4.698921012800429120e-02 1.527391310169698424e-02 1.675607849123918885e-02
4.328010170806355361e-02 1.464705447024794958e-02 8.872538166358370781e-03
4.230609140579331268e-02 1.506459558562955013e-02 7.566087174788216872e-03
5.980061388760649077e-02 1.918450838917996892e-02 1.037213511981528551e-02
4.630861272406405771e-02 1.169059781459504642e-02 6.631514620956177782e-03
4.937044802831060814e-02 2.548003879809983968e-02 8.948321758756502473e-03
4.547149960965846810e-02 1.238578233775000127e-02 6.245259771282877376e-03
6.182831547353609403e-02 2.527899503774168680e-02 2.520606785788858870e-02
5.630596827065353915e-02 1.807246828169906117e-02 1.783206632333957792e-02
7.747925331302484009e-02 3.893030283716538559e-02 1.343437002041053888e-02
5.561787800522932645e-02 1.740943753348657419e-02 1.438772270946682766e-02
4.083560451207350617e-02 5.573599237457056883e-03 3.566976840911406394e-03
4.343717213232155261e-02 2.259231218911287795e-02 4.482490995621174479e-03
6.066928390331648852e-02 2.015933958235785473e-02 1.322976129245887443e-02
6.131419726838747974e-02 3.666335997573869077e-02 9.746836909242473021e-03
7.620497977432212633e-02 2.701366799354090048e-02 1.705637272942775451e-02
5.214864554702129673e-02 8.355636458186835314e-03 5.350392692641071923e-03
4.672121561791620081e-02 9.807797224614916987e-03 5.909601675431410892e-03
4.881909913928658695e-02 2.849573664949075352e-02 2.102691712369859217e-02
5.310332817531138172e-02 1.301428198583576626e-02 7.261303075025263114e-03
6.674792360528065960e-02 2.089188345023383978e-02 1.689331996675404526e-02
6.425392191982697010e-02 2.654908373454018325e-02 1.958342214421713787e-02
3.922480072243918897e-02 8.432765757351747340e-03 5.289952461420081506e-03
4.810534379015717066e-02 1.150293956092049777e-02 6.347954021299890941e-03
4.439651262096545870e-02 1.942023139811085639e-02 5.325391983291638716e-03
6.601386456979745077e-02 2.423300652879208789e-02 1.143586295465255295e-02
5.357518676707723887e-02 2.034482864056641471e-02 6.477282596806048162e-03
7.360190875516935127e-02 3.167112223148542405e-02 2.710030619480170364e-02
7.323716746756221696e-02 3.527583999126984032e-02 1.896596550441427553e-02
4.455675390594789065e-02 1.428369171359250393e-02 1.648784996504934486e-02
5.183724342933293538e-02 1.765657932127042903e-02 6.140585476939445023e-03
5.602527709391089822e-02 2.965763962453288327e-02 1.300668312919362260e-02
5.217102140541667737e-02 1.559893604083913490e-02 1.112654048839767373e-02
4.418250713039526684e-02 7.656201946788183943e-02 8.421112831093494067e-03
4.276326598424955855e-02 1.324087687109089077e-02 1.702454152483839564e-02
3.566880763778740998e-02 1.297055402884699296e-02 4.638449166471648316e-03
5.025641295163600641e-02 1.784530513285555869e-02 7.325650426905697815e-03
4.461647062986575513e-02 8.330042161737013506e-01 7.373224293227980362e-03
4.527450351490690250e-02 5.001023772992927580e-02 2.867524816934537146e-02
5.594951950933493151e-02 2.180841343081610720e-02 7.523498820927421518e-03
4.592823742741474619e-02 1.359116672083155938e-02 1.725508793359365259e-02
5.382259665350733191e-02 2.980052439946271128e-02 2.427448154322991991e-02
7.100000655482087419e-02 3.541659226257191928e-02 3.383954478235930152e-02
5.077107799438430880e-02 2.286683156628871449e-02 1.145612452216287352e-02
5.908034262553474997e-02 2.335773257686832305e-02 9.617117738105279701e-03
7.432437518375191454e-02 2.735149304594385739e-02 2.447785475028037630e-02
3.493050241702021913e-02 1.648354101857277265e-02 1.569977262829747727e-02
6.246428546973948476e-02 2.984192826494514242e-02 1.362714961827797382e-02
4.758712298952337549e-02 2.253676981207702532e-02 2.032327261971288157e-02
3.574910512935113721e-02 7.996263228116100297e-02 6.279762444864467677e-03
5.506812234692124580e-02 2.369435096871053831e-02 2.781471602544027810e-02
6.032756498558779906e-02 2.880206092562093145e-02 1.884442418188713581e-02
5.258747393365534317e-02 2.790341725595704009e-02 2.477771094351038234e-02
5.101622608434691619e-02 1.942031118636437792e-02 9.532608556730291782e-03
4.858984201312536305e-02 1.815011627643114273e-02 8.527807308412616721e-03
6.385315652975882827e-02 4.363598919949512878e-02 7.972072833905118755e-03
5.998583636929104984e-02 2.912824522067881255e-02 8.770310675602046441e-03
5.100760419658820211e-02 2.883429570017035162e-02 3.707319716245056213e-02
4.787907420263753933e-02 2.126468093417911709e-02 1.255167218144626236e-02
4.971035577291649243e-02 2.171424796555417383e-02 2.141760644468463856e-02
5.057456289334488070e-02 1.881166851054339589e-02 1.713604146336031309e-02
5.896997172329122849e-02 2.398695329128163953e-02 2.828218638946940200e-02
4.760548176300756495e-02 1.948172456337337807e-02 1.323162733699432755e-02
5.544432085099118557e-02 3.746551741049851392e-02 1.241295390427549564e-02
6.357594606615719901e-02 3.160114109477303590e-02 1.281741457628121292e-02
4.802899862242606538e-02 7.155896287050859950e-02 6.734325582488958316e-03
5.927331716973248399e-02 1.676629762514299238e-02 6.298353738855905735e-03
5.449188037066712148e-02 2.498114622358158302e-02 8.603868857240749499e-03
4.860744990132478266e-02 8.520644987583295138e-02 9.830486984256935762e-03
3.182294252878073437e-02 8.856163946476459936e-03 4.454222147633094854e-03
6.582305982756207763e-02 2.443276298203387112e-02 1.223622528749497215e-02
5.522892647061673072e-02 1.338393700045963780e-02 4.026902153759672268e-03
7.574450215732710101e-02 4.313492785313532973e-02 1.951249082014546582e-02
6.513073544721695307e-02 4.820403922719944390e-02 9.527873998828390728e-03
6.476794246548661649e-02 6.745382643901422226e-02 1.598848197555615552e-02
3.957291162028822584e-02 1.232630431716328495e-02 1.540949706006566021e-02
5.736835860586855795e-02 9.331164275538102182e-02 1.413217530059800164e-02
5.560613272176100075e-02 3.286232082209861183e-02 1.735093439085926698e-02
3.918027167896898089e-02 1.188066121220816493e-02 1.412353523819698080e-02
6.413149316383240373e-02 2.230393266621558818e-02 1.188444177417382654e-02
5.241392845011711571e-02 1.830456888228491549e-02 7.188140467544739017e-03
4.381929350489752878e-02 2.489454186643803857e-02 1.619447425275011287e-02
5.729680705665936291e-02 1.981608856090231324e-02 9.580651220264253809e-03
4.432395423525617439e-02 1.801079218523036693e-02 1.010853507116600547e-02
4.497124022887874495e-02 1.987551945053420838e-02 2.289456624296290488e-02
6.658698672575139033e-02 1.926504667818717056e-02 1.167994690176350076e-02
5.869794985894562223e-02 1.905467630565135795e-02 2.134728698650891279e-02
5.316748617722558135e-02 2.196436526553303958e-02 8.787146984094749286e-03
4.981226281374246528e-02 1.149310653591458647e-02 1.511162980293048567e-02
4.500306985319060815e-02 4.689449992253413163e-02 7.705654834552854923e-03
7.554825666688623487e-02 4.093441894963412153e-02 2.888633168678447424e-02
4.526531886808386057e-02 1.727169042042074609e-02 9.010601203273922027e-03
7.207781974732425934e-02 2.503850573831648690e-02 1.224592253972098775e-02
4.416293980804550379e-02 1.990229097727102062e-02 1.182314650820807250e-02
6.599941191785092809e-02 2.694216856973128196e-02 1.361987320812370339e-02
7.445160656500583729e-02 3.589822447667637834e-02 3.266982973914099586e-02
4.561925158915133838e-02 3.706959392014032989e-02 1.101748158240740440e-02
7.038254601856383519e-02 3.107181871857173441e-02 1.335196542685290581e-02
5.681148799094050406e-02 2.369728019732565347e-02 1.300149014996467879e-02
4.938821142301164785e-02 2.247045462838038674e-02 7.287047314055473957e-03
4.443424624556818747e-02 1.344071537258203185e-02 7.714580098517996240e-03
4.882693218407024166e-02 1.693523109440456947e-02 9.418716255818068706e-03
5.611853540328166912e-02 1.865800658862087555e-02 7.399247900982851116e-03
4.962738114777490162e-02 2.022068018340438672e-02 8.964095908439665555e-03
5.274399340614828458e-02 1.717790712348037444e-02 7.523698321795924647e-03
5.646506033929104412e-02 2.064531383900774716e-02 8.744340205331074811e-03
3.839020728291187706e-02 1.968486547306608214e-02 1.916625612293258035e-02
5.486767177138850843e-02 1.214517944491116073e-02 1.293602806134249231e-02
4.441624154632050486e-02 1.433519777484295633e-02 4.349363373832763544e-03
5.019226742115830142e-02 1.983289139904384143e-02 1.667234291444438798e-02
5.676420193002368331e-02 2.565431725757102294e-02 1.329965801420951443e-02
4.640167026613996326e-02 1.700939278649659520e-02 5.020592114752428850e-03
4.011929560677396367e-02 2.685795333309243596e-02 3.118742310895510593e-03
4.564674395432643389e-02 3.133881205108474122e-02 9.583519873813671139e-03
5.126440292454687020e-02 1.063877332197312592e-02 1.824018173246711935e-02
5.029730313650602330e-02 1.258540506166956618e-02 7.569646790687528659e-03
5.073061520194951241e-02 1.697069548247580328e-02 6.682121518104263552e-03
4.564407970522487562e-02 2.206179055135617725e-02 6.535909125098269754e-03
4.740400902930105853e-02 1.791006897714394336e-02 9.175678805241902283e-03
4.719477198833389037e-02 2.329959509395261585e-02 8.326670185055947554e-03
5.142946597767751593e-02 1.842949847617626757e-02 6.642065125945424177e-03
5.288590962512317722e-02 2.090248519237998537e-02 1.325531882381704440e-02
5.289956952104457599e-02 1.475268202733928669e-02 5.919366775164466160e-03
6.294268611318325213e-02 3.362907428632855300e-02 1.624185866182953700e-02
3.888103559593111130e-02 1.601629593051890135e-02 1.908437565351414622e-02
3.811228504245186416e-02 2.280454218842895009e-02 5.774073732516656066e-03
5.643504057636711257e-02 3.579442982233777687e-02 1.822743405129407732e-02
5.487140065389247562e-02 2.503657226476110886e-02 2.383730968343870937e-02
5.317887197920474068e-02 1.902356697673203770e-02 1.295107413368406374e-02
7.340179135695153179e-02 3.037312378809371716e-02 2.742058339712294401e-02
6.504682178234860723e-02 3.876828636252122040e-02 2.085466860104536607e-02
5.336545403944178978e-02 2.340986872437752359e-02 2.533843214815229700e-02
5.568400189895824498e-02 8.569224967921788144e-03 1.340278455811391711e-02
6.323075153703870688e-02 3.105463478342069747e-02 1.389193208140449866e-02
5.417380660244108803e-02 1.006094044324326586e-01 1.107970034316307396e-02
5.425419017295281254e-02 2.633138517454406205e-02 2.703630528586071363e-02
6.052928543509925041e-02 1.554885340777205013e-02 6.362357485748953989e-03
5.284342365188391538e-02 2.018851163602207455e-02 1.443615588775495201e-02
4.160683257811305380e-02 1.413426384550082841e-02 5.788577306088085045e-03
6.545711760093020359e-02 3.017723346364818357e-02 1.326836192235346032e-02
5.653096744065376489e-02 1.942822221584442066e-02 2.212206728726319113e-02
6.203108059438445371e-02 4.012382825756023730e-02 1.164396414293569597e-02
6.657889369357494758e-02 2.150706781296276432e-02 1.859221964513828318e-02
5.188399886244672576e-02 2.002824679521259671e-02 1.222473571141173554e-02
3.932589177531206626e-02 7.032844586483759895e-03 2.210782895953606123e-03
5.540679621488001777e-02 1.280803329922318955e-02 9.211670847003573109e-03
6.218114864015391458e-02 2.492634108478299776e-02 3.239849505284023157e-02
4.037581168872760723e-02 1.524804280817950407e-02 1.402410871429697267e-02
7.108929365079469376e-02 2.736843553766087761e-02 1.307908087857007767e-02
5.668336275397323903e-02 2.976209155359088587e-02 1.262616321222940347e-02
5.503616668191585459e-02 2.675490185691950518e-02 1.000586028694014189e-02
6.014314162851927548e-02 1.667950159778527550e-02 1.382599181626698558e-02
5.159428635357622694e-02 1.893443350625197835e-02 1.336326167361635321e-02
4.583465857848447594e-02 1.160458282503578839e-02 5.941858649682011696e-03
4.875109736179242953e-02 1.245056096274612181e-02 1.909459752504143182e-02
4.647612879242257744e-02 1.117258161454564025e-01 2.571703532891767355e-02
4.743457576803579434e-02 1.506665626892353047e-02 8.746739200790016461e-03
5.774944462325129479e-02 1.622169922853591503e-02 1.663725884556228191e-02
5.291891850591548541e-02 7.036047242294928006e-02 6.685219790420243204e-03
4.126716439391626967e-02 1.925096333910829988e-02 9.622885682953339140e-03
5.395281531393492092e-02 1.901971525382581754e-02 1.094096116287935315e-02
5.384946031105172087e-02 2.908524466843874501e-02 7.905054495806727172e-03
5.312966920579341445e-02 2.589601437184268010e-02 8.329602059340942069e-03
6.191180135548148000e-02 2.738418632713125050e-02 1.187700290548939462e-02
5.864501289019348473e-02 2.457732433742589040e-02 1.095191961004179405e-02
5.736631230552698135e-02 1.474308845476138274e-02 7.334417494998243109e-03
4.549196464509264182e-02 2.035755318114382609e-02 8.842340908302541436e-03
4.838696077728702610e-02 1.963425521903528273e-02 5.725176994912359318e-03
4.616394284011010596e-02 2.035841708576097836e-02 7.716183230418902431e-03
4.199161059522506928e-02 1.414464277806654589e-02 1.121142801973520377e-02
5.474706908331192223e-02 2.257002960106236494e-02 8.670323126958957849e-03
5.125633304085875502e-02 1.406840487433302055e-02 1.016339830574027742e-02
5.174744112844696653e-02 2.186704968716637193e-02 2.169381090569333023e-02
4.707423576195690629e-02 1.632413123611434549e-02 7.165071733907077758e-03
5.207703939416700317e-02 2.244599221999013516e-02 1.453004314179203935e-02
3.943461227637327232e-02 1.962761242851813678e-02 5.114016705759070851e-03
5.802507191797176556e-02 3.747788965809473183e-02 1.149744345350217113e-02
4.411255398075884793e-02 1.787000917389622301e-02 6.482745163023841649e-03
5.472033380095676219e-02 2.383372622763017465e-02 7.368941149611897903e-03
4.179569206166761780e-02 1.142461982386504607e-02 8.232316318417063489e-03
6.227952798699502163e-02 6.357314476673966985e-02 1.898838746361113800e-02
6.506495843406723267e-02 2.689671370625765223e-02 2.494273478451173101e-02
6.226116173360937006e-02 2.837511985083762678e-02 9.343703538862600452e-03
6.372303304293527870e-02 2.918736179911710082e-02 1.364113181540046321e-02
5.313992467710557110e-02 1.490469808055601246e-02 6.523326321293375016e-03
4.910714988017285398e-02 1.103906526450054368e-02 4.348079053921364255e-03
5.844685076140918034e-02 1.361839729526690031e-02 5.934940985181167208e-03
4.516119809349485731e-02 2.221712059483221466e-02 1.340646611848016895e-02
4.949650410293930658e-02 8.668275496646143941e-03 1.254553059542094610e-02
6.594898383616609738e-02 1.545666189784509169e-02 7.121798379191670615e-03
5.175704622308287262e-02 6.765582749356462422e-01 5.917983005497406274e-03
3.863803006827969816e-02 2.230521476516355434e-02 1.048884197566202388e-02
3.881351788135152525e-02 7.166243563291328604e-03 2.887902919055949317e-03
3.519079857788019738e-02 2.548045161668055156e-02 6.505665812789558633e-03
3.899681214453454281e-02 1.143827766200965559e-02 6.115794654132754825e-03
5.439324750276186560e-02 2.401005822408532053e-02 1.209133338095910032e-02
4.858288097692992080e-02 2.342738584974069990e-02 8.299157468795941017e-03
5.651549369472917000e-02 2.749155201189051531e-02 1.465224342925964401e-02
7.886104345531771975e-02 2.774979395472633101e-02 3.510369598209130831e-02
4.754096244805169902e-02 1.099152590303230717e-02 4.274362024352234939e-03
5.005100623858812353e-02 1.273214667652299362e-02 5.870323879867831579e-03
5.473194454406048876e-02 1.838256980341165109e-02 1.373407648899017432e-02
5.151127851682456987e-02 2.280092108866708239e-02 1.086016672787857261e-02
6.197653971498080089e-02 2.063275163097121404e-02 7.146613459831913442e-03
5.599076319276806435e-02 2.182189208415456425e-02 1.103264720709820970e-02
5.265067913628346946e-02 1.785078180533386863e-02 6.902980528368130898e-03
5.337562248513709473e-02 2.035985177393177803e-02 8.080714086405827931e-03
4.281447954754102891e-02 1.444992479288685107e-02 7.612480783074967311e-03
5.258029794806207829e-02 1.814861628763549811e-02 1.071972463416585516e-02
5.236465217385648935e-02 2.139653455240417279e-02 1.314290662802356478e-02
4.427013594788346135e-02 1.473212193962817468e-02 9.151982480550173785e-03
5.105556574265360248e-02 1.709492920432136367e-02 7.203344087699512996e-03
5.015642922043843377e-02 1.910596866394141669e-02 2.402908417086604964e-02
7.944852966317417220e-02 5.205437083908153600e-02 1.770961788640131734e-02
5.325890960609311331e-02 1.514888660389084041e-02 6.653493558027794019e-03
6.795651844243089101e-02 3.311890775220614064e-02 1.849905454057368046e-02
6.020008683610843236e-02 2.164492596410096809e-02 9.019848884172768436e-03
5.406122788361054227e-02 2.245156194247656042e-02 1.526461052971555057e-02
5.520738930816910389e-02 2.241319852137982696e-02 2.478154324904286235e-02
5.435401037741806329e-02 1.644614073598494458e-02 8.184176129541462230e-03
4.533713008186632254e-02 2.780918226387520814e-02 2.067862013370520141e-02
4.813444005825600475e-02 1.671217763695968805e-02 4.182393500263129928e-03
5.789277212479624485e-02 4.681368573949643008e-02 7.682006083818718363e-03
5.303381988756389331e-02 1.551541221595308800e-02 1.213278809367072074e-02
5.658333225976119180e-02 1.969751898484808569e-02 2.029460321918783589e-02
5.097103032677935408e-02 1.041127761639124016e-02 6.531414509388903597e-03
5.344647224169107869e-02 3.205803328860431373e-02 1.008431544452420732e-02
5.888694420761394349e-02 5.317528720489754501e-02 2.644686365799175931e-02
5.932625360960202404e-02 1.554070149115355758e-02 6.357760173163620222e-03
5.439621948124542805e-02 2.266366350759782197e-02 1.254644369458217737e-02
7.432438769312045557e-02 4.196385502316431898e-02 3.259210828776521601e-02
4.105738554515964145e-02 2.334721624292322023e-02 8.635729118692982501e-03
4.405125727249761119e-02 2.322988647375916205e-02 1.396077571113732950e-02
5.634194723935333216e-02 2.501669231721234329e-02 1.302617050336497828e-02
6.631828909457632149e-02 2.157517492650445554e-02 1.593423219825073484e-02
5.356499051439354148e-02 2.594343981589675163e-02 1.091225225124936062e-02
6.457480667293558074e-02 1.799368630956087872e-02 1.220758556533135461e-02
6.663925733049705369e-02 2.591073789928196452e-02 1.958740246953099423e-02
6.098240443522340293e-02 2.255286851744821991e-02 9.261680322677833671e-03
5.401748566261616036e-02 1.466665096459286548e-02 2.057731837549571161e-02
5.159853293203265495e-02 1.660329716086912308e-02 1.400937085947704178e-02
5.035373259765446585e-02 1.738993990994847430e-02 1.047749900455786920e-02
4.635640223389062009e-02 1.721655180692481177e-02 1.800182559335089527e-02
5.123857945327062874e-02 3.642700949888125206e-02 4.570975031283796425e-03
6.280400197834531961e-02 4.670492481422745118e-02 2.220698232793307664e-02
5.788304648547695080e-02 2.500937921715193357e-02 1.842969127709821742e-02
4.136514403939352269e-02 1.278885893178190875e-02 5.632511936301743370e-03
5.693056492900060855e-02 2.505271076310969930e-02 1.224033691588002556e-02
3.896064602511926933e-02 1.299998652289271854e-02 2.020989007423915074e-02
3.337885366083177124e-02 8.574307351520902426e-03 5.715842856989672427e-03
6.300821547415251522e-02 2.240523808693945310e-02 1.444677152428467531e-02
7.825714793728306973e-02 2.628430942535193646e-02 2.210710907566138320e-02
5.193732421220152717e-02 3.775086728257240343e-02 1.707682329155235310e-02
5.227937320111566977e-02 1.228334325705157833e-02 1.064069738856016772e-02
5.133945880855803751e-02 1.383415226453641941e-02 2.200685682935306364e-02
4.831866190236261405e-02 1.883873461177708666e-02 1.123509709539643672e-02
6.139942336435023212e-02 2.660009224391474830e-02 1.834700560571318750e-02
4.075318888746815721e-02 1.685844701382465533e-02 4.985532151007445248e-03
6.096580609947791635e-02 6.044354652754343332e-02 1.149669658041164132e-02
4.868167893450817130e-02 1.482342297194927730e-02 4.988028111310012676e-03
6.566623077890160198e-02 2.951607324754990797e-02 1.364079486263016297e-02
6.069538811717207355e-02 1.077410940184518329e-01 1.027130065529500633e-02
