6.338184683660262608e-02 2.849381653177032736e-02 6.331442716211507782e-02
5.372887469550238770e-02 1.876420224728584524e-02 5.322231812919816368e-02
8.781786616540472601e-02 4.070280470163645942e-02 9.508674904807570827e-02
5.074768405813211147e-02 2.545478470736653454e-02 6.059948655818960667e-02
8.901489621174961397e-02 3.115410360402230336e-02 5.783174033700130834e-02
6.716699636196683809e-02 4.513619387973372143e-02 7.336761220840752606e-02
5.203822588389596382e-02 3.020400170941933693e-02 6.582566562994930648e-02
8.130495381197169746e-02 4.804808045170313319e-02 9.485505853463865877e-02
7.294272793949670153e-02 4.072755329571984412e-02 8.219315124472109657e-02
2.633749372716081422e-02 1.417219295577320723e-02 3.583812608541238343e-02
3.712554705737433625e-02 2.647755733403092324e-02 4.933632787464716646e-02
9.779989293191859723e-02 1.719411628511570422e-02 7.513994679504208685e-02
5.055183156468443656e-02 2.159589147947326912e-02 4.636855111873443291e-02
6.318447510945542078e-02 3.539655718907790821e-02 7.578465925659078062e-02
1.604982685703326140e-01 3.901925493746378343e-02 9.839990249791780164e-02
5.896474189337723437e-02 2.233789739236269334e-02 5.155609460132237060e-02
5.992615139860938550e-02 3.350388455000372773e-02 4.380607881474397891e-02
6.705309838608453088e-02 4.234752712228834898e-02 7.828985086792583648e-02
5.760031831831628063e-02 2.276765632554133417e-02 6.698586238015535876e-02
1.351202048375333975e-01 1.280646355411047682e-02 4.044311980172255599e-02
9.467588143258511002e-02 2.607156072617441284e-02 6.721286664105349806e-02
1.197594259089292540e-01 6.049050043312670377e-02 8.726465915700093445e-02
3.721324338902119722e-02 2.264826714883071829e-02 4.921458669623050147e-02
5.243634413727695648e-02 3.230856020932124095e-02 7.630530648404670879e-02
8.598948343182213905e-02 3.008259383600207088e-02 6.939030804795039142e-02
5.172107175024132780e-02 3.757851073788581048e-02 9.921397630371946164e-02
4.880784403350574979e-02 3.148496378854723221e-02 7.654533757716316944e-02
7.305140793493222762e-02 2.399986375713888606e-02 6.651523199094004635e-02
1.228690612963422996e-01 3.046287968745851893e-02 6.850364251870533217e-02
8.602380793849868923e-02 7.165559537982733873e-02 8.034860703819601824e-02
7.215138735145854021e-02 4.615817397674396028e-02 7.718407948571501254e-02
5.070294736787987061e-02 2.946328037215383694e-02 6.775161337995376509e-02
5.331485098073292933e-02 3.344534262731933133e-02 7.927422187038235535e-02
1.156746865693919629e-01 3.293886068063585359e-02 6.806869221428776817e-02
8.225471721544225234e-02 6.347593701002010591e-02 8.877470856016420053e-02
6.720829163079015955e-02 1.751368299163936007e-02 4.691880568823927899e-02
9.581189532344028259e-02 9.967046271827950665e-02 9.976780597922291216e-02
6.009886105929541922e-02 5.984881353183191255e-02 6.429543128649800598e-02
1.817376497106111544e-01 4.766025404191521347e-02 1.117333647779599481e-01
4.985866280517693705e-02 3.316329924223719583e-02 7.260837075472351132e-02
6.691360847424292213e-02 8.825805175825390814e-02 6.617720072529892361e-02
8.565941123608994401e-02 1.197925276512447901e-01 8.705957863374939876e-02
2.472729416626116145e-02 1.349339075947776287e-02 4.884195560004894743e-02
3.811959002067327046e-02 2.694285702730519691e-02 7.217688677481169657e-02
1.357630155852753984e-01 3.157422697597823957e-02 5.876646673638214607e-02
1.915195046255645933e-02 1.153436389183043996e-02 2.799128889664274228e-02
5.374562573435918977e-02 2.904826043697852564e-02 4.886948957889911821e-02
5.294145361186255311e-02 3.662620088732566892e-02 6.915080056544224696e-02
1.447213873226726177e-01 4.492356664781231579e-02 1.000495533426978140e-01
7.916750034768699207e-02 3.945999327740668666e-02 7.808887785599481768e-02
