1.209977266411590459e-02 5.309003909078922889e-03 3.699893476634612960e-03
2.716837362051698068e-02 1.284781052269827126e-02 2.333678164458174997e-02
1.947830860183825605e-02 4.599886336332018738e-03 4.226808884112609813e-03
1.832988200755646460e-02 7.878416817473806594e-03 5.375071662235242700e-03
2.905899032107634242e-02 7.801536829864292276e-03 1.264854705482721352e-02
1.049783022570504980e-02 6.389948743397879174e-03 7.550339649174322466e-03
2.403863751552068329e-02 1.194297435484499223e-02 2.808486017276329641e-02
2.922363211451424123e-02 1.130524522375723345e-02 1.339001536628440375e-02
2.806011380600310565e-02 1.039689388058913540e-02 7.148245757117295193e-03
3.044197349278259662e-02 1.153659542823711262e-02 1.598167001486463373e-02
2.026958909385283628e-02 5.028104370767529779e-03 4.036309190137002574e-03
2.715308690881624784e-02 1.832638611046227134e-02 1.198385206519623006e-02
3.552583654550413306e-02 2.465449628382011468e-02 1.356764287768242108e-02
3.036336061429686581e-02 7.335599421168048292e-03 1.446120984561922312e-02
3.200519292360375773e-02 2.532561499821951723e-02 2.915862784032725516e-02
2.094766485105048828e-02 1.210989361876635764e-02 6.073516337868140741e-03
2.459596402852411851e-02 1.612527197917736771e-02 1.022180019992209934e-02
2.147274151912535387e-02 1.277983226808938888e-02 4.953820027998382530e-03
2.107496093836144085e-02 7.671650859248041986e-03 1.366489890232640454e-02
1.584705184599751598e-02 4.981509303050093117e-03 3.520850540278799411e-03
2.535599001051675253e-02 1.199347785598541688e-02 1.195139884493322951e-02
2.376682112880475553e-02 1.114942072923430505e-02 1.295069570072435866e-02
3.662419063754691201e-02 2.507129614927328803e-02 1.666551595832215307e-02
2.721200198099828910e-02 1.282469739975837519e-02 1.554219023004301155e-02
3.481649848144295623e-02 1.770421789877393501e-02 3.096845088441354393e-02
2.707931778810221402e-02 1.621938752804169201e-02 1.257901017625690648e-02
3.359857003363395100e-02 1.461657874408887892e-02 1.103502217301649373e-02
2.323077183366980755e-02 7.695168681798201724e-03 6.340638163874357663e-03
3.441138796795895766e-02 1.754063852787688185e-02 1.456400790173642025e-02
1.578689745501611272e-02 6.601760487246431490e-03 3.382979757485718181e-03
3.116855049697262944e-02 1.231988219198141936e-02 1.111925374792284080e-02
2.660033060019294585e-02 9.760133732037486881e-03 1.005705921208090679e-02
3.306730595702461750e-02 1.671704974564962309e-02 1.074677420028016805e-02
3.461384360591552439e-02 1.308973901641296775e-02 9.462475956600947466e-03
1.660371829797086321e-02 8.645947850973379617e-03 1.570149030090842515e-02
4.879350849532047840e-02 2.717992759986388382e-02 1.980560179763301773e-02
2.668108553789147117e-02 1.657820970366542454e-02 1.987133896733282029e-02
2.312814161961926698e-02 1.872178480936831022e-02 9.755826608573159309e-03
3.257927222797097483e-02 6.747105148653793905e-03 1.340994728400792500e-02
2.615717981439121334e-02 2.514884846755039219e-02 1.941318461764901873e-02
2.202411052843499667e-02 8.509267749099371989e-03 7.950105753119720078e-03
3.125901529012441171e-02 1.540641531618668590e-02 2.196000457106320192e-02
2.502645376027968355e-02 1.372331574322684447e-02 1.357484909791486540e-02
3.191488511851620080e-02 1.350139039845439821e-02 9.753544523102950989e-03
1.376307038892611925e-02 5.052802978162372616e-03 3.596417379680067090e-03
2.311169199489444478e-02 1.126128375245331187e-02 9.817219143952440538e-03
4.516653091507574769e-02 1.699017787255082887e-02 2.197992019130557556e-02
2.647176248401215959e-02 1.306516243475874979e-02 1.580202874522166484e-02
2.085350969075431410e-02 8.668622314543969823e-03 5.664249878798326317e-03
4.473418383519071895e-02 2.553195922084336780e-02 1.867258650694422414e-02
2.390001913801467759e-02 7.106614612238129798e-03 9.370783859886008468e-03
3.565398440245597794e-02 2.110590721962716035e-02 1.390243833947774933e-02
2.001220516253587878e-02 9.737666442219416324e-03 8.016186296732060595e-03
2.380163360524545357e-02 9.016601797554037526e-03 1.737776193665983848e-02
2.841771355229116489e-02 1.865481883196901808e-02 1.240071441263364965e-02
3.898068837195826919e-02 1.388073184669440588e-02 1.126649808043499006e-02
3.801543196473002734e-02 1.820487791056296309e-02 1.482231257772305931e-02
2.497327672264445381e-02 1.414390980223092717e-02 8.227263031398261012e-03
1.969776151962345304e-02 1.513172641260636213e-02 8.608248220637560941e-03
2.940874828472752472e-02 1.633102646281964915e-02 1.035148892884020684e-02
2.441594887293464453e-02 1.268554693028066914e-02 1.168570560864595764e-02
3.793807060362122674e-02 1.552569069680269712e-02 3.780787159948155451e-02
3.657015260770817705e-02 2.706451176455880459e-02 2.545764234913953580e-02
2.708347523749298630e-02 1.884832299534644831e-02 2.173904857315570038e-02
2.144532980064407790e-02 6.154489351801320680e-03 4.151820356987603183e-03
2.124872311014732243e-02 1.540849356572872308e-02 8.409862975302332538e-03
1.520046709094001990e-02 5.871891426805293975e-03 6.348348945264949833e-03
2.550089027241059583e-02 1.353625228696907212e-02 8.726659064042269209e-03
3.201735629164497582e-02 1.970827280420816424e-02 1.789857780005051427e-02
2.736516818699724629e-02 1.553868109119810326e-02 1.914854444248121484e-02
2.064040910566459358e-02 2.135741487880105094e-02 1.631443671658316594e-02
2.907869263749960492e-02 1.380074927725389450e-02 2.567726213521001263e-02
2.023199515455295291e-02 1.251002990926736863e-02 7.750829917808891266e-03
3.561326129090636172e-02 1.045311333246525497e-02 1.092702940844061943e-02
2.467323970370221414e-02 1.544168257802824157e-02 6.578618218728964247e-03
2.294728710320655465e-02 1.602819272248341004e-02 7.018014844720793684e-03
2.164575947448629453e-02 1.014855708665611880e-02 7.686428651385147567e-03
3.602103415748791893e-02 1.814674590745954386e-02 2.014486734122415690e-02
2.054624093476224364e-02 1.060013109077492278e-02 6.200694985254194720e-03
3.070465875520273294e-02 1.297975568999243552e-02 2.007257373602779060e-02
2.784278262964166514e-02 1.009755056315316327e-02 7.608996123136788775e-03
2.007757318170244956e-02 7.508795281473974736e-03 5.751514384479822217e-03
2.131504214605656894e-02 1.511904142970024734e-02 7.360865016568083133e-03
2.089402531064196711e-02 9.254229854126773749e-03 9.348328724562020992e-03
2.783491176945178738e-02 9.191993355482125372e-03 1.032799213180704730e-02
2.696153296637652727e-02 1.927912739230529249e-02 1.303466752892484294e-02
2.390824753396652430e-02 4.801062449113201527e-03 4.292390561787398813e-03
2.839323142235637351e-02 1.232394406075172123e-02 1.028105940056655773e-02
2.055039780084636641e-02 9.658894530351833096e-03 1.387492560540243280e-02
2.218180444769833268e-02 1.634680499472675880e-02 6.765117940183813794e-03
3.804969735302987655e-02 2.317844719357835259e-02 1.612124409722260135e-02
1.718722516175578627e-02 1.227638934272823508e-02 7.931302015444684911e-03
2.940482005366981330e-02 1.551923947504302639e-02 9.773329200660626007e-03
3.747580004414990951e-02 2.197780929269184391e-02 1.739775260487382014e-02
3.117286835511448584e-02 1.174525413969350687e-02 9.805391129358197871e-03
2.845818526914565411e-02 1.164107501101813678e-02 2.455730299046661458e-02
2.366943481497075716e-02 1.780160748886608704e-02 6.520007865613567342e-03
3.393813904324347736e-02 1.002850446459349447e-02 1.122576074558361697e-02
2.699898874836136747e-02 1.339014417760717689e-02 1.093182173544247557e-02
4.918834185454381419e-02 2.719099427527429599e-02 3.583964185593922075e-02
