5.210856968457409921e-02 3.280509790489701677e-02 7.081874954508114717e-02
9.093219038191462100e-02 2.576933305460588769e-02 7.041974361167595287e-02
2.283376451118880254e-02 1.462248607065610648e-02 4.411836683835636957e-02
4.706461007399131286e-02 1.836448623112407752e-02 6.028428317036692990e-02
3.294293168320809595e-02 1.730203017991079409e-02 6.325956781920220873e-02
5.710446734840077948e-02 1.245019397992750548e-02 6.928528038210644835e-02
5.511214542046680848e-02 2.258488357051928117e-02 6.181627361545686400e-02
4.820286568134531796e-02 2.655953626104073581e-02 5.177649248649943137e-02
7.660753552121907228e-02 1.580429650204900199e-02 5.969228272522981993e-02
5.458602942966010035e-02 3.420963112345500740e-02 6.112756046430917189e-02
5.538218408910287188e-02 2.682621343860891808e-02 8.837524858037151820e-02
6.402991383170893169e-02 2.506316882526891249e-02 7.667681898675074437e-02
6.119212573083716855e-02 2.371004797952945900e-02 6.083161204966241326e-02
9.649227686466575749e-02 3.096654215943846905e-02 7.704185377144731617e-02
3.802576834587245713e-02 2.645141502771459346e-02 7.191137077321017868e-02
6.585727475278603527e-02 4.522818580338641703e-02 6.435249986752186735e-02
5.122595629394210287e-02 3.001597761165649206e-02 7.829450652364584873e-02
5.424540822230775050e-02 1.973232005269457204e-02 8.004876281164363672e-02
6.644211144237123501e-02 3.687468815480951512e-02 8.777668263302874918e-02
7.437428581990535026e-02 3.188437046166048977e-02 8.062495848568651535e-02
8.567695816231227224e-02 2.279663107136481459e-02 5.790832104786828444e-02
6.451713455905980221e-02 3.456082105075445471e-02 6.628738523307932395e-02
5.918681470353056445e-02 3.135529772348503996e-02 7.446372956931904263e-02
5.120637752153849726e-02 2.258878747476554538e-02 7.026377410524992095e-02
5.688416427323906427e-02 2.357465123857307651e-02 7.360698270741430904e-02
8.376033337559751768e-02 4.356964191372989653e-02 9.783555729953113955e-02
5.824426027805063022e-02 1.938975611133828686e-02 6.323442699603656902e-02
6.610338763617353008e-02 3.719512159481084407e-02 6.640302560839568546e-02
4.424807132557780770e-02 4.396462765823586083e-02 6.639106042736955815e-02
5.629615439626227402e-02 3.768498024273490843e-02 8.257254605501904154e-02
5.190895777158026358e-02 4.262481849432674108e-02 6.057886205861062051e-02
7.005484788226447324e-02 4.308611048972443153e-02 8.891092403478897954e-02
6.742981587434108970e-02 3.836611360826237827e-02 1.056289827171525142e-01
5.707139199171495231e-02 3.746734757841910235e-02 8.731214904216560990e-02
3.760041818345342263e-02 2.543932144725448430e-02 4.689484879579652876e-02
3.426443547139831902e-02 2.980346950776791015e-02 7.047929474525399529e-02
8.819979614856070238e-02 4.981371349856966724e-02 1.100438716853432142e-01
6.254040171443597806e-02 2.911573638145047507e-02 7.759828022929164681e-02
5.250722966050906659e-02 2.267204340549514724e-02 6.857618715479629756e-02
8.650065633498912887e-02 3.367635174869049175e-02 7.589383527924015160e-02
6.473162237262869434e-02 3.773599798520307219e-02 8.069611888347275053e-02
6.326979434830133642e-02 2.509675040066863469e-02 6.914864423819400141e-02
4.982262986875851674e-02 2.638499474309808496e-02 6.027484588737405669e-02
8.231602384640378245e-02 4.325923655853781968e-02 8.789556211714263934e-02
1.296831195916464674e-01 4.327078770534575902e-02 9.580553214238218818e-02
4.738692183615157011e-02 3.943581005586183075e-02 6.512305534627893522e-02
6.853414623176252995e-02 1.680329435194999679e-02 5.928692786761136785e-02
5.942447672662727609e-02 1.016961001855014729e-01 6.278310424909804011e-02
6.534552288837418288e-02 2.500563100023499297e-02 7.816398359997889234e-02
3.559833047015785457e-02 5.816403463587979106e-01 7.709069609987474758e-02
