3.038224776793817597e-02 1.664345170326164344e-02 1.139455151021309155e-02
3.067582043955342438e-02 8.428861462919063491e-03 1.095201207817282640e-02
3.630858239844874519e-02 1.245189844038721919e-02 1.008303391307449441e-02
2.681825564450148955e-02 1.373600776344981352e-02 1.478226169941782887e-02
3.440941890368302142e-02 2.077090756150784187e-02 1.611590310750115815e-02
1.899037241373403156e-02 1.261826223252556639e-02 7.897533899966354895e-03
3.105297453291587517e-02 7.348166163622842431e-03 1.108129412390300959e-02
2.411460187954143214e-02 1.445115368275956026e-02 1.133179227362089703e-02
2.799383186168621224e-02 1.853621316611942307e-02 2.924698570570246486e-02
2.685726393213781413e-02 1.593210876709543616e-02 1.313343122919595832e-02
3.710192857873421263e-02 2.775038159967108120e-02 1.572570387451071097e-02
2.584791386931710455e-02 1.603065349075026569e-02 1.654987092790831046e-02
4.084712448351642683e-02 2.201913043313476898e-02 1.889050507658009831e-02
2.021495238138384248e-02 1.120143364317548358e-02 1.317352303706969922e-02
3.502604413583303156e-02 8.683688450572817075e-03 6.173718922369133243e-03
2.638596327802962896e-02 1.380242064601283625e-02 1.157994152244149443e-02
3.790891890861239344e-02 1.903290572933532404e-02 1.554597929731035486e-02
2.304150128539683012e-02 9.118083531827275712e-03 4.353773118631592415e-03
2.871145027969741748e-02 1.087618872528145313e-02 9.919099337780351230e-03
2.902737211619214885e-02 1.527279041599838294e-02 1.409486646560982083e-02
2.432459952624451555e-02 1.544628592961841407e-02 1.056086789047204662e-02
3.105165675737547870e-02 1.517050101398028858e-02 8.024647344974019172e-03
4.020315776342723441e-02 2.228626959507737024e-02 1.982122837844338403e-02
3.326837489686809007e-02 2.132152913762659641e-02 1.086145734145057412e-02
5.426557272490352413e-02 3.297820191406934665e-02 2.450593838921793360e-02
3.719617358322912376e-02 2.583598773820483530e-02 1.867538793113626000e-02
2.730563572843094922e-02 1.376283968109223363e-02 1.003189914318139420e-02
3.022094717848367723e-02 1.534403209271760493e-02 2.092673094562431946e-02
3.236608310427117885e-02 1.906138750729358816e-02 1.369740377095044447e-02
2.086650613150813419e-02 1.034790255337981503e-02 1.060607490645379403e-02
2.188027606403577033e-02 1.913340137655764397e-02 2.158762551395128348e-02
3.599294386393233486e-02 2.693145153603406644e-02 1.321286577820463513e-02
2.513561739229138933e-02 1.919243304903547540e-02 1.251357857158789597e-02
2.755641578244630990e-02 1.792164398326335714e-02 1.306656240117834433e-02
4.521582208916068157e-02 2.802034660687391723e-02 2.632203478366281976e-02
2.787127506134330288e-02 1.840068538994948238e-02 1.671805555690853221e-02
2.958511883285849450e-02 1.424897714092328294e-02 1.056851570455594018e-02
3.109760935871435164e-02 1.656933067960596542e-02 2.611712260033114893e-02
4.021043530705566832e-02 1.305061883709777992e-02 9.113763398559985782e-03
2.578307789926191987e-02 1.017246418643143538e-02 7.742835954259641787e-03
2.105026832407395215e-02 1.238137057263946975e-02 1.464473135792235432e-02
3.813440136983616002e-02 1.838218870312847628e-02 1.384978186375754663e-02
3.953707566941176005e-02 2.525820570134602872e-02 2.193893777089385780e-02
3.862505119327014347e-02 2.930767465482515821e-02 1.997561185401429754e-02
1.064214119114789692e-02 4.442471473104361163e-03 3.998081427853849255e-03
2.913626613263978898e-02 9.769520945285645186e-03 1.079154680639462897e-02
2.404252244644117936e-02 1.039643559903218918e-02 8.476017526491221032e-03
3.262631317951323467e-02 2.683476163133030612e-02 1.137620202496292601e-02
4.044545773821171808e-02 2.044918150816497915e-02 1.598202092238640293e-02
5.348093100854608289e-02 3.330282989280215766e-02 2.379948303874596452e-02
3.212451344327186403e-02 1.638711777267511105e-02 1.472086257088012738e-02
2.662062046523401906e-02 1.372889620447444864e-02 1.277842081940078547e-02
2.565338994979647624e-02 1.201679071333122337e-02 1.545272480257247130e-02
4.037183235002925891e-02 1.878565323319889707e-02 9.058403126517698689e-03
3.653688266843035243e-02 2.196019390585694439e-02 1.512112724453512462e-02
2.283246175798137392e-02 1.524910322933263618e-02 2.022690876281595801e-02
3.769285663372100303e-02 1.527219757585325695e-02 2.004412023214596772e-02
2.129637428955799897e-02 6.705420873586161873e-03 7.710654098338915949e-03
2.033948706053866073e-02 6.035018484959107227e-03 4.085657556673642429e-03
3.235588559906241168e-02 1.593021953877519700e-02 1.302253425858871695e-02
3.194217991087638236e-02 1.839712903896476709e-02 1.291870014198993541e-02
2.351894675764031051e-02 2.244452180243830877e-02 2.019339600676284610e-02
2.183320144356932710e-02 8.769522625524569723e-03 8.570380316767305801e-03
2.189595987902191385e-02 2.092544606683102715e-02 6.293564537127744815e-03
2.364830063836944121e-02 1.812377544756331449e-02 1.730715448206900792e-02
2.100847709120493012e-02 9.951782342647185961e-03 6.018773755486107532e-03
4.056720759801990539e-02 2.255729347903137963e-02 1.680789073789780083e-02
2.999497538566988156e-02 7.024435612011806218e-02 9.851621165211914971e-03
3.667915270707415576e-02 1.550356111613280206e-02 1.928407440213878582e-02
2.166541032799629285e-02 1.162356847536273260e-02 1.324985126487931465e-02
2.515134450337249902e-02 1.224185755088410058e-02 7.699409326265951696e-03
2.127409426707638565e-02 1.835971262188758335e-02 1.510046677795680650e-02
1.798340936085148986e-02 9.827800660713070444e-03 7.250017235218080350e-03
2.638641821821550645e-02 1.787372164759704063e-02 1.244125900039555824e-02
2.501508456445848683e-02 7.373926855957509997e-03 7.743660881306897552e-03
2.132460559237187026e-02 1.439336222914967649e-02 9.686343815328506135e-03
3.103361577705955263e-02 1.070295022532798297e-02 1.252223905514058058e-02
3.135068664383174747e-02 1.398051159824949263e-02 7.872805726463785042e-03
3.211475303435697148e-02 2.843394415081711146e-02 2.048640221293061142e-02
3.195622418001905357e-02 9.891732338663607876e-03 9.799179569155932329e-03
1.910521796775545636e-02 5.696462745689178167e-03 5.794963632044254805e-03
1.735337890626957591e-02 1.260231943986471134e-02 1.567301340358410316e-02
3.470158797867942818e-02 1.845245845803231144e-02 2.248228580387493306e-02
1.157983992986666606e-02 7.153693543108903367e-03 4.425635300140084473e-03
4.034731578254430184e-02 1.840260749053422226e-02 1.565602491011514052e-02
3.144095061634114702e-02 1.783409889139773996e-02 2.000033396803314184e-02
3.503771523041827179e-02 2.102104672706190530e-02 2.924616225333263181e-02
3.315576029365795846e-02 1.738490307698058179e-02 1.151590060075649569e-02
2.583083867312577220e-02 1.207617892256911477e-02 9.174900855545833553e-03
1.831840942623613744e-02 4.649018250613091464e-03 4.208140703505541987e-03
3.008778918434803010e-02 1.673482632787576946e-02 1.181903016225709091e-02
3.155312456678639049e-02 1.450349572954723505e-02 8.821717155468377508e-03
2.171655616775676478e-02 8.480979483180311335e-03 1.409390659025152107e-02
3.093537338329110931e-02 1.627871643094909795e-02 1.378173261479558737e-02
2.293579681190047875e-02 1.798621622007537391e-02 7.574053583306186201e-03
3.302410621754989922e-02 1.338253507944698467e-02 1.487826148136356039e-02
3.237111326582878257e-02 1.514727297277936556e-02 1.796814288284269423e-02
2.732610724081516521e-02 8.713022768913288030e-03 1.393423935222092881e-02
2.072986906142001637e-02 3.054051392654406286e-03 7.019223676954711687e-03
2.704345717095136756e-02 1.519607949031647788e-02 1.613536991827481046e-02
