1.046934238010309992e-01 9.051846384077907870e-02 1.118059481650937048e-01
8.862167577241070182e-02 9.629796871981950723e-02 1.093166261298214870e-01
1.014153600267167082e-01 8.894493606337627867e-02 1.236331101441340841e-01
1.379954865616064008e-01 1.289695087508804516e-01 1.664490968384176595e-01
1.100474455657708683e-01 6.892342403045620403e-02 1.117549146370009211e-01
9.018950636982615843e-02 9.499957877935832906e-02 1.026944851930775560e-01
7.931001959413569447e-02 4.309386518977551678e-02 6.283128406513320552e-02
6.252854512410706278e-02 5.396101467407176527e-02 7.823772366327544359e-02
9.942169407396936331e-02 6.401096388934930659e-02 7.131255054172914998e-02
2.881533621851806726e-01 9.909180925299448939e-02 7.121908056718796731e-02
1.154978326268964878e-01 5.849423794706549301e-02 5.541707445359214668e-02
7.740410405235066682e-02 5.557595532693407336e-02 5.167987512814947726e-02
1.113774214733938006e-01 5.819112593863205035e-02 4.852379763571468274e-02
5.598069006417353416e-02 4.790380110151970516e-02 5.338965120423320304e-02
1.016127289045709869e-01 3.992768690115331559e-02 4.597801234470894061e-02
7.776427676906057240e-02 6.297714108396519628e-02 7.078410140450304422e-02
7.022655956769392749e-02 6.289726648714952240e-02 6.975850914063580488e-02
2.260186688285184542e-01 5.189829578502588858e-02 1.149261008758261787e-01
6.041185712849720529e-02 6.769478573164743052e-02 8.264410409538151814e-02
1.358213004735190355e-01 7.047883326058292097e-02 6.105336734219121014e-02
1.885748068998299720e-01 1.005271452257434778e-01 1.574996037666998583e-01
1.416164579826983128e-01 5.929849638392872824e-02 6.065643888177281451e-02
1.194761462359478638e-01 1.975566972026692181e-01 5.189976523575510342e-02
5.358241715731566768e-02 6.183796215992925366e-02 4.500111246691969324e-02
5.248921494957892869e-02 4.945657072808490318e-02 4.910308746121300194e-02
1.653086535051881689e-01 1.406802875616213477e-01 1.263733195106806761e-01
6.081462975203977966e-02 4.634952314059489348e-02 3.001236881862501260e-02
4.655956616967255740e-02 6.045647367389496429e-02 4.190926789270155162e-02
4.187955460919680073e-01 1.054845130996541480e-01 2.026976312840080563e-01
9.008434175390968301e-02 3.660333398965977258e-02 3.749335482445723122e-02
6.331399692717097627e-02 3.799630318276496499e-02 3.276022401533872780e-02
1.380755220682776674e-01 4.506584733827950079e-02 1.142442742832181640e-01
4.258769868230455335e-02 5.160904944859680266e-02 4.286099550687358373e-02
3.492678373686764620e-02 2.212248681083952770e-02 2.212755081490386591e-02
1.372964207870476239e-01 8.521538614794964273e-02 1.133845810472845217e-01
1.228422287329631324e-01 7.091469052557883290e-02 7.345449668922227060e-02
5.851787319095390349e-02 3.092911501734138535e-02 3.866270235415165957e-02
1.334866285081483805e-01 1.093052094318073819e-01 2.125265506131657212e-01
6.863017534687529397e-02 6.219313081357482481e-02 1.164596438842454701e-01
5.223940548228989122e-02 4.153029433691038386e-02 5.075801936500724809e-02
1.091830365243904449e-01 3.139291458583041983e-02 3.714400888979339094e-02
1.625822022069732253e-01 9.761244103411523265e-02 1.120437166493408743e-01
1.262293958018664009e-01 6.401900640924747254e-02 5.968167010388077121e-02
1.877343450289404025e-01 1.071889443613070203e-01 1.811638037607051499e-01
1.033524880494388343e-01 6.300450146914748917e-02 7.268098294974729978e-02
7.549414674787356672e-02 6.119522438573857248e-02 6.264202006289759650e-02
9.447265541122971955e-02 5.517567571505611196e-02 5.379501229563750375e-02
6.515342678227087347e-02 4.698172754239164639e-02 5.473925592855592714e-02
7.960866442229594386e-02 6.878536978617233455e-02 1.248366023550378234e-01
1.515479869932717660e-01 1.220187780729757310e-01 2.536359185403978533e-01
