2.192492175754463812e-01 1.878954338710574490e-01 1.362962670537824772e-01
1.020316316503387527e-01 2.876797445739335060e-02 7.181625219552005557e-02
5.305798053951442383e-02 5.378710275429935544e-02 8.175524140278221663e-02
7.416051042958345108e-02 9.385853880300534802e-02 8.390427314368656408e-02
1.005786186595395287e-01 1.183298598977237381e-01 1.161417081178244826e-01
2.050824223691607717e-01 1.172051469398436296e-01 1.168225317766841964e-01
1.430707035970893715e-01 1.438667132945912197e-01 2.151119954523200428e-01
1.332976393192924769e-01 9.643147558222511795e-02 1.055625938322869301e-01
1.241476008201265746e-01 1.593816986157742255e-01 1.976811919641691950e-01
9.536134452844959031e-02 9.856179248787490244e-02 7.040247808957211806e-02
2.841104716533128238e-01 9.590841744488093346e-02 1.426060374360824112e-01
1.606734276270292416e-01 4.936331413788516004e-02 7.024019831928272894e-02
9.239833628116668474e-02 6.190424603265805292e-02 8.973006230378420545e-02
3.159850130053608042e-01 7.812272306924537002e-01 1.150779319485412538e-01
1.312174424981893961e-01 6.919619952749535285e-02 1.529488840584221354e-01
8.666353621658481887e-02 4.966865432566935912e-02 5.285253458180898950e-02
2.038388613942665462e-01 1.215228284840964013e-01 1.164762929325285357e-01
7.682313962116378292e-01 1.667894584943706571e-01 2.383552234154127092e-01
7.831945933597976583e-02 7.247146669159744425e-02 1.057439862932313956e-01
7.681965746873234413e-02 9.645977294263320678e-02 7.714121498346232508e-02
1.098747191699455811e-01 1.297903164622414007e-01 1.210775708511177273e-01
1.312152754565852342e-01 9.174259541590014388e-02 1.446139704422872152e-01
6.303145956256281379e-02 7.851918997629089847e-02 1.109029759174676028e-01
7.454949431694672668e-02 5.103818214333609438e-02 5.492997041193953267e-02
2.757275790454807862e-01 1.839211900039008640e-01 1.523013244781360187e-01
6.963639608810620607e-02 8.817736207442404550e-02 6.643634111065976899e-02
7.591250002487189008e-02 8.176268695036570389e-02 7.142311881176199861e-02
1.327280424133872594e-01 1.613630487631328991e-01 1.485647192385456949e-01
1.503834810686944801e-01 7.873750806126644797e-02 1.102401456234776839e-01
9.081965267068961567e-02 5.149303953288448393e-02 6.348786040998878610e-02
7.748864523726221865e-02 5.968015771703057831e-02 7.036770220261796827e-02
2.575978400950458824e-01 1.680562609947702235e-01 1.856460134778998849e-01
4.045297976006744650e-02 3.452499297270360257e-02 4.079969648526267367e-02
7.210661320702875521e-02 8.344157764102516639e-02 8.210535141070891829e-02
6.411569694111536599e-02 5.272488779225626560e-02 4.761363560650121868e-02
2.019843073293778601e-01 1.012932042507855290e-01 1.119366315256753730e-01
1.109522515265952136e-01 1.297627274937818154e-01 1.118472155013584546e-01
6.287786723683479184e-02 4.662442608489296425e-02 4.820769795649303829e-02
5.078630053732771654e-02 3.818815759016079558e-02 3.428962298559656841e-02
1.401540596714314912e-01 1.181011788845790778e-01 1.249889692668639668e-01
1.337922950899147201e-01 5.977885765269074642e-02 8.111288111800003808e-02
1.842741250756116389e-01 1.725571105201980926e-01 1.688829794885184366e-01
8.350274978539229398e-02 8.821968187795355132e-02 1.103840708874046228e-01
2.597895567104752668e-01 6.891691088849506708e-02 7.436256849119715628e-02
2.566625998573732192e-01 1.412533120954504728e-01 1.390969924906789168e-01
9.899207318642387621e-02 1.147723752907285621e-01 1.150249521392726626e-01
1.683090522983505255e-01 1.017717036546323672e-01 8.227486211041321051e-02
1.782162239236679824e-01 1.391040454969791340e-01 1.292706253157211160e-01
6.021177964984873038e-02 6.504208239680329962e-02 6.290256106076719256e-02
9.839965403710616842e-02 1.394078409016322462e-01 1.325616254672270788e-01
