2.306828570465164346e-02 1.526968888731779043e-02 1.080833862788159114e-02
2.550842866184756599e-02 6.864228429709886593e-03 8.277554787801117211e-03
1.775946793648126507e-02 7.056532474783331482e-03 7.625218852228833957e-03
3.526268561724442419e-02 2.200970983712927792e-02 1.654841294704344212e-02
2.339592871804286461e-02 9.426850089717086698e-03 7.996447243251141729e-03
2.774170615715891228e-02 9.328269448443065812e-03 1.465601247145804573e-02
2.553207883629538336e-02 9.238288817352325460e-03 8.042709786506044636e-03
2.622745586288797309e-02 9.636239857368620113e-03 1.384348046749580598e-02
2.386433238090054920e-02 4.359871609673436274e-03 3.668930780101163722e-03
2.715177490258720641e-02 2.570943992317715338e-02 1.643527180098232343e-02
2.104306498600313699e-02 1.015442248039445661e-02 1.524947815116193227e-02
2.775353773655855547e-02 1.800811354377318194e-02 1.054699485663836492e-02
2.712458159587070178e-02 1.906378293070417479e-02 1.399641930021931942e-02
2.250367879881089855e-02 9.960267337246819092e-03 1.301045205711283577e-02
2.304615085160660257e-02 2.246520452277317448e-02 8.832638414968358581e-03
2.130286586908500604e-02 7.558736581013986849e-03 7.062244548264585281e-03
3.085435095622001203e-02 1.330866103661016916e-02 7.457584428760322993e-03
2.424733358483813564e-02 1.106019147247721927e-02 1.859144836941594575e-02
3.002694862975736206e-02 1.173610764592196258e-02 1.953527367659741235e-02
2.742071402526244372e-02 8.674945657586309936e-03 2.172920334699789124e-02
2.156742424366206445e-02 8.907236694193569615e-03 4.530523668005212619e-03
3.053508039148547862e-02 1.771767477014067962e-02 1.071845899699199953e-02
2.401478933396680379e-02 4.722777634034604384e-03 4.215459083860537831e-03
2.365455513683580036e-02 5.057130938852153965e-03 9.659734860454108687e-03
2.431005534361986922e-02 9.981028434225085871e-03 9.319336578707376403e-03
3.530179011988981985e-02 1.074519537737124095e-02 8.302314960268302249e-03
2.587374084057521978e-02 4.753018660219609365e-03 2.320206667443846724e-02
2.133881575984769227e-02 1.547675659620531899e-02 6.048942443603361370e-03
2.733456951104377280e-02 1.725270092839152614e-02 3.200452750402055235e-02
2.724841606440247047e-02 1.198870394572301365e-02 1.321556650860450724e-02
3.415441624247227831e-02 1.426963772609705743e-02 1.364852006679885890e-02
3.047184413009036349e-02 1.908144367042485454e-02 1.264487270335857075e-02
2.476050634023966787e-02 1.077989247983546055e-02 9.690375267929367264e-03
2.676699295986629049e-02 8.898019344002153219e-03 1.041757761189618728e-02
3.352748056180952785e-02 4.275430348204837389e-02 1.687424853974409805e-02
3.105553710793137329e-02 1.711147203823695784e-02 3.196938959031256355e-02
2.678972437070800683e-02 1.881656585388710029e-02 2.740231774538379531e-02
3.670215368890741847e-02 1.154294002606945542e-02 1.037241429718793392e-02
2.321115900957739300e-02 9.332613204872299700e-03 2.125006959839292886e-02
3.116013389292048366e-02 9.745335241701061010e-03 8.436008497929291597e-03
3.193328376363172016e-02 1.548389578892864736e-02 1.356928334217555841e-02
1.559875153482173649e-02 4.514928018355747127e-03 6.016033287969692854e-03
1.813292120944183516e-02 4.135056775015235817e-03 5.219175535350248016e-03
1.852556415381455615e-02 5.479663561588913462e-03 3.318166744892036071e-03
2.628278025146594393e-02 9.976215870094569393e-03 7.371122462177772533e-03
3.045830046310561701e-02 3.176808386476547008e-02 1.447728096964836370e-02
3.222332777967126805e-02 2.584928761044240006e-02 1.477490744864193989e-02
3.011294595172825730e-02 1.469804329796668523e-02 2.116667450912805906e-02
1.783648742956655750e-02 5.519602496326114077e-03 5.862659601515786065e-03
3.302743595931272036e-02 1.414884924426495702e-02 8.339610649280883303e-03
2.161371277806246188e-02 7.234331167941591284e-03 5.439043490420416259e-03
2.623849316185116257e-02 6.217807191413193997e-03 9.767021640300880755e-03
3.484021549442890830e-02 1.139714534759068629e-02 8.982347064939156384e-03
1.700504749586168735e-02 5.688025299977425911e-03 1.446930836905484588e-02
2.339657473831690052e-02 8.817186813166316695e-03 5.080737776339375698e-03
2.425763446183407113e-02 7.388496379938179481e-03 1.042180147344470321e-02
1.875621196579895650e-02 6.975515723362116574e-03 2.551643678861876749e-02
3.919234215387881054e-02 1.656914412011183807e-02 1.685255687791803805e-02
3.772687770782498506e-02 1.598248163019365745e-02 1.509007602676678238e-02
2.227545900266961892e-02 2.222746819650214811e-02 5.504234838074018379e-03
1.358442495869963997e-02 9.063167163868832144e-03 1.903523939815464361e-02
1.930726129848665817e-02 4.829584075278258934e-03 1.379138112793513310e-02
2.621140830599657384e-02 7.907810930326776913e-03 1.632245235267551844e-02
2.570979331644097227e-02 7.074422904172711010e-03 5.775658241888063753e-03
2.638578612460351636e-02 1.436094523595192810e-02 1.406711566841873859e-02
2.383935702044651106e-02 7.390389504423258184e-03 7.075799845461870456e-03
1.902829954168250640e-02 1.049847818004756572e-02 8.508352569838869076e-03
2.037969123337143862e-02 7.244987387514577326e-03 9.474603310255028110e-03
2.079966536288206311e-02 4.260208881580004880e-03 1.621560765721768299e-02
2.586218414919008377e-02 1.281533397047095874e-02 2.802323030281591090e-02
2.582081921686084358e-02 2.303600488451758299e-02 7.084018080432394338e-03
1.892194947068895350e-02 8.257317808753515676e-03 6.256376779253555037e-03
3.341977203853388478e-02 1.233082464091594249e-02 1.109164362263634178e-02
2.501980676827345040e-02 8.098075283327810583e-03 2.062965205323893936e-02
1.684876263447223493e-02 5.877780246290272015e-03 6.472106244107930957e-03
2.561948202543394906e-02 9.452727763353145629e-03 1.931640418073707344e-02
3.118810548296273993e-02 1.825994716863228728e-02 1.970508993766342809e-02
2.611864199537428446e-02 7.996025334928982473e-03 7.980683774033521874e-03
2.592819319765971367e-02 1.063978313796482000e-02 9.530358432962102860e-03
1.977663535751333565e-02 8.508159157772417908e-03 3.450555497722111471e-03
3.739957099889672232e-02 1.752674260530157763e-02 1.328601112111800486e-02
2.434684025499123453e-02 9.791548188154631377e-03 8.504630680685340560e-03
2.423754179059802588e-02 1.218002583495805292e-02 7.025750887322042976e-03
2.260755526289249043e-02 8.407918245429975290e-03 2.006864584454823991e-02
1.765436457878997306e-02 1.343907195763643751e-02 3.792285725186424206e-03
2.501370273947201364e-02 8.830351683709710547e-03 9.954234340761260527e-03
3.339682159343666107e-02 1.264809699002582624e-02 8.925962677625532901e-03
2.335142272483846371e-02 8.888447860370660841e-03 7.695515447745287889e-03
3.399489110224174909e-02 1.031363584982657178e-02 9.179909363357266136e-03
2.062847374343361809e-02 3.553238043363603216e-02 1.142072437193213282e-02
1.982441469199439782e-02 6.164518196204299243e-03 6.423752738168030628e-03
2.096775167692889116e-02 6.134153903478272926e-03 5.951082725741489374e-03
2.379726093914971002e-02 7.051902640017282745e-03 6.738492293225932690e-03
2.523707268427742220e-02 1.133907567932195166e-02 9.137312157572527807e-03
2.541367698355768631e-02 1.628119077811472637e-02 6.735490512642702821e-03
3.229346696543491935e-02 1.426352953150598901e-02 2.758693524818226980e-02
2.297665001521951786e-02 1.204752622620519284e-02 1.108825497309654309e-02
2.204369566644467579e-02 1.204501149070417304e-02 1.022911966800346163e-02
2.025553516111216687e-02 1.127578709617226699e-02 4.723364675347380311e-03
1.711786375015166700e-02 5.634179603310748158e-03 3.603314605163464301e-03
