8.002685360979869267e-02 5.404393247049852494e-02 8.326562987883087685e-02
3.408507375514175514e-02 1.229507731719491417e-02 3.102189137339055047e-02
7.916490996237585120e-02 4.747513798180923172e-02 5.526051956516674080e-02
6.343576437552310432e-02 3.863090799724113594e-02 7.173512036559628879e-02
5.820015138717794800e-02 3.878657060240545129e-02 7.165253146381923843e-02
6.629430423106165426e-02 5.118663213799116984e-02 8.461484621939702189e-02
9.596516305095567634e-02 9.316053171229954355e-02 1.048092958050117485e-01
1.294280968816617361e-01 5.311814771127846418e-02 1.914893649369192041e-01
3.901331498214132693e-02 1.597985100086717764e-02 3.745503592981511837e-02
7.133029576347772738e-02 3.385983952988046858e-02 4.611933305477300404e-02
6.381833104140129109e-02 5.663263547837320278e-02 7.151572198581257478e-02
1.322703957426833721e-01 9.036976340525722240e-02 1.229495113127407058e-01
5.117000807005958607e-02 3.752148801442307946e-02 7.132048098623464116e-02
5.980449653779851271e-02 4.506738970090010815e-02 7.536253569792861207e-02
5.472937652369112838e-02 3.763807037972660696e-02 7.132661404875018096e-02
5.707456873834310801e-02 1.757978136058073113e-02 5.518958339055497764e-02
6.417109206442474234e-02 5.012940463730605062e-02 6.769680014352091879e-02
6.719038413209758864e-02 1.260501074925876319e-01 7.771459192893147294e-02
1.248793636759616826e-01 6.143066354512215221e-02 9.086914915006814863e-02
6.707657740684210002e-02 5.113677575717968937e-02 5.936925177873847437e-02
3.068927939045469622e-02 1.753088047884117373e-02 3.205568668565381835e-02
7.639514753119927559e-02 5.626625381410416821e-02 6.343590231859966289e-02
1.300141626515063931e-01 4.290281825629533446e-02 7.820806028817481326e-02
5.617239820188301563e-02 3.066600958724690490e-02 5.001189938370070864e-02
9.386864512794694526e-02 2.849687113415303244e-02 5.431210118133396325e-02
8.346626232389800504e-02 4.990057446108231431e-02 8.939714184922918638e-02
6.611441138083817837e-02 5.205615464645211438e-02 7.898665370457781665e-02
3.052877177291318453e-02 2.114802643458516332e-02 4.541377352376751303e-02
8.942203637060666677e-02 5.483828196847061187e-02 5.341914294762830501e-02
4.334337193874374106e-02 3.026792349923271286e-02 5.574078134709249677e-02
5.486083735641344300e-02 6.611444905398145000e-02 6.317451150670294613e-02
6.013083179179962851e-02 3.462011803130411042e-02 4.829259657831402874e-02
1.143936816778508975e-01 6.722457515486168766e-02 1.039817992990141604e-01
5.454150156211058642e-02 4.147438129041532834e-02 3.618776161483939352e-02
5.375005693138613927e-02 2.330075646958274654e-02 4.689788716158732607e-02
4.674410564019568920e-02 2.347505375552765006e-02 3.830330881645237912e-02
6.042319042834121134e-02 2.943935853439859709e-02 5.249604209547908962e-02
3.827134789594998504e-02 2.892113784279040645e-02 4.320818641979862207e-02
6.739761903429684897e-02 5.245755732756554601e-02 7.314068787080854617e-02
3.759369640539554636e-02 2.835773557984479568e-02 5.233778782988429690e-02
8.549705281268209223e-02 4.592453252698711075e-02 7.226487609859648387e-02
6.776021499644749313e-02 3.473248628032030855e-02 4.699160388452788134e-02
7.144814662039288000e-02 2.039246197745843078e-02 3.996625620485161345e-02
7.742913376547798376e-02 6.093854147210132216e-02 7.439747657415338167e-02
7.596102176543684248e-02 7.021067099005701140e-02 7.049067451565739495e-02
7.615492475533240657e-02 5.883858240238602766e-02 8.868245722351844607e-02
6.037768524825184308e-02 5.380237477981932720e-02 7.335064063110161015e-02
1.048151963442571083e-01 2.149840921016502732e-02 3.236557888386402959e-02
1.491748065222161801e-01 8.022745244247304897e-02 2.304794453061962400e-01
6.247583589334407966e-02 3.524654663887788475e-02 4.885610788158028378e-02
