7.793906790926452555e-02 5.117991048102642909e-02 6.473613586946472265e-02
6.250797524145432216e-02 4.151946229459793636e-02 3.584732023351210051e-02
5.168634479250228120e-02 3.286125407359757888e-02 1.640011307987956357e-01
5.311177998818034790e-02 6.045409765621011233e-02 4.378807254282596206e-02
6.150144115419905327e-02 4.784337722687827255e-02 1.244499340704935952e-01
2.518920399922473102e-02 2.966528144544422485e-02 3.163897843854014680e-02
6.679684681831936366e-02 5.280105464765330603e-02 1.453094134823625927e-01
9.907433444470981065e-02 5.819267653975744581e-02 6.936329762985810055e-02
1.118197577979943846e-01 7.907718128515993372e-02 1.780114994255594940e-01
1.159754258577393032e-01 8.605381718404744862e-02 1.000462332280755984e-01
8.023369253653940547e-02 4.978526496629453318e-02 6.107560422729635397e-02
6.378232471104640366e-02 4.234472287104378008e-02 4.412937887665485670e-02
9.284482201649377209e-02 7.817739921741979903e-02 2.092614262129025571e-01
2.437889966112636447e-02 1.858515565719086327e-02 9.876742174100852645e-02
4.835108724217526688e-02 5.282004254412679678e-02 4.983277589052630824e-02
9.437406210615095770e-02 2.638774751378114222e-02 5.281258028457329334e-02
1.035223225396272595e-01 9.652882407605660464e-02 8.151096011041314426e-02
8.913130176868083732e-02 4.514975840862861522e-02 5.912420211392982461e-02
5.649071618932322708e-02 3.868717362592614950e-02 5.508412928089900101e-02
5.273594837391026857e-02 3.579788182645986250e-02 4.663783629158391175e-02
9.493253890513865534e-02 5.799261117628741469e-02 7.387334508874321415e-02
2.687951872018165198e-02 2.526847268088748544e-02 2.789565345495091664e-02
5.059803397683287213e-02 4.363923670921413672e-02 4.238664781543728666e-02
9.177795946428983498e-02 5.465813864546403139e-02 1.615873763737919189e-01
6.502871037610789828e-02 7.278506900022055359e-02 8.017811718684124400e-02
2.023950478060594360e-01 1.096793103064719055e-01 2.282257628432851071e-01
1.082638972772407421e-01 8.137392880295643560e-02 8.955239002039223906e-02
1.376156472891896798e-01 3.998774753289310868e-02 5.733861561346249858e-02
6.173090886999819255e-02 4.392409356462172176e-02 6.374966145676497220e-02
7.539455202698853997e-02 2.817766278391362414e-02 4.706168781513554722e-02
4.739547321266464330e-02 2.376398148942976407e-02 3.059666418908590577e-02
9.800916140079354855e-02 5.557060957826977232e-02 6.970857045776546190e-02
8.952705407475432253e-02 3.956376253293453216e-02 6.360655207431591129e-02
4.387733739946316630e-02 2.769273857059513164e-02 3.791336684022795361e-02
1.224840569031188653e-01 6.000814539081105181e-01 4.358190588572281865e-02
6.920539629692784578e-02 6.231373842980232614e-02 5.898881396439402403e-02
9.260430519290920037e-02 4.471471918670858609e-02 3.989625677127955905e-02
8.970943640064200919e-02 7.677095967216164552e-02 8.979773210733006661e-02
7.756645926091047805e-02 5.947554446936565570e-02 1.485880849578172236e-01
3.736877948640626723e-01 7.628429522848269306e-02 8.852225763021943916e-02
3.664943135306507338e-02 3.684172759564901395e-02 3.841122045572036015e-02
9.495359860716461042e-02 3.777632003236011671e-02 5.924484143979218131e-02
6.578995200079945649e-02 5.304519787626692240e-02 6.140682097814461476e-02
9.353249148459209794e-02 8.029125082683864767e-02 8.442495824201631804e-02
1.768538262459154464e-01 4.773120531564085944e-02 5.439228792541418722e-02
6.104394494104842944e-02 3.127223771241462863e-02 2.965368502851996324e-02
5.159890071276961032e-02 2.060427137368251588e-02 2.732104213026341488e-02
2.923862338742006656e-02 2.695117783540494638e-02 2.640075092744343516e-02
1.933190847123885947e-01 4.066744270104057785e-02 6.248059233340607505e-02
6.807259663647165226e-02 6.264308629521778138e-02 6.322124866150756473e-02
