3.343473651252473061e-02 2.898810420945988064e-02 1.755923351891730891e-02
4.364097175471319534e-02 2.052390236272252921e-02 1.347713110180708170e-02
7.990667551793481649e-02 7.259534023802780012e-02 4.900038154846367289e-02
4.020110836912514640e-02 3.401965555061539637e-02 1.661254682555080367e-02
4.100488619741698981e-02 2.930942886748996723e-02 1.546414663446148315e-02
4.672726527970585270e-02 3.675772754071481713e-02 2.415362328888372156e-02
5.831629545411465276e-02 3.119348086639006645e-02 4.416750804575680228e-02
5.189479102795371834e-02 3.446026441102910398e-02 5.945182562923534419e-02
6.390166732110826031e-02 4.749952266558283426e-02 3.909617593196419022e-02
2.938827036233915974e-02 2.751492804204780721e-02 3.386602674921708467e-02
6.056460234490378819e-02 4.088955360117432075e-02 2.495553334926050443e-02
3.131941111166094277e-02 3.266399646059614525e-02 1.738948626719947002e-02
6.888293981247634035e-02 6.664410492871887526e-02 1.736685198817770059e-01
5.173826046194128503e-02 3.933465233505810399e-02 2.748710097264469784e-02
4.899461899551624949e-02 3.917933235708011969e-02 2.985672292333100067e-02
3.928186430675634916e-02 3.818582098474548187e-02 2.410043109038448317e-02
5.062269000171196187e-02 2.225066262460357117e-02 2.604691742000904073e-02
6.559476808224498634e-02 3.827403323287501685e-02 2.696805469855800830e-02
4.401378428237537332e-02 3.797558843899029313e-02 2.921611554464730726e-02
3.345362876805114960e-02 2.801490087574520782e-02 2.528575232044022805e-02
2.341419618241198999e-02 2.171920715685323605e-02 3.820972529398959650e-02
4.632324998039285407e-02 3.480038693605527755e-02 3.015190368818166516e-02
3.200796392631733572e-02 2.910060231997237817e-02 2.643943086268071493e-02
2.603117353753900409e-02 3.630885206652772340e-02 1.691746404972359688e-02
5.962916866734551541e-02 4.684843330359853703e-02 3.889395130164843145e-02
3.137680794321827393e-02 3.098423915635150835e-02 1.919611036858031444e-02
2.978289809997827081e-02 2.394838554431795441e-02 1.709353628373014300e-02
2.788857136790123120e-02 2.896279743337388385e-02 1.938004372842898337e-02
2.801655163513602428e-02 1.633566806259457993e-02 1.187344375347244331e-02
2.760545401329463772e-02 2.047898788696005459e-02 2.948477114823921247e-02
2.308036059167230952e-02 1.587268636779929493e-02 9.273610101311853537e-02
4.210811968796654425e-02 2.984138801861691698e-02 1.993714369190664054e-02
1.777756822804291148e-02 8.585014597732604918e-03 1.142507948048776013e-02
5.579350294668865978e-02 4.085143084718523970e-02 2.041973235536713796e-02
6.961727874081967415e-02 6.061446091391670815e-02 5.603118196577752674e-02
2.742113738529614736e-02 4.450495097675857825e-02 1.696860449884134842e-02
4.345438508866571181e-02 3.342942961451161876e-02 2.394948133976345858e-02
3.499043694276378347e-02 2.759834175804857723e-02 1.294995161245676360e-02
1.412150763544872678e-02 1.063109527693411119e-02 6.128081342216888140e-03
4.757824571388351298e-02 4.107466718660019583e-02 3.862176042360000033e-02
3.752360997350429744e-02 5.047385271354451475e-02 1.152121530192893178e-01
4.710638698269635494e-02 3.594503971004557596e-02 2.366142643016144048e-02
1.878696346661306096e-02 1.356628714406762568e-02 1.984790699107045336e-02
5.062878342751735844e-02 4.443088676434069073e-02 2.507112153958415343e-02
6.469433915534228419e-02 5.574796709550024210e-02 4.228725724398144092e-02
2.137412831848204547e-02 1.387990356236200491e-02 3.568071505375224745e-02
4.649969402158651843e-02 2.395827634902439676e-02 2.797686315063013796e-02
2.432560498691786754e-02 2.274591417848587788e-02 1.487937087261297434e-02
4.476593850594784429e-02 3.172921882037502139e-02 1.953653897441394449e-02
2.416559428992959627e-02 1.514628903285022803e-02 2.187498344249073912e-02
3.027555771008239721e-02 2.879607916299171261e-02 1.780711626587080237e-02
1.560486188565845742e-02 1.554018033318118643e-02 1.954789199061871680e-02
3.221281960372753689e-02 2.757448497834444692e-02 2.564615868112796182e-02
5.376856853815855514e-02 4.774225423774804133e-02 7.765968622963656531e-02
5.035351816654305701e-02 5.361857440060045776e-02 3.274399264520155839e-02
3.188157099134713429e-02 2.082464594954681891e-02 3.960219569075858204e-02
3.557789558191627038e-02 2.835434383433448058e-02 2.011363068154102193e-02
6.340800159900346344e-02 5.298160270976375041e-02 3.440245258598283867e-02
3.086743924625097446e-02 1.843705917586801329e-02 1.461763264833484607e-02
3.439993224920114695e-02 2.451443775962279525e-02 1.736260009162518547e-02
5.648591432545483487e-02 4.127722340049701233e-02 2.326627152864272144e-02
7.548718480981254919e-02 5.383767171421633552e-02 3.227888605787156140e-02
9.395115602347256512e-02 8.719113305549675008e-02 1.166837835410769603e-01
2.931030994978714443e-02 2.431809221738635840e-02 1.256965670342898196e-02
4.382996751795688317e-02 3.162978031447059857e-02 1.968011281711048305e-02
3.055800397561033235e-02 2.755442763921151297e-02 1.914047403970541364e-02
2.817125233429873185e-02 2.653920387596849992e-02 1.196675263146731137e-02
6.132842586436050569e-02 5.722733337030129486e-02 5.120733971236791221e-02
4.051433666907532094e-02 3.925144165809808100e-02 1.464967871706894346e-02
8.563684203003948947e-02 5.360449280341166717e-02 4.427934213347942821e-02
5.274938031214202599e-02 3.813864091139658463e-02 6.885691031020990671e-02
6.101817807497200707e-02 4.916475617255423869e-02 2.601948411605375586e-02
3.155868473485432674e-02 2.679620541105240394e-02 1.973905246593338214e-02
1.375018540999266466e-02 1.609451143618909064e-02 1.712081161690820821e-02
5.140837838434935553e-02 5.997789641468556643e-02 2.921423540990109036e-02
4.567394567644750270e-02 4.900251483102978367e-02 2.503466774769776484e-02
7.071636981775093755e-02 5.518032507517046936e-02 3.960184887550746019e-02
4.091905593402091201e-02 3.328309402655910826e-02 1.947886580594863914e-02
3.214466024004716815e-02 2.899227851948874696e-02 1.235713654835284177e-02
5.287171207871082385e-02 6.367395640609566088e-02 1.510963634655547172e-01
4.961501114356581255e-02 4.826581319865323738e-02 2.914401324316167816e-02
1.932663458884734814e-02 1.958515227144386195e-02 4.036134925922976735e-02
4.287963976650786130e-02 2.691383506491844962e-02 1.480793729594473591e-02
4.000046776543259713e-02 2.727991464933479313e-02 2.129783077267350527e-02
3.209915522996293485e-02 3.810379920851859892e-02 1.789432807612189105e-02
3.688284875586964051e-02 3.912459690339874230e-02 2.280910684632091179e-02
2.460885482371202165e-02 1.334980347484242616e-02 7.032747063568834875e-03
3.858853802396630672e-02 4.641754295171250655e-02 5.969424745865601484e-02
2.638501792547223723e-02 2.024440597763138561e-02 1.845501361495461776e-02
2.249922592005374616e-02 1.939846443518257468e-02 1.378853625741595368e-02
3.231083805980707047e-02 4.189276509510731633e-02 2.165277682383582106e-02
1.966206415237458510e-02 1.472444382876167933e-02 1.073009810499128518e-02
2.293339952531785533e-02 1.251499572964646749e-02 9.442707049042035894e-03
5.871060368574696625e-02 4.078023937480743100e-02 2.700392165908751391e-02
2.308896374214658084e-02 1.853130612932972140e-02 3.650682842874177630e-02
3.241438454001898534e-02 3.029341824915910558e-02 2.358527641187705901e-02
2.499230764870377652e-02 3.075615302582948227e-02 1.537460615115093798e-02
2.829576415627382477e-02 2.739422934874711710e-02 1.071981751012884322e-02
3.165604531765554147e-02 3.517096389453257255e-02 2.774505854770648039e-02
3.755337338789167811e-02 3.384428890653321670e-02 2.981955692882926751e-02
