2.978743477768920275e-02 1.563439581799520514e-02 1.126481887361520384e-02
1.956843407755248440e-02 9.208946124464259184e-03 6.886410148506169095e-03
3.768404971009574334e-02 1.319140579893122479e-02 1.479353540930834418e-02
2.702380568752503834e-02 1.613822042035825688e-02 7.869038415392742847e-03
2.179890969121607916e-02 7.467957955811216526e-03 5.940793382091144083e-03
2.424718381405972789e-02 1.017112127941947192e-02 8.035160286421908285e-03
3.338343027828085535e-02 1.389966115423385898e-02 1.168966015109423537e-02
2.725128108688561895e-02 1.069822895920352970e-02 8.066087632890635295e-03
3.272282946699796302e-02 1.773756805371220352e-02 2.142896882600987124e-02
3.675289230618710573e-02 1.373775427036266587e-02 1.333267615912938839e-02
2.965789244895646742e-02 1.279577894220410711e-02 1.037715569078840466e-02
2.463583661285764434e-02 1.463099299231482124e-02 1.088614550141246175e-02
2.358253132619124448e-02 1.486598131542845452e-02 9.321946256743171219e-03
2.347092081519849827e-02 1.672627771429510690e-02 1.228789013194783730e-02
3.427854166046994527e-02 2.186006246381099610e-02 1.413173425647849986e-02
2.413152167442975810e-02 1.930371716801726478e-02 1.093269109917468021e-02
1.746641364159229326e-02 9.300151577750839782e-03 8.143822400511712550e-03
2.119743217264728058e-02 1.196354474242113108e-02 9.464493650431745828e-03
1.639032424243676289e-02 5.213082043120713556e-03 4.023326475408451133e-03
2.441397516342999965e-02 1.546765186726304850e-02 1.080401802955496988e-02
2.741248128790725602e-02 1.385151952087864020e-02 8.809545007766685087e-03
3.019787336170957209e-02 1.140562257084670218e-02 1.798021879185672869e-02
2.171152280038875573e-02 5.774293068791318782e-03 5.267656122391981000e-03
1.993165912029318948e-02 7.366454805715853989e-03 5.714856772061681876e-03
1.889169769670567475e-02 9.394805104834869081e-03 6.437912776976486250e-03
3.432307012308825206e-02 1.894169033842942051e-02 1.317617764689458376e-02
3.435806681369758114e-02 3.213527393632346907e-02 1.023620475672591158e-02
2.289789435407718968e-02 9.123725389795415627e-03 7.127494626194277698e-03
3.383056562911366388e-02 1.671943536485957088e-02 1.208201208515643880e-02
2.885727552608028171e-02 8.665991394019327207e-03 6.731259500680399771e-03
2.454697759718069139e-02 9.891139638732242625e-03 5.362967447250590464e-03
1.495314528733297614e-02 5.075537088161023377e-03 3.869971260029526385e-03
2.687045169836642725e-02 8.696390271439251307e-03 6.249423641937702258e-03
2.696934562374998789e-02 1.797173389813893490e-02 1.344634223076126775e-02
3.508271822050751387e-02 1.201648797763424197e-02 1.525572764790262235e-02
2.579430761762086660e-02 1.005310143280889988e-02 6.958403344348005996e-03
3.416139286343756326e-02 1.481106605868798623e-02 1.377308037099961822e-02
1.868830069122205673e-02 9.542174426855509761e-03 7.615183664012509235e-03
2.846721416527795562e-02 1.262101894957985346e-02 8.887668736375357870e-03
2.054633659731707612e-02 7.334600008660474395e-03 1.926772742166522239e-03
4.411971834241219803e-02 1.828910522199094987e-02 1.853467637080717656e-02
2.871578393825660602e-02 4.394170366550728679e-02 8.383010074355184971e-03
1.779321934119590387e-02 5.349839781204589195e-03 2.691338365554604099e-03
1.799507067510198663e-02 5.781058597342130997e-03 5.792584380032941675e-03
2.820278149130056589e-02 2.052403581572438337e-02 1.141427948151241267e-02
2.486676099477606178e-02 1.345501013814992888e-02 1.191495774251417894e-02
2.974868647545924477e-02 1.359667690605612968e-02 1.444359413055473079e-02
2.499381058188517371e-02 2.384392566301273692e-02 8.156935099325475502e-03
2.350235583041145049e-02 1.231213247266197200e-02 6.971725926173529160e-03
4.746398772672843352e-02 2.612568804150550497e-02 2.025764233812828857e-02
1.924806747618781552e-02 7.465051689492288242e-03 1.810443750106561361e-02
2.303636854374966833e-02 9.971378469195095462e-03 8.591599427485952997e-03
2.172672114815903804e-02 7.876672935396140246e-03 1.461214594894214881e-02
2.564168379394150474e-02 6.759868886152193765e-03 5.106149544708582858e-03
2.629267896538851207e-02 1.026720700312673019e-02 2.050986909896267835e-02
2.519707468738642889e-02 8.678496672076822099e-03 7.250219779090294470e-03
2.213826927863783364e-02 8.326823056976625365e-03 7.573792960547908772e-03
2.832807670186510141e-02 1.097062227347847876e-02 9.210481551274777093e-03
2.170161620936194441e-02 9.951079606028758254e-03 7.132731288018445692e-03
2.887509347173689359e-02 1.578069545659773615e-02 1.009057580909124285e-02
3.722238595817423806e-02 1.052263387372950540e-02 1.989525931733328659e-02
2.715398602332204717e-02 1.548464865061397085e-02 9.569644094945576121e-03
3.041003518835417793e-02 1.771407002054882496e-02 1.424892180336227027e-02
2.278488676323963194e-02 1.161376758593348976e-02 8.695569544700324990e-03
1.867912301086424934e-02 8.187282071786108895e-03 6.942781033274197933e-03
2.749174548833528686e-02 1.087492875286905081e-02 8.642489844313532010e-03
2.916458514518882605e-02 8.413022073776654092e-03 5.261884243583843726e-03
2.330126268913963739e-02 9.240274079700249582e-03 5.698451383096034273e-03
2.548937331746263871e-02 7.857026976074335534e-03 1.601163020764163891e-02
2.629191059366440056e-02 9.225582523722443418e-03 7.818111764542829203e-03
2.318850069554352980e-02 7.515133301847778773e-03 2.284142830212290004e-02
3.111036881016717923e-02 1.818893144095889980e-02 1.463790074859392179e-02
1.567824420744730676e-02 5.327655127180011899e-03 4.106894597401177828e-03
2.324869465968627119e-02 1.103307553063499064e-02 1.020136291854607628e-02
2.494235211028318633e-02 1.651787712624867149e-02 9.113290605083954748e-03
2.692043864999629776e-02 1.459607925990242389e-02 2.240017036180647417e-02
2.107559292071390505e-02 7.953254009225425858e-03 6.570161438738767248e-03
3.036050868285303586e-02 1.026833124427719776e-02 2.439550597841304985e-02
2.301952379322464229e-02 9.719782000793819599e-03 8.808953892482858025e-03
3.771904928461063816e-02 2.656413356669772019e-02 2.600674544138770541e-02
2.860185719542850807e-02 1.787433271537471752e-02 1.280051860533079622e-02
1.402553080251514074e-02 6.485758729744266204e-03 1.768570736664984086e-02
2.772033063671664951e-02 1.110503504617329877e-02 9.748968022144002127e-03
3.321182078668902249e-02 1.259515322994666543e-02 2.037003125650726013e-02
2.549654959894908160e-02 1.732798910477481927e-02 2.348379439638184629e-02
2.313704056823802022e-02 9.189165608463127979e-03 1.068266801263929866e-02
2.191148851989075871e-02 7.509372584800293529e-03 3.571869331404249181e-03
2.397124901222063426e-02 6.934712946192581745e-03 6.368836932424677515e-03
2.973787340985974137e-02 2.122452495008016193e-02 1.215307147173831995e-02
2.934894328415444537e-02 1.040638798653299377e-02 7.926192131831179960e-03
2.838721478159573694e-02 1.331972267421537015e-02 1.949287192349088635e-02
2.758417073801817596e-02 1.597417849869073314e-02 1.066107202347815752e-02
2.422790764689827098e-02 1.013964258279528331e-02 8.505947950819717912e-03
2.511775862079546756e-02 1.295323494556469696e-02 1.077231206155517158e-02
2.025865577085644506e-02 9.147091130727397212e-03 1.739248378652177157e-02
2.934822387949721778e-02 1.291053603028070873e-02 1.004932103636776465e-02
3.249997076328840773e-02 1.313074983431251376e-02 1.045359719660144543e-02
2.816260797291685394e-02 1.322505670560841957e-02 6.749106453084519064e-03
2.722333916591408720e-02 8.052936695951312326e-03 7.849665558287267572e-03
4.221759674572681670e-02 1.999758081246916924e-02 3.203338428202905791e-02
