6.108885979269847860e-02 5.750215798563450276e-02 3.326094650964993293e-02
4.148022765041893545e-02 3.632143075451251674e-02 4.852145182353378300e-02
2.469719491222665750e-02 1.063225857554497139e-02 1.891364992432707087e-02
2.570891120998633830e-02 2.054392321043514713e-02 1.660909715903636022e-02
2.732557223530251295e-02 2.104034693726884037e-02 2.774720117774228181e-02
4.215244804704280923e-02 2.516250582897795046e-02 4.073856090315328138e-02
3.468740219561205346e-02 3.712667174066995590e-02 6.443050930904030416e-02
3.235344500299612569e-02 2.023538344549225682e-02 2.067628262800622063e-02
4.908076420275418739e-02 2.860700510430788657e-02 1.979002875711382420e-02
1.971612928533390818e-02 1.281697132428522706e-02 1.182111145637420799e-02
2.693485636204199021e-02 2.267496186819546733e-02 1.183485387415306699e-02
2.807261620606450042e-02 1.811517679989555971e-02 1.658728034123163261e-02
2.337646357482128096e-02 1.682931638134721117e-02 1.045850128924371604e-02
2.723030039645972858e-02 2.975093348558601261e-02 1.520477905243115650e-02
1.913960664497224573e-02 8.891507845058517837e-03 1.279580252423234525e-02
2.125340743084445927e-02 1.367554940220692787e-02 1.253129380900835400e-02
5.499516738221420231e-02 5.182610890826763045e-02 3.116965002905180276e-02
4.180128052110165110e-02 3.440829220053482490e-02 2.657608808024839245e-02
5.592809487903711158e-02 5.092611067774123479e-02 3.611812409915273608e-02
5.252190509185619693e-02 2.305868632316723094e-02 1.328722635087009954e-02
3.505939460366331445e-02 2.249057857039528027e-02 2.629115049667856210e-02
5.056098309898547638e-02 2.396519138300456236e-02 1.293546078372163378e-02
5.779300996792828549e-02 3.080335366259273969e-02 3.495873202900448562e-02
6.225635647867019951e-02 4.244903486957234823e-02 3.802819921924388558e-02
5.799431026748050333e-02 4.741223776510117283e-02 7.332277484029826875e-02
2.531774777883827321e-02 1.064277046144104441e-02 7.611371846567849264e-03
2.814661971257069462e-02 2.497951051760549657e-02 2.046896819095267092e-02
2.249561818819095435e-02 1.162622977084772947e-02 1.465997891558015395e-02
2.531517714237271899e-02 2.546880264816367423e-02 1.275987970059924183e-02
3.776964997199940693e-02 3.429222735661034693e-02 2.397031270193247104e-02
6.491580035779266622e-02 3.268644652291542718e-02 9.146758873124739841e-02
4.479640493368325371e-02 3.327700187648358759e-02 1.497036709716048804e-02
3.386068090331576658e-02 2.288286305114890090e-02 1.848344790999457629e-02
5.244251571501789416e-02 3.298388471371793002e-02 2.357699159285650894e-02
3.344902184386560479e-02 3.649180593974860054e-02 1.834071795354821205e-02
5.580164962514453514e-02 4.813158931847410366e-02 2.811243176729635862e-02
7.901854827589585573e-02 5.844138708844300034e-02 4.025586335155120765e-02
3.042180936103877631e-02 2.122050205351095481e-02 1.498314626429696900e-02
2.138308734372970990e-02 1.538520403256561815e-02 9.771218752023002815e-03
4.004695991370882391e-02 2.595209745344384186e-02 1.922543867155373024e-02
2.782002611083121690e-02 1.777627481107089263e-02 1.009779494051704640e-02
4.829449980114824958e-02 2.763410510008698640e-02 2.215229152968180640e-02
3.676955101199572140e-02 2.169008390243256160e-02 1.824738203195536493e-02
4.785369022194004007e-02 3.497160654998102830e-02 2.780112281288483686e-02
5.366681344334944814e-02 4.646883266235286164e-02 2.831143582753946342e-02
5.207287669258762325e-02 3.016940520052792743e-02 2.834807927302831349e-02
2.764191088824431708e-02 1.972745909975155004e-02 1.196147890454516728e-02
3.418761257130952663e-02 3.293633218371369575e-02 2.664388219322179341e-02
3.942269203407377381e-02 2.848436645011185459e-02 1.032353324700034485e-02
4.608059873355022790e-02 3.840675723923315382e-02 2.438303285664575326e-02
3.334342831224106074e-02 2.176802322771426504e-02 1.988939304531712679e-02
2.710617742740191807e-02 1.767867284436398789e-02 2.419960522155877730e-02
4.511249591503060929e-02 2.894400580788852179e-02 2.022635982601690349e-02
2.801895419791132491e-02 2.202988166658416055e-02 1.079374166142590616e-02
3.222506976617709601e-02 1.566127382372906746e-02 1.173319944635770572e-02
5.295088833600426759e-02 3.947966262849487984e-02 2.927120738197286007e-02
3.056236139802595217e-02 3.012199948298150548e-02 2.262556008517432535e-02
4.877810806464517174e-02 3.943737751211030124e-02 3.261049464919919816e-02
2.609772951056579457e-02 2.550012364095831374e-02 1.468448003568592099e-02
2.037429199598645574e-02 1.086160836670460247e-02 8.384827984188334207e-03
4.130240747562390763e-02 3.563577465591416527e-02 3.131500072752239211e-02
4.116957273189769673e-02 3.171060485890325048e-02 2.165760804058394426e-02
4.368038642537225291e-02 3.948887107185499595e-02 2.736349943745578633e-02
2.576079298706364373e-02 1.426279766989201579e-02 1.151563280710044164e-02
6.248018739521955800e-02 4.910491582767298469e-02 4.494083772617750439e-02
2.227733617966670687e-02 1.956634583561155799e-02 1.035626187897521235e-02
2.689490976710511017e-02 3.571372175610129651e-02 2.454169331851255992e-02
4.161451243455275423e-02 2.578801010582951886e-02 2.184923361484245735e-02
4.564396017212741380e-02 4.323696778119828082e-02 2.954480562640247193e-02
3.195327039107723199e-02 3.595163802665776037e-02 2.609901151475110814e-02
4.442657479083356176e-02 5.534392771336844874e-02 3.053416014123484790e-02
4.028362607421365899e-02 3.638192732611778002e-02 1.189167773481632495e-01
5.672242811545092495e-02 3.544788582104033137e-02 3.528065627367998891e-02
7.043849464426686635e-02 5.195152760348957510e-02 3.283126821793945493e-02
3.705097822171375677e-02 2.592722807978237870e-02 1.362675476232838405e-02
3.984399319729375194e-02 2.508172523874219531e-02 1.617101016284963264e-02
3.558757674644209140e-02 3.587597795697072128e-02 1.878244705158742950e-02
2.066473637814606606e-02 1.525308782133599945e-02 8.707921684009242019e-03
3.768720870826752084e-02 2.705208692386196906e-02 1.910355855629142577e-02
6.704093149607640023e-02 8.584980655587057252e-02 4.120614530855072621e-02
4.304334449615111746e-02 2.715116619972548356e-02 2.370761352984242579e-02
3.480548184016064167e-02 2.335350173312000094e-02 6.486531069876989852e-03
3.002164172624910421e-02 2.193685975920305065e-02 1.691502813971577576e-02
3.204774998722368512e-02 2.481061502884033751e-02 1.789103954066173854e-02
2.037384951849518719e-02 1.404555566225114058e-02 1.041999146968479277e-02
2.424339014730641020e-02 4.060637394411069356e-02 1.856713710491125421e-02
2.676683304771306990e-02 1.389047258983151095e-02 9.599438343158196371e-03
2.997539025461190207e-02 1.990937718408096122e-02 1.346630705733693582e-02
3.476252057584719446e-02 1.712797807238195316e-02 9.872292732462407960e-03
2.145323973701708173e-02 1.080609309586483616e-02 1.444426157982598227e-02
3.885284616344168718e-02 2.785092647417866316e-02 1.754920900066336484e-02
3.831441390559526400e-02 2.460327009797967646e-02 2.313198111749687966e-02
3.958978664295793176e-02 3.485473328228221729e-02 2.373434447901886374e-02
2.680900731544868035e-02 2.072303595686986882e-02 1.611367021212226081e-02
1.571038982139748297e-02 8.385032297446758792e-03 1.039629790529115853e-02
2.141209641915022346e-02 1.694001545944007203e-02 7.543365038514865568e-03
4.386827493301501124e-02 2.862355948966741406e-02 2.919928450398460648e-02
2.830814747377619761e-02 2.930151569020791880e-02 2.147483787672973404e-02
5.319065594332258312e-02 5.906851906908522354e-02 2.028146298362585448e-02
3.348300664495837409e-02 1.992975342629896979e-02 1.861431849713069894e-02
