2.396177160763721115e-02 1.208383646129541043e-02 8.495651201691000604e-03
2.638886494843013450e-02 1.751205699106845454e-02 1.471339128477568668e-02
3.076272940346981913e-02 1.648321378277499069e-02 1.115472379697715274e-02
2.632000999835558755e-02 1.183988218102524116e-02 7.280485446481576271e-03
2.767267007490456857e-02 1.943787523331937800e-02 1.307599045164486475e-02
3.208432436300959201e-02 1.844980325072637789e-02 1.592016708691053675e-02
2.701289694686392212e-02 1.459346492788591090e-02 1.387246965088903029e-02
2.968100809096308260e-02 2.253122432416825027e-02 1.745044731556107467e-02
2.241591181361456478e-02 1.388862597989671752e-02 7.589637540795952063e-03
4.928741023510934544e-02 3.045198465292509038e-02 2.423540899942110832e-02
2.710111346139802008e-02 2.519425440898947002e-02 1.544499093745656075e-02
2.595485474759107875e-02 3.344708521783940763e-02 1.527549036927280252e-02
1.879422465656739594e-02 1.338056072843397080e-02 1.349029397399433873e-02
4.391237241040066991e-02 4.506870049354127356e-02 3.411598557985083546e-02
4.973565477351786501e-02 4.210214684703331156e-02 3.222567242362914947e-02
2.437868808007728413e-02 2.050068495593334109e-02 1.152135805617859887e-02
3.317371267575567467e-02 1.854186524416078646e-02 1.795358258486679306e-02
2.504928268318250620e-02 1.463521248960896436e-02 8.962651040144835671e-03
2.024202210493558640e-02 1.252847882535374109e-02 9.307684347722881835e-03
2.887786054943660904e-02 1.274968296324602290e-02 7.739342826620737754e-03
2.480475575159918344e-02 7.911322658383505846e-03 8.997207368272619118e-03
2.603705042792466701e-02 2.352072161302751555e-02 2.107096554438295938e-02
2.242124834669460137e-02 1.410461598665570075e-02 8.928261999692486614e-03
3.472009842973690363e-02 1.581462763865089730e-02 1.643375571199532509e-02
4.583359090072809672e-02 2.925418282382290930e-02 2.411937603338648248e-02
4.544824452710235357e-02 2.734124009959907828e-02 2.252581683945993965e-02
4.649772441329646372e-02 2.298196463522018257e-02 1.839883045262493896e-02
4.954462811668647326e-02 3.030365707587646604e-02 1.839117432091678592e-02
2.327124381177415186e-02 1.127977799047190019e-02 9.683620889000788337e-03
2.740433980235043934e-02 9.305188319974806027e-03 7.752918863058638581e-03
2.842472086960473945e-02 1.921876475509318866e-02 1.396812703001120738e-02
3.999818273944322211e-02 1.397949077439711654e-02 1.468127154882033561e-02
3.646092079765120980e-02 2.679894920335263581e-02 2.553795127477179183e-02
3.430502200549119529e-02 2.538222750460455979e-02 1.918191619315934987e-02
2.509427707607389882e-02 1.602558073873461969e-02 1.123112941236472165e-02
2.949316685609257652e-02 1.757097303479866410e-02 1.354692928708817537e-02
2.473252192571523747e-02 1.912536456655956202e-02 1.222426630685767221e-02
3.576832325457897366e-02 4.786183180438782075e-02 1.783379417156580327e-02
2.084146440770251810e-02 1.473781642809240608e-02 8.879497119313408196e-03
3.150377631738222883e-02 2.583028482050983565e-02 1.518958261728521608e-02
3.203466519360993747e-02 3.456128412416668849e-02 1.783069779075967948e-02
2.362644180812267097e-02 2.120236056412753978e-02 8.842803287842527366e-03
3.131208520753597790e-02 1.795573099531719632e-02 1.477938725741661553e-02
1.328684362910717044e-02 9.031012741551434561e-03 5.926509350455362590e-03
2.725338895974083187e-02 2.189585228962873109e-02 1.368464117515840774e-02
3.647386277871857846e-02 1.485251440138397189e-02 8.774513724494720571e-03
2.520442949701383328e-02 7.084139539748544184e-03 1.149528335742603692e-02
4.844667060353433780e-02 3.928547209647263727e-02 3.675190761470160244e-02
2.017831914727075474e-02 1.330173805993709914e-02 1.090259272632579726e-02
1.896561426161186975e-02 1.019118948858179462e-02 1.058971328956718333e-02
3.877823199164490142e-02 2.876103902571348209e-02 1.399452444525568079e-02
2.485536575599715803e-02 1.249663235136206675e-02 1.035997330815706732e-02
1.248823442207726113e-02 1.706716799842000754e-02 1.262041880435304554e-02
2.824471357751608819e-02 1.706820429955326762e-02 1.037353426712429513e-02
2.307743685432688333e-02 2.746806877123422058e-02 1.228938691095749804e-02
3.043689853367010159e-02 1.754186598307960754e-02 1.762346420997682947e-02
3.213164008827016499e-02 2.537874850948629996e-02 1.592590989124673465e-02
2.318505169379215733e-02 1.824761675426080434e-02 9.382968498771411536e-03
2.959593069924515776e-02 1.715465068059972981e-02 1.276265343206061179e-02
1.904565506048939635e-02 1.923936391275326077e-02 1.317662787380166102e-02
2.445799124731787982e-02 2.437528959252258792e-02 7.307855111918021979e-03
3.612712915846798961e-02 2.246231307292527457e-02 1.924257505574249530e-02
4.180104848819996693e-02 2.539909524510525207e-02 2.058870714545161726e-02
2.608427012712050824e-02 1.706900469315191654e-02 1.401819938921943474e-02
4.471861563362217185e-02 2.965327902509298091e-02 2.296867859381183583e-02
2.793734543383549415e-02 2.038355469907950079e-02 1.475622491954524558e-02
2.840535621908014258e-02 2.681473843239127325e-02 2.050387314558142424e-02
3.023563302629205321e-02 1.039419211013676084e-02 9.719067306438400333e-03
4.739174578852302366e-02 2.194649668711121451e-02 1.866706379457266224e-02
3.997985789637284459e-02 2.018555208373918122e-02 1.687168519313126183e-02
2.745211927830434537e-02 1.161007592472318092e-02 1.378984432200987265e-02
1.714685251596800852e-02 1.614490037412455795e-02 8.599859118804955085e-03
3.243285287232319791e-02 1.583530589607853173e-02 1.436694786751279915e-02
3.115297725052984870e-02 1.942986779967018074e-02 1.459150824636916075e-02
3.608084375361391566e-02 3.030205898915147578e-02 1.685721117946308023e-02
2.032066142405297704e-02 1.861008814310339404e-02 1.396909018454740511e-02
3.309186317167740754e-02 1.498182437760554007e-02 9.660244528001354566e-03
2.873589186281482952e-02 1.455544817536628260e-02 1.120949691482104292e-02
2.157769313090969823e-02 3.712736823064794606e-02 1.547212660368886203e-02
2.660177041496657874e-02 1.524500402664901236e-02 9.387180571517843644e-03
1.900580119716809707e-02 9.859829362287964027e-03 8.381875158163078557e-03
2.074157837281936576e-02 1.371623647016810034e-02 1.402627327056019807e-02
3.111008301804917692e-02 2.120593237655757357e-02 1.348657603009749059e-02
2.682786437076283698e-02 1.677079245231688845e-02 1.462060737962788369e-02
3.682467207845138701e-02 2.264404474256794669e-02 1.965408168870282080e-02
3.174945147067861906e-02 1.835019717101678619e-02 1.576707404149801581e-02
1.614227766952069237e-02 7.080080865382351596e-03 1.148184067625923621e-02
2.642001260191405645e-02 1.960883219214281867e-02 1.206513081615047042e-02
4.285194432849399188e-02 1.840507406859954662e-02 1.586506855882206454e-02
3.413004575173374244e-02 2.582718935098078997e-02 1.696449433727878833e-02
3.534780515405416129e-02 1.785391934282441057e-02 2.557777116763204281e-02
2.531077423108125252e-02 1.135894690497234183e-02 8.903943599022731692e-03
2.093744623343690020e-02 1.433875770922370292e-02 9.834293717063850165e-03
2.233582302268259309e-02 1.583288417311866370e-02 5.078748456710415263e-03
4.129103440822092658e-02 2.188066284711642079e-02 2.377956495483653926e-02
3.203531455501894276e-02 2.441970944748929340e-02 1.563417910942445366e-02
2.736699298962735893e-02 1.902041496237176846e-02 8.181032597733162853e-03
5.549559576151123774e-02 5.121155881706097174e-02 3.756034900672686888e-02
2.540528485688266919e-02 2.019658667773260516e-02 1.730315973599419813e-02
3.552549502690941635e-02 1.798003142931407089e-02 1.809187591827811012e-02
