5.350263342833876112e-02 2.522806723345707644e-02 5.073238726829266965e-02
8.486223880518280194e-02 6.530525862003427884e-02 9.783451968555162415e-02
2.521168350999760180e-02 1.794492386954293223e-02 5.354804949718825618e-02
4.701664028039194421e-02 1.760178726018068324e-02 5.894860483336417795e-02
6.145475547880993594e-02 2.909758943265923492e-02 5.934975203188440351e-02
5.861472137366535023e-02 2.410458440394942781e-02 7.364377305705106791e-02
1.024220529122231577e-01 5.579943411199450587e-02 1.149773636538813371e-01
5.172188628903348628e-02 3.332685984205283752e-02 6.750245415621666800e-02
6.754976050276996491e-02 4.821298730447692860e-02 1.136636713336535154e-01
3.815057875573690804e-02 1.780456374028201866e-02 5.049413847972898661e-02
9.154378345169619791e-02 2.573241900288092063e-02 9.601890434415781550e-02
3.719706517078763541e-02 1.153688258787790438e-01 4.130983174852126405e-02
9.014455997208656313e-02 5.196691467985876944e-02 1.229824671738582453e-01
6.003708017470247432e-02 1.844861665995167765e-01 6.141002204666870523e-02
7.201843018887522929e-02 2.445491673141864108e-02 6.640991589889132241e-02
1.253149761743388990e-01 4.497005997041039760e-02 7.581260027572099547e-02
4.774656553235782919e-02 2.622548970332378229e-02 6.821277648580453823e-02
3.959286200401494760e-02 4.157301677235993032e-02 8.206640628769520940e-02
7.022182751698881342e-02 2.243411202071122351e-02 5.320649797368161987e-02
9.426724739555744637e-02 3.676320224108124701e-02 6.531013987682945943e-02
9.182049071318125477e-02 3.603289987566053038e-02 8.884818436911258444e-02
1.234182934495491185e-01 4.822223931772373628e-02 1.122000240165966223e-01
1.224571341209300945e-01 7.453841234957486739e-02 9.579417333273931856e-02
4.933743005058462833e-02 2.490716915355026609e-02 7.653559421927812190e-02
4.284071518556693825e-02 2.604933551553191909e-02 6.254105932090320286e-02
7.215865300130991367e-02 3.001481458942742431e-02 8.512720246751055708e-02
7.252086893718384664e-02 2.653807609067793810e-02 7.433629119910337146e-02
5.818046982999717370e-02 6.484640645499684108e-02 6.270728702547376243e-02
5.663405848587719366e-02 2.042381621890336507e-02 5.810526759610759595e-02
6.201555933276063637e-02 2.361522438679501679e-02 7.980588067916392914e-02
3.860914228044263347e-02 1.882700608599574901e-02 5.731962319025012131e-02
3.331813818348147022e-02 1.898428490846755523e-02 5.433662771722481966e-02
2.299419355439311780e-02 9.937124990192523766e-03 4.147514090188569869e-02
6.105170665255395257e-02 4.271576192999609889e-02 7.489579115351122085e-02
4.966197917004064322e-02 2.584894862547190003e-02 6.867757743694098693e-02
6.392059419367143724e-02 1.233033543046213945e-02 5.993119568086855559e-02
1.032593533177354056e-01 2.392007096169858349e-02 7.659422120132686196e-02
1.158291287343418269e-01 6.590947566493290943e-02 1.265689415198427981e-01
5.678114627095764977e-02 4.948569504635206423e-02 6.513633550218446422e-02
6.594071401652100428e-02 3.629634255909602869e-02 8.373813704955662685e-02
3.845344789049376377e-02 5.500083890448344281e-02 5.252441745858969779e-02
5.767666620194859817e-02 4.050650355582494089e-02 7.585643362452415550e-02
6.788661684663274687e-02 4.319888113142235364e-02 6.736240445916713560e-02
4.762469924064448301e-02 1.224208223788127714e-01 8.105342916536990849e-02
6.005213729001007000e-02 2.075940541990328736e-02 6.537446708862779121e-02
7.554082664284744730e-02 1.446572192369059984e-01 9.198927334782605603e-02
9.368955434084955125e-02 2.708224931142006603e-02 7.426153828012810321e-02
6.918457891014463679e-02 4.913705807783833729e-02 7.577906517347388071e-02
5.538657230317745039e-02 4.537294316429901775e-02 7.371959118512928788e-02
5.086812838806655662e-02 2.639878260254200151e-02 6.611798619806506794e-02
