4.392765738848734142e-02 2.249452585516545020e-02 1.840408590164598068e-02
2.723661834224494482e-02 8.094101718686682462e-03 4.474227969832662855e-03
2.510536947894292936e-02 1.947992174479473357e-02 1.043536083039463963e-02
1.587736814908216262e-02 7.158147813262424539e-03 7.141632911894159330e-03
1.909950192752214726e-02 8.146246381926347535e-03 1.498363919315010874e-02
3.016446859282929244e-02 1.160517110532134286e-02 9.973962732196788722e-03
2.902076627124239999e-02 1.321195519589990139e-02 1.908717129994036421e-02
2.114397084644130398e-02 9.515902981565453611e-03 9.158630115454171466e-03
2.920381571742849611e-02 1.470210062544621485e-02 1.151422457191691832e-02
2.714056043018255732e-02 1.717727415277075717e-02 7.739196344614441420e-03
2.559695797204733850e-02 1.664138423736358230e-02 1.926934898546067351e-02
3.111204119299535234e-02 1.198787361167722408e-02 1.480596311601929324e-02
2.518998737709267008e-02 1.048471700263360271e-02 9.496484693084141643e-03
3.383974590757680978e-02 2.356483882871956287e-02 3.048804512612232620e-02
3.577531821736812390e-02 2.666974241204044666e-02 1.545256363795477310e-02
3.946308752246673740e-02 1.777891401727327986e-02 1.821757484727846987e-02
2.449449219626909091e-02 7.243930929623549134e-03 6.746533866770308176e-03
2.194403440364185026e-02 1.451264320835240866e-02 1.620858114668964622e-02
2.218904625371865766e-02 1.127604716544011385e-02 1.983308601749052963e-02
3.667627505685652073e-02 1.710250704392754506e-02 1.415007840669977451e-02
2.558176511005293488e-02 7.693791700693131293e-03 1.261144717860531936e-02
2.213749730755095596e-02 8.850584659809991248e-03 1.810328152859700182e-02
2.538079469919658770e-02 1.793488780889581496e-02 2.299376497981602332e-02
3.332193794361736766e-02 2.815507126736867261e-02 1.584002860090403392e-02
3.416787119851263238e-02 2.177778788774024921e-02 1.594673100352836034e-02
3.657427950839624298e-02 2.285084546129826505e-02 2.116320901070992827e-02
2.682171919057920254e-02 8.164241696700763953e-03 9.745957797358208510e-03
2.659061047703758368e-02 1.146219819727276393e-02 6.017243901142284301e-03
3.655368429188949470e-02 1.705510143359042705e-02 1.827846004971710875e-02
3.972358237680045229e-02 2.667250764751370046e-02 1.997338679130420194e-02
3.371392304720749467e-02 1.263261983571010647e-02 1.311670161041904835e-02
2.740172552694025362e-02 2.170853245356613517e-02 8.125761785181135829e-03
3.180239850337304025e-02 1.858202754613580074e-02 1.743555388457596056e-02
1.979023410906804656e-02 4.283957702662068850e-03 1.031906986281063560e-02
2.768945245047644069e-02 1.398052896054430630e-02 1.177924058841469356e-02
3.493378003490586053e-02 1.927026258065915945e-02 3.038617281066034043e-02
2.985269041333523179e-02 1.251970560841574737e-02 1.805153590681559880e-02
2.823779495893748853e-02 1.687682318906497461e-02 1.840379457125626561e-02
3.440535213881946996e-02 1.751681859618341511e-02 2.173673209346553906e-02
3.031087039863920515e-02 2.248914427310441666e-02 2.156169118377311220e-02
2.604388483636129945e-02 2.092410740386023080e-02 1.792322421357013876e-02
2.974784088235838883e-02 1.268387752811496981e-02 7.423564840474692131e-03
2.399032923372109230e-02 2.250524560514293587e-02 1.911490536956029357e-02
3.461970895057944059e-02 1.846207361660399254e-02 1.208977518240527543e-02
2.193867069112928614e-02 1.737982186695225667e-02 5.661939328678531821e-03
2.730828455852206404e-02 9.451678133494326520e-03 7.849561079919990456e-03
2.290346974291286239e-02 9.476925838342573072e-03 7.974851699682974568e-03
3.462206557766323717e-02 1.572110280478805633e-02 1.945144776829568767e-02
3.728119538715100878e-02 1.925062785355433764e-02 1.895457509093098278e-02
2.652288204305755168e-02 1.992628937997124178e-02 1.332735119563997241e-02
1.859331380925121485e-02 1.009969173254900848e-02 6.897789839232549430e-03
3.863031954905717796e-02 1.319286347733290843e-02 1.511005245955718453e-02
2.600823459196328208e-02 1.354436724799696831e-02 1.636424587443237669e-02
3.264222970855889389e-02 1.070508676741681146e-02 8.666166329438635546e-03
2.838101602995858619e-02 1.597735334576852462e-02 1.433607703100382366e-02
2.395599122736579573e-02 6.495361589121409485e-03 4.112681080803413415e-03
3.307166397909989952e-02 1.555754593146417217e-02 1.120417047250661484e-02
4.763530572395881929e-02 2.556808129427882298e-02 2.515952695128492733e-02
3.159411782705415228e-02 1.147303882470411887e-02 1.123410937150381636e-02
3.317935433084660130e-02 1.087803885676967564e-02 1.964045028725917852e-02
3.364466903148247839e-02 1.698300752402490468e-02 1.460333523378934927e-02
3.222415795485041035e-02 8.751688822493049885e-03 7.723609362858895044e-03
3.458096178122016529e-02 1.697963284219054445e-02 1.616826004266552069e-02
2.466708734692736604e-02 1.270906098733412190e-02 8.241926322476328740e-03
3.149172037650996986e-02 1.238659850061533257e-02 1.120329173338491247e-02
2.932124178582106236e-02 1.764151813474132760e-02 1.321115915528761967e-02
3.086756350825098708e-02 3.673559712356994078e-02 3.102474218698779776e-02
3.255783000165344415e-02 1.987410333459087297e-02 1.602200794301118086e-02
2.921402685060848006e-02 1.020807027421863876e-02 1.076452294509002913e-02
2.638365711982294110e-02 1.639275703017425978e-02 1.126435653133477967e-02
2.140340143621950741e-02 1.016175715953892417e-02 5.138111884499251512e-03
2.775498749926593248e-02 1.997659706567206719e-02 1.106617859289499121e-02
3.164846087661998125e-02 1.246144452832761464e-02 1.280556543280978420e-02
3.163932884872854012e-02 1.655915647481582403e-02 1.340569174879550039e-02
3.945590155997999449e-02 2.306455349037171004e-02 2.735140906756734075e-02
2.171545286863137483e-02 6.895048017232978041e-03 5.346335862690636612e-03
2.419975738509807378e-02 8.744525495293271194e-03 1.247119935303728049e-02
3.180237429687372830e-02 1.709483732856420871e-02 1.657654751000470911e-02
3.703714723228153372e-02 1.237296874958179402e-02 1.517956477171516008e-02
2.065056724953852688e-02 8.559188625621268892e-03 1.292232834667704673e-02
2.163789400371277094e-02 9.826376309881772533e-03 9.213203462535247620e-03
2.866323859993085907e-02 1.295856627636984143e-02 2.602354292291435625e-02
1.960763478888641678e-02 5.674037681070876610e-03 1.406441174079119116e-02
2.951388665549267709e-02 1.603390615963519797e-02 2.908667694345463961e-02
2.614240768706771120e-02 1.407922982245743068e-02 6.807219244511048331e-03
2.402796477770274830e-02 1.337636840351877354e-02 8.761082811916809723e-03
2.907336225441357197e-02 1.834138655869645834e-02 1.107529491528525326e-02
4.290995240274936284e-02 1.749189693448015975e-02 1.524871529538863665e-02
1.809536203507595628e-02 7.269954571230074006e-03 5.313697413334253147e-03
3.113571890534678338e-02 1.449140546513303859e-02 1.087788419715575959e-02
1.561587816554648941e-02 9.205905922891945495e-03 1.686345785224619906e-02
3.464534242400386238e-02 1.573446552345282926e-02 1.692546369539002157e-02
2.308315270106075720e-02 1.143307655019251169e-02 7.354970977624289419e-03
3.177523140347004310e-02 1.268043595875827448e-02 1.167225579427112053e-02
3.947315685857705897e-02 1.393951866535410658e-02 1.138537225621825445e-02
2.978345618702779585e-02 1.596423385011379315e-02 1.323041964698108176e-02
3.974384593770273477e-02 1.760392789673146524e-02 1.478018586439041812e-02
1.907229662100554807e-02 6.071053277838935752e-03 3.762865236833647532e-03
3.492668191763523972e-02 1.693796124284279933e-02 2.493247132668957242e-02
2.924254173559755199e-02 1.421122066685554831e-02 1.282175113649526924e-02
