9.233914534537948637e-02 6.077258864378613790e-02 1.105689984245602636e-01
8.588817466140578893e-02 5.439048857851314783e-02 7.813534206499564427e-02
6.796154481558450144e-02 5.531110971149552635e-02 8.094954226990443147e-02
8.329911346281222706e-02 9.077394080462734827e-02 6.551904825010618216e-02
6.260354627598938015e-02 5.572562912170450633e-02 5.195946020674092197e-02
1.205180722547741501e-01 1.259477017166492074e-01 5.776774940262139474e-02
5.399006390573969638e-02 7.774453498959871256e-02 5.244641349152907167e-02
7.286729189736336487e-02 6.694456321922927222e-02 8.049939957217992770e-02
5.772272534370326280e-02 4.495416389243524213e-02 5.447772523510464177e-02
1.002409940331413923e-01 3.210461088626447718e-02 5.576691869900600451e-02
6.265306625754339664e-02 4.972032640811059612e-02 7.048549085148728133e-02
1.689675666847895996e-01 6.908107969170571017e-02 8.237262011902159176e-02
3.497556182671587854e-02 3.013742696283276679e-02 1.283604700079762628e-01
1.065485268912937239e-01 3.557940861047924341e-02 6.178572463195369791e-02
9.957336516434980855e-02 4.196119333035724930e-02 6.204531814373007159e-02
7.750775247665375733e-02 4.733127544172369833e-02 6.967015701145931605e-02
5.006473413980666587e-02 3.660049451040872648e-02 3.853396418213194535e-02
9.329742884405324566e-02 5.427587274597406308e-02 6.230856399150516006e-02
1.479662301143414849e-01 7.031146286672455836e-02 1.016829184572572153e-01
1.026697638361072085e-01 4.742421544258751398e-02 8.043318908612537288e-02
2.795480566898631003e-02 2.831897401012922061e-02 3.851121362350580501e-02
6.599286433292202159e-02 1.460580832250979455e-01 5.196541562494522842e-02
9.421603510832392281e-02 9.240332407180462670e-02 7.186308799917312529e-02
6.168292963896913894e-02 4.620386115816802614e-02 4.579692625740595241e-02
1.519222569182884786e-01 4.426335200257793673e-02 1.442707710444949276e-01
4.984785069170143135e-02 4.740832000620746889e-02 7.054858610028894028e-02
6.972072580957189292e-02 1.311869043051313785e-02 3.016158677197010307e-02
8.133107420254584441e-02 5.339395165406390226e-02 5.292217115366272540e-02
8.199606252868811562e-02 6.024743759732743842e-02 5.809655358684850945e-02
5.288093190024408669e-02 2.339038988606377545e-02 4.515284110633257381e-02
1.094122681607327952e-01 6.007556068895469892e-02 1.774730412063085794e-01
7.844997504247072651e-02 3.375425742204713614e-02 5.000960004939847964e-02
1.889405166371661837e-01 5.715739577271716082e-02 2.013487472619536200e-01
4.764117990178603351e-02 8.468643331525256279e-01 4.191833241154453021e-02
5.479495874102875697e-02 6.359428552465552775e-02 5.146151315083503930e-02
8.609947431969547371e-02 5.224028455921654601e-02 4.761605026037883659e-02
1.072629766287242770e-01 3.245673183426187047e-02 6.278547256775159069e-02
4.362166507014787059e-02 3.625783766103568562e-02 4.064340591744537712e-02
6.044885068909942177e-02 8.870599074130111616e-02 1.453399170803009732e-01
7.503768635337294823e-02 5.819786897142786852e-02 7.208867718632505639e-02
6.549338393083597998e-02 4.527764125548155300e-02 5.468148694531907439e-02
7.309615458601531612e-02 6.069157126237586380e-02 7.795246198275587735e-02
7.181408193880164936e-02 3.967565164745180950e-01 6.709696473916076931e-02
4.080328385560551968e-02 3.404952070450990853e-02 4.506627158642963898e-02
5.703725197289410964e-02 3.987973526965346571e-02 4.927549383586128651e-02
1.050115781550395311e-01 3.896300708238301796e-02 8.559964750081264229e-02
3.404103776651812990e-02 1.961149549067230796e-02 3.357537394700137179e-02
4.942348082994346692e-02 3.551993330973968882e-02 5.017817091839069099e-02
1.574906243307805376e-01 5.671213083146951078e-02 7.005074640677677600e-02
8.105546105119688927e-02 4.271812662643689751e-02 4.980115633496760841e-02
