2.459364290972428091e-02 1.627973781394370656e-02 1.402624403067127649e-02
4.994525289995470352e-02 4.512360845833626732e-02 3.139114242950711425e-02
4.268494647672440440e-02 2.872751235092830743e-02 2.365758936481741209e-02
3.684551254482511945e-02 1.965707215293716753e-02 1.314913314308564611e-02
3.407568861753780542e-02 2.270250012535365500e-02 1.745149951395136984e-02
4.635590615682204374e-02 3.101802377754535323e-02 2.892370207730650400e-02
3.535765367412950499e-02 1.876268787324026494e-02 2.133817873024186629e-02
2.631846605074852213e-02 1.063973022056034778e-02 1.547359457669547807e-02
2.697388086253915337e-02 2.239889729695987430e-02 1.671698347723009695e-02
2.649660985909467470e-02 1.136167316193284482e-02 1.268794756894072590e-02
2.873679814404774685e-02 1.440548926658643744e-02 1.189729416485160382e-02
3.462266016494081750e-02 1.803030321917697271e-02 1.735476118121376254e-02
5.528794672282592859e-02 3.329912896198363587e-02 3.090880264647821382e-02
3.718088743296269622e-02 1.847371616622112481e-02 1.101841671148096231e-02
3.283725634475134769e-02 1.844116325202991083e-02 1.951473545961910500e-02
2.898776420473685514e-02 2.010042597477040144e-02 1.446221988654135954e-02
2.066192265398519162e-02 9.361179263715716653e-03 7.931296575315278929e-03
2.696683858384753621e-02 1.550798899594031492e-02 1.405589131594979155e-02
3.528598687951353674e-02 2.156734101706159895e-02 2.119945037750015776e-02
2.205450578691174265e-02 1.990741595543507603e-02 1.432756233141524449e-02
2.661886671066961488e-02 1.989127806795017162e-02 5.236812936771349097e-02
3.286047481995323788e-02 3.298133688334077551e-02 5.771351613254730589e-02
3.585394458519929051e-02 1.870930304883804476e-02 1.507595679270755211e-02
5.613343450262323758e-02 4.034982428896069506e-02 3.752436033098970058e-02
4.869910382502438961e-02 3.980138180908436574e-02 7.411141663362147414e-02
2.083277322871211062e-02 1.447684709448241944e-02 1.181893052572065977e-02
3.602273888599827334e-02 1.576714699541565887e-02 1.007029041281143344e-02
2.164217824307703222e-02 1.278299238911603450e-02 1.210461457073411934e-02
3.126439859614634637e-02 2.287134327767183228e-02 2.245441542662277024e-02
2.062259481009849627e-02 1.339975028045272375e-02 6.693216513377086598e-03
2.784954094714154477e-02 1.396405757224653162e-02 5.783958304329588074e-03
2.988951141824539026e-02 2.305282476498132088e-02 1.560254440707558622e-02
3.259311847704905035e-02 3.198317332294606241e-02 2.038672674624351228e-02
2.746917853361346279e-02 1.790351276336691819e-02 1.188393633846826503e-02
4.648657243087929436e-02 2.501804809401382210e-02 2.403943771381036182e-02
3.229791033931436045e-02 2.731928833231501291e-02 1.376991676955697207e-02
3.298237957191137160e-02 1.093867435632391201e-02 8.577220943644251264e-03
2.991669846378527259e-02 1.833579307065337505e-02 1.084498866566883241e-02
2.628983306911180859e-02 1.480110335462226506e-02 1.145002258619727022e-02
1.915025886370204725e-02 1.774241973228044347e-02 9.952973767604031061e-03
2.324513512730051745e-02 2.007009753739280242e-02 1.557115432399350241e-02
4.293518944015317640e-02 3.091133520360863848e-02 2.258098002035753907e-02
3.164040999567276774e-02 2.263321946774564386e-02 2.021338727867431559e-02
5.158219542878383912e-02 2.810417814176249807e-02 2.287185446997368199e-02
2.837566413144555419e-02 3.197510419540448845e-02 1.803329331995247656e-02
2.577435756239674497e-02 1.907451118679658400e-02 9.423738751570385000e-03
2.540945679860219519e-02 2.359149972189559033e-02 1.736594884795347390e-02
2.990819039676673174e-02 1.939589289354281057e-02 1.257484045638720786e-02
2.693542250741200877e-02 1.363791880840752729e-02 9.147498119406415745e-03
4.440084102496184154e-02 3.445386451486046053e-02 2.596213615281796686e-02
4.073863449054684199e-02 2.411973042491247221e-02 7.563103279902555487e-02
3.078289912145934851e-02 2.705730330580360596e-02 2.074203102986171138e-02
1.769560873152063729e-02 6.374026120787664243e-03 8.658376927352585961e-03
2.729340803195737936e-02 1.617454994360616183e-02 8.390216505118340204e-03
3.269559645001104964e-02 1.729963612956613925e-02 2.223298549836421820e-02
4.148930389300561211e-02 3.929495240588255084e-02 2.640101712860266209e-02
3.408024280513311660e-02 1.567330765445346455e-02 1.153641740387720792e-02
3.095306190761140316e-02 1.506314840778251625e-02 1.241515689785355550e-02
3.330053412096986576e-02 2.418654230919454681e-02 6.288983406929750386e-02
3.527366903946570209e-02 2.134853725228224100e-02 1.211002995204057270e-02
3.874238958358480756e-02 2.611217808860120601e-02 2.083619489425234117e-02
3.340550620134877940e-02 1.752659395086943184e-02 2.415648598591909821e-02
2.073770346255472685e-02 6.049771893983237926e-03 1.028787081607063919e-02
3.591468154000405227e-02 2.782912304283150298e-02 2.212143773421219872e-02
2.849562688434695637e-02 1.813224961400802804e-02 1.383210024066967858e-02
2.672555322217095436e-02 1.494584691359494497e-02 1.096306720083850376e-02
3.434539428937437994e-02 2.474183478197445468e-02 1.746317164868596561e-02
2.416570855995922584e-02 1.108267921378636167e-02 5.970614690840873179e-02
3.756304489311744488e-02 3.545208561144275183e-02 2.073017854327554796e-02
3.729818453569116316e-02 2.058991308873436149e-02 1.621697610301243639e-02
3.669251919976546095e-02 1.321246216370406540e-02 1.278402611006635402e-02
4.009775528083767138e-02 3.642685514392340895e-02 2.468973581987075547e-02
2.952699084429085546e-02 1.846464935781055861e-02 2.199188652913298958e-02
6.407087193040211792e-02 5.667333730267688774e-02 4.274014568546405379e-02
3.256985497730622431e-02 2.101140373240163034e-02 1.858378798380764391e-02
3.591014559523211108e-02 2.004474897494028934e-02 1.182087432828003715e-02
6.251597586496067394e-02 3.676334825704072329e-02 3.096406063393181834e-02
1.402340877397076357e-02 3.843005441815426290e-03 6.841173808166005343e-03
2.396298023658124596e-02 1.272498239314927802e-02 1.349502687145511318e-02
2.760521507103303601e-02 1.803526147722022202e-02 1.308773768702495809e-02
3.382306981696663745e-02 3.115709990637040988e-02 1.535585633478385621e-02
3.409488735583418584e-02 1.759812907224293094e-02 1.114369268523154877e-02
2.571501531678033192e-02 2.434432943970329943e-02 1.568875274646999718e-02
4.639727603475991835e-02 3.085026828972909155e-02 2.504459037700901974e-02
3.140850515646293611e-02 2.310967286674786569e-02 1.228708698458965375e-02
2.860956795098374902e-02 2.433252717976163229e-02 1.588461841681514455e-02
2.937527351835378733e-02 1.437598658697274503e-02 1.016364454215265382e-02
3.399026604538256391e-02 2.752409914952361203e-02 2.016906021420911133e-02
2.032238670913851311e-02 1.826628170282064423e-02 1.051465570164350841e-02
3.005890467969943303e-02 1.847850739395216074e-02 1.759184923141135851e-02
3.247461626831111420e-02 1.809069889711437465e-02 1.556296257945746428e-02
2.782238534922797796e-02 2.322452502415558312e-02 1.831677917323485186e-02
4.086538482719306170e-02 2.022847237072543380e-02 2.592149074516271468e-02
2.957464695648757969e-02 1.344277582168670535e-02 9.898379756204927354e-03
3.544827295201075784e-02 2.156032878168738162e-02 9.307919779281378578e-03
2.084359555686394680e-02 2.540281708695376478e-02 1.545984144804553664e-02
2.681551747525361823e-02 1.954722224296301381e-02 9.387146315680227476e-03
4.070796322029451159e-02 2.355845039064819249e-02 2.260420651052034643e-02
4.700178380434615749e-02 3.139044049041819079e-02 2.496720194330582371e-02
2.349229152263473605e-02 6.435649407475554917e-03 6.263275677518945900e-03
