5.707884697998699686e-02 3.510126104020098309e-02 6.462187666686954046e-02
4.263804191254589454e-02 2.051391056055205248e-02 4.947138733647851727e-02
3.866716309625803372e-02 2.186685774273651808e-02 4.523158398562047294e-02
6.799741644236641236e-02 2.529521964779092927e-02 5.279412605099797345e-02
4.743867467496223900e-02 2.033333580680774660e-02 5.453339785212846236e-02
8.830979008122305518e-02 3.165312182481121173e-02 6.786237257537697243e-02
6.454586820820257254e-02 6.027841035535665137e-02 5.980956473306198173e-02
1.215666915735156284e-01 2.572940877433407131e-02 6.431256353173875340e-02
7.390700595711982568e-02 5.041313599412289292e-02 7.909641635832005691e-02
1.109343221285474385e-01 6.707360330281389449e-02 9.845723811215438548e-02
5.802469563183599438e-02 3.988699280989544543e-02 8.727665927173047788e-02
6.072304459372668273e-02 4.117887405450310068e-02 6.606021318472374282e-02
1.341113591445401987e-01 7.232121727685505985e-02 9.628461306700028532e-02
3.452943514505241868e-02 1.902298283074554952e-02 3.631033226551573512e-02
7.432411657089438295e-02 3.495736053165569845e-02 7.564838470956852801e-02
7.637523156287311099e-02 5.192773460410639308e-02 8.296500224373924703e-02
5.548661021458015097e-02 3.576190196711967473e-02 6.069764832355421802e-02
7.151160234237824431e-02 5.584649381130929457e-02 1.130895714146753911e-01
3.293705674724107385e-02 1.505482834627051847e-02 3.515803243281114682e-02
1.240053080602447622e-01 3.090453278242136920e-02 6.561438629979224335e-02
5.140436909179099678e-02 2.242708164104881621e-02 3.860196364373259109e-02
5.754108719550337508e-02 2.805375179933228269e-02 6.517520415735371386e-02
6.689188308103566349e-02 5.129204738999890850e-02 8.357555701351181143e-02
5.512021326948353395e-02 2.378327281765123258e-02 5.602373484904851764e-02
7.902857334679357082e-02 3.409945402989139618e-02 6.211592634750404129e-02
7.100783386785952667e-02 5.547053322777022455e-01 7.691205541840634430e-02
6.387206464351376234e-02 2.405942544692502016e-02 5.195681683737084916e-02
1.269306159404388623e-01 6.953391198844589838e-02 1.165426772774389164e-01
8.478269692831685855e-02 4.737679935693798333e-02 6.674943249994985672e-02
1.278733674251000818e-01 6.579059978952399301e-02 1.019431394473972879e-01
7.267155406877737200e-02 2.851665372006717200e-02 6.774845380988643584e-02
9.532315628635551485e-02 3.906949082401546536e-02 6.541261451230888369e-02
8.592728629003201779e-02 6.375142549151262272e-02 1.797964897515755001e-01
1.017160060396550963e-01 2.765992427906437123e-02 7.257560192976786340e-02
6.852829179078950839e-02 4.137341923396191390e-02 7.035319069965154104e-02
5.151423540558133785e-02 2.714730433996846715e-02 5.411454341257865286e-02
3.639459679465532199e-02 2.712364620728232451e-02 4.171991814891962830e-02
4.790259019718298705e-02 3.399732927534657861e-02 8.090158631000946010e-02
4.129673577038368154e-02 1.567791795375720124e-02 4.986604743747236057e-02
6.353342610128055734e-02 4.497307929892954692e-02 7.174430396277879651e-02
4.010491181815954015e-02 1.890694253416653342e-02 4.697914563877006455e-02
5.387021786631648185e-02 2.153390923679789418e-02 4.268071629164217617e-02
9.942397740071758083e-02 2.702956183979903990e-02 6.664058587697833935e-02
1.073030201173128112e-01 3.252430185748979991e-02 1.928218437462830559e-01
9.693083054038403867e-02 2.630034157945841319e-02 6.248351747038948661e-02
2.351512955673485186e-02 1.506196098288636528e-02 1.568268265316359322e-01
7.394345975516840308e-02 4.660767485746234590e-02 9.196166534759211975e-02
3.348047505249573258e-02 1.627087082542617857e-02 4.684015365402751513e-02
6.287105590707386948e-02 3.100234382787245280e-02 6.295701334833396501e-02
1.091547128760914087e-01 2.457724486007490522e-02 6.083924980121239307e-02
