9.112085189191715395e-02 7.319834280928311232e-02 9.346822717458552754e-02
3.362385559227062254e-02 1.565143739196345196e-02 1.556185211800491415e-02
7.926578239260669012e-02 1.235680509796731885e-01 1.781778517956191799e-01
7.896728811389290559e-02 6.316582162789799448e-02 5.325085905784943813e-02
7.038638541127330284e-02 6.110604951806231089e-02 7.806205209358291208e-02
6.081044935660560175e-02 7.387912788287898103e-02 4.310152224808196098e-02
6.165376259704585804e-02 6.147679619561624564e-02 4.676171732095583955e-02
1.409275010392359861e-01 8.408459965607475994e-02 9.637191215839155389e-02
6.794023881053563862e-02 1.027256940458020351e-01 3.155065244346155762e-02
7.642324103380111755e-02 4.594722720304500463e-02 5.965421534244859381e-02
8.767071912126556121e-02 1.884322059049539644e-02 2.352719637528749574e-02
8.184475558310494447e-02 5.450149041292046831e-02 5.198601733669265534e-02
6.633790689147250896e-02 5.682671926086987901e-02 5.926281013957054866e-02
1.267833156317752230e-01 1.184617452053656483e-01 1.390875269835696593e-01
9.482773471270102006e-02 5.835356741301708783e-02 8.770855845204035550e-02
7.291461420462942711e-02 8.171923431194701160e-02 1.631201745850292817e-01
5.838134518563559139e-02 3.247274247931832003e-02 3.409747775666990138e-02
2.257767795615007178e-01 5.922266249983722947e-02 6.006071904165130593e-02
7.241319660775671907e-02 6.140854084635423427e-02 5.878600526237773988e-02
6.549085187266254215e-02 2.847116112607226551e-02 2.810777348932309849e-02
5.303993173203733202e-02 4.446403821244215848e-02 1.164270758215359275e-01
7.673811281917848615e-02 3.703276636020228635e-02 4.472804491235031488e-02
4.241401280651554973e-02 2.739433570508823315e-02 1.842388902620188673e-02
9.575259498365142063e-02 5.836324414576349318e-02 1.353604640635044654e-01
1.518999499546070386e-01 3.330174099230753804e-02 3.709757069576864741e-02
6.587250825850604619e-02 2.643312442422402278e-02 9.022399886713403094e-02
2.440757429863237016e-01 6.305766670209111968e-02 1.330879321804005200e-01
8.736577898326598757e-02 5.120405657509435188e-02 1.453498254780042631e-01
4.872901799123400407e-02 2.847472746455005643e-02 1.166005561954076147e-01
7.690676226913498170e-02 3.514381615343389886e-02 4.310372752931129758e-02
5.230120921398304090e-02 4.824790622020971170e-02 4.610351183591072932e-02
5.089631315479512669e-02 3.591126674229377230e-02 1.230521923089577252e-01
6.124389739015948658e-02 5.345843020336684542e-02 5.788704902480835968e-02
7.714034614810616475e-02 6.154650898423683070e-02 6.215537735727133528e-02
7.092535040730929552e-02 5.294122800873964779e-02 7.168205094546731271e-02
1.017372362767724331e-01 3.523825244686234343e-02 5.133280571875782627e-02
6.071449668517905907e-02 7.723517687463789250e-02 5.709167008111432073e-02
1.370803277264004139e-01 1.216880128362674007e-01 1.195890948714545959e-01
7.618290058337867654e-02 7.117962685347807572e-02 8.146817859611202306e-02
9.399424689259415489e-02 9.638543296931906257e-02 9.175566385132694069e-02
6.370787864226805375e-02 3.766772845380064044e-02 4.422237771552287033e-02
1.116667052587145964e-01 6.824918607235853918e-02 7.444032313733085771e-02
5.351878615728999922e-02 5.667246379481272189e-02 5.214436786047242645e-02
7.470202550775495443e-02 8.066747811722166372e-02 7.170830540877430603e-02
5.487523890752516592e-02 3.735486630012418985e-02 4.998588095340375514e-02
7.736603233558392301e-02 8.681668485226765042e-02 5.174279118946144285e-02
1.169111574712569934e-01 9.601012042745933617e-02 1.347011528551887716e-01
1.045038467059614257e-01 5.806365518627754074e-02 6.753445745443611981e-02
9.454503656676556400e-02 3.933854913746492182e-02 1.086963606104674185e-01
7.715623010369976331e-02 3.601868505890474387e-02 1.237568943530749227e-01
