4.438228317240175413e-02 3.280509790489701677e-02 1.439268252573256204e-02
4.962325210531866315e-02 2.576933305460588769e-02 2.026491535315548889e-02
4.234463203962932770e-02 1.462248607065610648e-02 7.297852838205989498e-03
4.927239234516696265e-02 1.836448623112407752e-02 1.509168630749987625e-02
3.637143475347102972e-02 1.730203017991079409e-02 1.340640367881461986e-02
3.911818708275824341e-02 1.245019397992750548e-02 5.704878632829918361e-02
4.538457166930374986e-02 2.258488357051928117e-02 1.533706306967622286e-02
5.999554781516141383e-02 2.655953626104073581e-02 3.566259521650873981e-02
4.726855570534858192e-02 1.580429650204900199e-02 1.445892212749592953e-02
5.203870786332311787e-02 3.420963112345500740e-02 1.670305219546089348e-02
5.386904569904255730e-02 2.682621343860891808e-02 6.548672652926999793e-02
6.109731525363122639e-02 2.506316882526891249e-02 2.173443649733444380e-02
7.444722310324405901e-02 2.371004797952945900e-02 2.224582324148228693e-02
7.426943557438944743e-02 3.096654215943846905e-02 2.772086904130521140e-02
4.746236667911370860e-02 2.645141502771459346e-02 5.797017179946650084e-02
4.782309948038579450e-02 4.522818580338641703e-02 1.683857043802986647e-02
6.036219623187853017e-02 3.001597761165649206e-02 2.894843938672883241e-02
4.658865263185017758e-02 1.973232005269457204e-02 6.058500671066117255e-02
5.780778479925306051e-02 3.687468815480951512e-02 2.569713359427107033e-02
6.418337914494297303e-02 3.188437046166048977e-02 5.656325547767875744e-02
5.985166234726317647e-02 2.279663107136481459e-02 1.662859416911100646e-02
7.476814413924229297e-02 3.456082105075445471e-02 4.347728857761935795e-02
7.898266774464982043e-02 3.135529772348503996e-02 2.967199703852472017e-02
5.968526582166058803e-02 2.258878747476554538e-02 1.857700315116268819e-02
5.660927612382155721e-02 2.357465123857307651e-02 1.807844379327901152e-02
7.158620501209699005e-02 4.356964191372989653e-02 3.366687594131830691e-02
5.801759227431271815e-02 1.938975611133828686e-02 1.935443183987549387e-02
4.418776718972301093e-02 3.719512159481084407e-02 1.688914569194821524e-02
6.127172812919830236e-02 4.396462765823586083e-02 1.943799160242259960e-02
6.825133149769843643e-02 3.768498024273490843e-02 2.912808350046761779e-02
5.764113603317795598e-02 4.262481849432674108e-02 4.108771819745223042e-02
6.257009990732768923e-02 4.308611048972443153e-02 3.062787174764117215e-02
6.472696906432830188e-02 3.836611360826237827e-02 3.693461377324788047e-02
5.800494281286940751e-02 3.746734757841910235e-02 2.823120113227489333e-02
4.222916129229893623e-02 2.543932144725448430e-02 1.044337280542516171e-02
4.496022980894913423e-02 2.980346950776791015e-02 1.739790101816588927e-02
7.811708431486219517e-02 4.981371349856966724e-02 8.424994733239450639e-02
6.480647932823260793e-02 2.911573638145047507e-02 2.313464593895867005e-02
6.045363321941117640e-02 2.267204340549514724e-02 1.445758585716543608e-02
5.556992410163778123e-02 3.367635174869049175e-02 6.027119089688155740e-02
6.216081352545577143e-02 3.773599798520307219e-02 1.914476905201174806e-02
6.183931600111960275e-02 2.509675040066863469e-02 5.165528868822546332e-02
4.779907645682635736e-02 2.638499474309808496e-02 4.722942162575193004e-02
8.059834279947312996e-02 4.325923655853781968e-02 2.936639121374011452e-02
8.240080247145312176e-02 4.327078770534575902e-02 3.492520161578902688e-02
6.313346070901035278e-02 3.943581005586183075e-02 4.575922161686635237e-02
5.269606238011265154e-02 1.680329435194999679e-02 1.663441790963661460e-02
6.029982572396235668e-02 1.016961001855014729e-01 1.829591218360331756e-02
5.538900434587284982e-02 2.500563100023499297e-02 2.287592959650938673e-02
5.449746562577347658e-02 5.816403463587979106e-01 1.771706835303640121e-02
7.402705644359945658e-02 2.599439888676382399e-02 4.618061383307699164e-02
5.734078170333988672e-02 2.509301654970735873e-02 2.108954546165060784e-02
4.893372549599352833e-02 1.399027785984764162e-02 1.169958708636951138e-02
5.821025047435237493e-02 2.866299921963699759e-02 2.437754881999189965e-02
6.936225883374601275e-02 3.468159830749907580e-02 6.450432229366713510e-02
6.432414752891305043e-02 4.045718981706407369e-02 3.354198204128702038e-02
3.382387532111929412e-02 1.646024179652162689e-02 3.329012647510591616e-02
5.734246747629888341e-02 3.423556835576880425e-02 2.896765332419327238e-02
4.929286712282143768e-02 1.626623057062619171e-02 4.368033083492994101e-02
5.154732761752402886e-02 1.926604320692350270e-02 1.786076767343468957e-02
7.474872253423604784e-02 5.316227317102784067e-02 5.457196832284404164e-02
4.700427721548885995e-02 4.277489918511902245e-02 5.064984147158709676e-02
6.351309709483934918e-02 4.320179274878942904e-02 5.502857384820646069e-02
5.848655279250088157e-02 2.866802677210483763e-02 4.443444447794879515e-02
5.188402660180811005e-02 2.643606160749793765e-02 1.970333967764257427e-02
8.236108549051868177e-02 3.531642979977856617e-02 5.005423528335509187e-02
7.128670658246670511e-02 3.196450937940491233e-02 6.012142517224296212e-02
5.391223377684141449e-02 2.439251944399158795e-02 1.484101979464087437e-02
5.739925914836528642e-02 3.172311824960099419e-02 1.738180380486416959e-02
5.519153619052449833e-02 2.899816007821157809e-02 2.481821147783868156e-02
5.709683470355476909e-02 3.523445044858434377e-02 1.900360320855947263e-02
7.232960859290855915e-02 2.905670853228226741e-02 2.064903872768865042e-02
3.975946945460804433e-02 1.944143506415127801e-02 1.955464813845170929e-02
6.595017048516994829e-02 2.826835551982901512e-02 2.010313423182530021e-02
6.332083687865473765e-02 3.874590852198797619e-02 2.256291712906507291e-02
4.985427318479040276e-02 1.950346108505717629e-02 1.253420826632574772e-02
6.374003124629085137e-02 3.630174289955540035e-02 2.546744362860790117e-02
5.945946601856522129e-02 2.920673225814077872e-02 4.478462330763475358e-02
6.725955918198896211e-02 4.530465514141504557e-02 2.618737718207981083e-02
4.776118546710154955e-02 7.085876197142566835e-02 2.502806735387940948e-02
8.155847765193904864e-02 2.441319277142381047e-02 1.976717360445437097e-02
4.884229314750795914e-02 1.780713646653695262e-02 1.928002900494599214e-02
5.507197632337817311e-02 3.562363773216659785e-02 1.405679735636770379e-02
7.423671020504016282e-02 8.777746717865098428e-03 3.599865967107915288e-02
6.846307634851438173e-02 2.731038051900395655e-02 2.453322414237734533e-02
4.932530734924844146e-02 3.037718340467568390e-02 2.311681140054612504e-02
4.631963657477988772e-02 2.194020332150557057e-02 1.473920643512174715e-02
4.752486402344182487e-02 1.881026529635240405e-02 1.544947620322186313e-02
6.818223999750101794e-02 4.244133537661549938e-02 2.994336702015483465e-02
6.927804566244788465e-02 2.661261075273945592e-02 2.042800737780929229e-02
6.432707296504887318e-02 2.877451208657618234e-02 2.368756881822601038e-02
3.798525024817756002e-02 1.918649791130323107e-02 1.579750979125725888e-02
5.814476818599129126e-02 2.301337912061016816e-02 1.631893656139371540e-02
5.366806282105004988e-02 1.777431246688240124e-02 5.077137072097365894e-02
5.331642395862634665e-02 4.334593865208384578e-02 1.877899001700543066e-02
5.149517849828318117e-02 3.821395102957865497e-02 4.648268211477264711e-02
3.090683246850808169e-02 8.148270253182498396e-03 5.769893615641241875e-03
6.295029961482359604e-02 2.926746286405502301e-02 1.700377258674878531e-02
8.438029001874407242e-02 4.018431738722633151e-02 3.820216013782857384e-02
4.602516947858466961e-02 2.585210692388638723e-02 6.358771241789523687e-02
3.446204579231962328e-02 1.296545097538729860e-02 1.249398664691715038e-02
7.105036350217780461e-02 3.284370898146021095e-02 2.136008103208440409e-02
5.648887576370629354e-02 1.130415171072617769e-01 4.138592639324138039e-02
7.571060287764512509e-02 4.939197604319772728e-02 3.556992773821098658e-02
7.395947514570234971e-02 3.320273880020403745e-02 2.661235966377624440e-02
6.374490936413274023e-02 5.193087983721959150e-02 2.813322841314814388e-02
6.488252669551321239e-02 3.347743774840779979e-02 5.820275002774229905e-02
5.233945384295567160e-02 5.797838098535115087e-02 2.243223551585620673e-02
5.012478766116847811e-02 1.864389072472647652e-02 1.431523668911215477e-02
5.347430330265176557e-02 3.493960125950294759e-02 2.323513141793117839e-02
4.353933559712155205e-02 2.741912275720149658e-02 1.856270509111351136e-02
7.626296333937550298e-02 3.643165255989289086e-02 9.423964256564285047e-02
6.617234079593625751e-02 3.916326942914490072e-02 4.404597161914079739e-02
8.050792827687668074e-02 3.427035301837824677e-02 7.009738014939309592e-02
8.069739322143221205e-02 4.814050559272627094e-02 3.749418285111841276e-02
7.047404527894127191e-02 3.738813349474248704e-02 2.513088370230734045e-02
6.498446612127772859e-02 5.848894843049242537e-02 2.512610055619448821e-02
7.308070016704226735e-02 4.273487751048858641e-02 2.945270233285956010e-02
6.502993468451126469e-02 3.610312470141344154e-02 3.168842781786310875e-02
6.328446202996997061e-02 2.401321772830817755e-02 2.320108137479361121e-02
5.713010000258848808e-02 2.503576869767017501e-02 4.723225234422068208e-02
7.807116033647421016e-02 4.227390863715774216e-02 2.686161916378075609e-02
5.902492663992119082e-02 2.187140399076767036e-02 1.750205173661305638e-02
5.822743100205927946e-02 3.117711008211079826e-02 2.779591714912604469e-02
5.151166743766694839e-02 1.780450465088066758e-02 1.367214285935049178e-02
7.328981371622010632e-02 5.881115574364937509e-02 2.807805286084300717e-02
4.735358526193739898e-02 1.603485170350229388e-02 5.228454709454381094e-02
4.981363186515416069e-02 2.144526033810587734e-02 1.509972891644283111e-02
6.984143197662326386e-02 4.358233817912617741e-02 6.539441687994203278e-02
6.028417010668829512e-02 6.221834607153566704e-02 3.747950833521485753e-02
5.932017020777265170e-02 2.175928329850410070e-02 1.882241522472355433e-02
5.008439259044662750e-02 1.452709080729781832e-02 9.357494842914770156e-03
6.642123815981561263e-02 2.945250198438510020e-02 1.781747720511065586e-02
9.225199686431678758e-02 6.469254998105694598e-02 7.901121401170321801e-02
5.997858131239131030e-02 3.442542547566842387e-02 2.244554895797865046e-02
5.055459633569684558e-02 2.455420026791972632e-02 1.905677720653725302e-02
5.520256421700393823e-02 2.264823029760486273e-02 5.159967793214620402e-02
5.897826732182754467e-02 9.039969003562385585e-02 2.517184371790036346e-02
5.524464856713495048e-02 1.699525314352069369e-02 1.332361754354485089e-02
7.326731774024082544e-02 4.610911523090063108e-02 5.712328947113057276e-02
5.497120225695736190e-02 2.224052231324108106e-02 2.261151530832996789e-02
4.348628601245273229e-02 1.013682982818727568e-02 4.432969066772410316e-02
3.892198067579858561e-02 1.764725365053024242e-02 1.005301611180243505e-02
9.988162612760910497e-02 4.464787394618785488e-02 3.783046682933986077e-02
5.777589161688011232e-02 4.518278892448696071e-02 2.258233999681076923e-02
4.661409707101189098e-02 1.416683627069888207e-02 1.305476571995953586e-02
4.691897057869186954e-02 1.934536614026245369e-02 1.601254495429934449e-02
7.003205001475541758e-02 2.738895384796102839e-02 5.455246933660728992e-02
6.309241698560397182e-02 5.005857500361582391e-02 5.413925400361122714e-02
4.387914634635812355e-02 1.361055724210317452e-01 1.985468988117979061e-02
5.835853984975977043e-02 3.280476288527316153e-02 2.249716596093044932e-02
3.602204453741049417e-02 1.466448530802760136e-02 1.171957311665421803e-02
5.391637394311564468e-02 2.364474796416403748e-02 2.110445413122465086e-02
5.349605790726676136e-02 2.812940982685031149e-02 1.887008546925619118e-02
6.712390133803718129e-02 4.067977638042993144e-02 3.264026019641393106e-02
6.241915531718249949e-02 3.509601758756486500e-02 2.507327832731304912e-02
7.550996574399529426e-02 4.027720417109600937e-02 3.557619015071886159e-02
6.016108395895082561e-02 3.143296026570513435e-02 2.313404170380214606e-02
6.684314200191414368e-02 3.133987753681519856e-02 2.768526438133962070e-02
5.465823922826748560e-02 3.167171219899459628e-02 1.442558445587119841e-02
8.514442465319536912e-02 2.626201687164896395e-02 6.778387247407399729e-02
2.881407560275659960e-02 1.220898975708667109e-02 4.331709781379759761e-02
5.662792617282505492e-02 2.653160720929005970e-02 1.906533631052671415e-02
4.032643273564282677e-02 1.012496382887629817e-02 1.017019043352679168e-02
5.739950179191228435e-02 3.042330286430143249e-01 2.506676274487959835e-02
4.223764673787996915e-02 1.687555556748317198e-02 1.406594962722447148e-02
4.171106605670080181e-02 1.743157844529099817e-02 1.093936540729541565e-02
6.844394494367811443e-02 3.301493460890387449e-02 1.986036585712383506e-02
8.851230171138602110e-02 1.046948552441080427e-01 6.377283942646508330e-02
4.839087354753747461e-02 1.992607321700977374e-02 1.803916267321540451e-02
7.248659769313907375e-02 1.554927866589360108e-01 3.995661700426068885e-02
5.295975751858134073e-02 1.709608941421323844e-02 1.248175400959761899e-02
5.483200714727178016e-02 1.679449207336720928e-02 2.949589963724425640e-02
5.756898060727033001e-02 2.316391901849204626e-02 1.897665382557394906e-02
5.547991121155627925e-02 2.326748705953358975e-02 1.790205686981999333e-02
6.601988538330223755e-02 2.421042942944363549e-02 3.628119282462236722e-02
4.704968685187647937e-02 2.675567316974432688e-02 2.747926316511290976e-02
9.547879961554681105e-02 4.904656844242930719e-02 7.261992186555808748e-02
4.991297550010822398e-02 3.557422058597543152e-02 2.305486866665698922e-02
6.268027408792899158e-02 3.631977811781966770e-02 2.600117839914578219e-02
5.509697675615740642e-02 2.492704316769971812e-02 6.013639678873838879e-02
5.064566704063343944e-02 1.892499134961185200e-02 1.390150200766850953e-02
4.961780124156425775e-02 3.112618756897954017e-02 2.446777911333088140e-02
4.921299872379375495e-02 9.311885864446612163e-03 3.659069679638302791e-02
7.456167552099171592e-02 3.293928824830388152e-02 2.451207695463544431e-02
4.551259220020382329e-02 1.578286683490496417e-02 7.193657099835741586e-02
5.492383283652800541e-02 2.491783539011710111e-02 2.095695788935131310e-02
4.453406450287476781e-02 1.403451647603729674e-02 1.359044043045752083e-02
7.424601360238429482e-02 3.496343641295936860e-02 2.472805317958878119e-02
6.379001400559168589e-02 5.182080773588179645e-02 1.961808220868428709e-02
4.798392721827641344e-02 2.342395094265570937e-02 2.205958647381569757e-02
5.761838485451228203e-02 2.114395261470268170e-02 1.519961174769156494e-02
7.115595360332924169e-02 1.020292573156671712e-01 5.855738889099582067e-02
5.740657741609694192e-02 3.987441987142908290e-02 1.917363330766246390e-02
4.877166971143304108e-02 3.287639670888130999e-02 2.093556319454128317e-02
6.200917405420388467e-02 3.994832597391193701e-02 3.081345727383543592e-02
7.740777182833319392e-02 5.956294838201406372e-02 4.608927599368045636e-02
9.170582139909791430e-02 5.383449926191688495e-02 5.358176692590734674e-02
3.646914029045909833e-02 1.615755807888946682e-02 8.634074940557578265e-03
3.769778185112833413e-02 2.254197674461787954e-02 5.371508665368431024e-02
4.685525454340139229e-02 4.691417775785265004e-02 1.898259981820475673e-02
4.576762227322220961e-02 7.294716925879971003e-02 4.555124826236673502e-02
5.858613203920828155e-02 2.173854448269830000e-02 1.258453047525989223e-02
6.103398619277140141e-02 2.786539653785278375e-02 5.922702617013130694e-02
6.663458589108699204e-02 3.166222462300246482e-02 7.555217132171496153e-02
4.835746988215755549e-02 1.751086490998335701e-02 1.540720269694353418e-02
6.919430751983490779e-02 3.475849885876002021e-02 2.251000551759143112e-02
5.852679492110513665e-02 1.857231067528331350e-02 3.412490995645895558e-02
4.218120232091390059e-02 2.346368074461604308e-02 1.908423018356225631e-02
6.813480931715361344e-02 3.445950021227763699e-02 2.516829420292908404e-02
5.535226959684818454e-02 5.600101915462431246e-02 3.699616464975443580e-02
5.827691515386072829e-02 2.340396230965866020e-01 2.408081110109416834e-02
5.717965051052910364e-02 1.790319928749618816e-02 2.056942033090242497e-02
5.283923596874974538e-02 3.272270438881143273e-02 2.247943787274610597e-02
5.981019537251974771e-02 2.630469042500634819e-02 2.247112791128626219e-02
6.437389382111746716e-02 1.855434601508729534e-02 5.614825412834362206e-02
4.923222185164605885e-02 2.603106924239609321e-02 2.037699779785068915e-02
4.262415192332667802e-02 2.606963812638026998e-02 1.641413937891058120e-02
4.855395040918131927e-02 2.358052470379979823e-02 1.975028644861433896e-02
4.867951694938882357e-02 2.856741872652800857e-02 3.455941947215163818e-02
5.972773771934850040e-02 2.005758591495786919e-02 1.862293136377524139e-02
6.601632940995660892e-02 1.030035485524766620e-01 2.211656355833402018e-02
5.353262405254292228e-02 2.344536488162625096e-02 1.723136213492631325e-02
5.055836784295229119e-02 2.398887256185135847e-02 5.669384543716695507e-02
5.881787441705548652e-02 3.018867545025795407e-02 5.686762604896363621e-02
5.449511808198227031e-02 1.921738950401399165e-02 1.702305158047809006e-02
5.695343754836629940e-02 2.769288495753568710e-02 1.852256585666808841e-02
5.414595386894062445e-02 3.792475384620894868e-02 9.409383023510070609e-02
4.472278442144216742e-02 2.333556983236746013e-02 4.823822972170288548e-02
5.230076223039274025e-02 1.531356744226830720e-02 1.845929828768035075e-02
5.980124298242023989e-02 2.801687665587673098e-02 2.430581132846041520e-02
7.013843639818684306e-02 2.897998990818936860e-02 2.818290153314978452e-02
4.042491801479409369e-02 1.518971085615936079e-02 1.095667691722664039e-02
8.025839058269004789e-02 4.175412335381943618e-02 5.163058458912672677e-02
7.518941918931193458e-02 4.789780813373110957e-02 3.936126189281009824e-02
3.759510458007991190e-02 2.517151068784368242e-02 1.229372147530326947e-02
5.732360062275326101e-02 2.303258463239109960e-02 1.609545997457768191e-02
6.057319507184801693e-02 4.015987694903402905e-02 3.317196453433121639e-02
5.437972141292946732e-02 2.119955113077438488e-02 3.950430824666849305e-02
4.019679308125338746e-02 1.689512428370932434e-02 1.195202373893451166e-02
6.222793430872174125e-02 1.428733012510343021e-02 3.578826137273184715e-02
5.500135860976010371e-02 2.113705796290666489e-02 4.381371230574052783e-02
8.168995787770175210e-02 5.385640790375607195e-02 3.191651826816756937e-02
7.415149089538373983e-02 1.107636343138523050e-01 2.936965926099033980e-02
5.824501622391235062e-02 2.679997372018717849e-02 1.970391362784262163e-02
6.545676563555334615e-02 3.446747343388480850e-02 5.539273576385518594e-02
3.718491352851592546e-02 2.111803169481375059e-02 1.705681823361672456e-02
5.293831954846549281e-02 4.378456377936858906e-02 3.207679940282898157e-02
4.515501832030571761e-02 3.290882403305139814e-02 1.577521390406501356e-02
8.074497700646963982e-02 3.756609172598640578e-02 2.391114210139639457e-02
5.216121572718553784e-02 2.489777558817216074e-02 1.361856829239377516e-02
8.589971388296431531e-02 3.774524442530130530e-02 5.986818512514234525e-02
5.267013692285817811e-02 2.510162486206431870e-02 1.682582317503919511e-02
4.155094806967578325e-02 2.933457295314200255e-02 2.071152652693968033e-02
4.910984242321735777e-02 2.641862596882763384e-02 5.397863356719611455e-02
7.171520761693123136e-02 4.004407991884152002e-02 6.066829755257460016e-02
7.185430586067750869e-02 5.384160996515453129e-02 4.450506869697502116e-02
5.333054044934575771e-02 1.949096802448541804e-02 4.218192978547618405e-02
5.815993456936900674e-02 4.067168651655035660e-02 2.083125518818704572e-02
6.617563158043203442e-02 4.531773510052947151e-02 3.191017088796453682e-02
5.991930268136175242e-02 2.416613559331815680e-02 2.083929824749840981e-02
3.545171077628019030e-02 3.473235795353345201e-02 9.786317254301766383e-03
5.461355283557121215e-02 2.447278999128120816e-02 4.915649557644460182e-02
3.515575495139044299e-02 1.953581975816090846e-02 1.089514615887559462e-02
6.517875829609889871e-02 2.684254963405669978e-02 2.013348258373619248e-02
8.450395485656730932e-02 3.894935971827490767e-02 3.469942639608442764e-02
5.358965336469526108e-02 2.942999510163395518e-02 1.922711379536872628e-02
4.278211952334394497e-02 3.307737588749561086e-02 2.593282749794213402e-02
4.064420879079773397e-02 2.507298254885747049e-02 1.925937489630796112e-02
7.003213155163071080e-02 2.965684514478015427e-02 2.255603369967391914e-02
4.894322070953886772e-02 2.476317312536540152e-02 4.803274522390139217e-02
5.587100609814725505e-02 2.438885033463792859e-02 2.133438610910773706e-02
5.313930178406110760e-02 3.196438214446821469e-02 1.528335462026743363e-02
5.327322251254530683e-02 2.710740935695756665e-02 4.960742127422514136e-02
1.088964179082992506e-01 4.331964016221107050e-02 4.425611839688231575e-02
5.019067655450731857e-02 1.593448651016457149e-02 1.113820880404299031e-02
5.038703800264691945e-02 3.027963787239374219e-02 5.244058471541467731e-02
5.867182152896163044e-02 3.704802449746934234e-02 2.117756743955126475e-02
3.759008330449424562e-02 2.181193019467995292e-02 1.246306479145057287e-02
5.302862534844091091e-02 2.311800650151157183e-02 2.129678239513415478e-02
5.028819086379399811e-02 2.136123616077793830e-02 1.594155288753432848e-02
4.045698220419733510e-02 2.502816569347680875e-02 5.030857688130671579e-02
6.251275125306181291e-02 3.121042496395716459e-02 2.596104824036637310e-02
5.526568704279976457e-02 2.464081993937445453e-02 4.854560461513438008e-02
4.639915463944339902e-02 2.614154875518768378e-02 4.132115893984326244e-02
7.507958114550539186e-02 4.401555455541218687e-02 6.914562288813791424e-02
4.049715965589638367e-02 1.187779316459806715e-02 1.235066581307472586e-02
5.685562978488807595e-02 4.785984499527719260e-02 1.994415922726942847e-02
5.623906380088821572e-02 3.211049091421885882e-02 2.386923190159994518e-02
5.420261486178256510e-02 2.353811772575557446e-02 1.788151968903016822e-02
6.108957888514044560e-02 2.818637973058846918e-02 2.668247237157612278e-02
8.526641011017345451e-02 6.722722959005721088e-02 5.103733816459923855e-02
6.712763616759080676e-02 4.033440385704919334e-02 2.940866218931606491e-02
6.196212218701380864e-02 2.815809778098898181e-02 2.341211927855758185e-02
4.556090744380633661e-02 2.259273038134106820e-02 1.671545114864610854e-02
6.756023219829140891e-02 4.342364274943156383e-02 3.677182571362269670e-02
6.043449082736499639e-02 4.661568148280627322e-02 1.845293664357525870e-02
7.293572885758099755e-02 3.725502924608856126e-02 3.706634299830692536e-02
7.264778332708418662e-02 3.720533292654939345e-02 3.100800345733212629e-02
6.075142690028351167e-02 3.841864550686013152e-02 6.428612682620551966e-02
3.599071702136747569e-02 1.460876901408752343e-02 1.417341324759152643e-02
5.853904499298920316e-02 2.960606620452826271e-02 1.889576906196403436e-02
5.488370323374457127e-02 2.271166547479823786e-02 1.557171232848479289e-02
8.965505313070044890e-02 3.478881591081640218e-02 3.748807157564235104e-02
6.085943483603680620e-02 3.603654849741683153e-02 7.093233299821634363e-02
4.187950672451267592e-02 2.328084072421300957e-02 1.775106533261917169e-02
5.080422285399283089e-02 2.512596746461883898e-02 1.690509609798438589e-02
5.700775981294835260e-02 3.199201842282309305e-02 1.981903429240906150e-02
3.807968854593977992e-02 2.851820708957482700e-02 1.183249511573515773e-02
4.934308827018346610e-02 1.665405442349497320e-02 1.241459467738222078e-02
7.340542380303070880e-02 1.770383802143949553e-02 3.066039985563645889e-02
6.524697656636424536e-02 7.649014413132483592e-02 5.378315833871290252e-02
7.269448173009769587e-02 4.453475465954252061e-02 8.484189237207798162e-02
5.096312934992935917e-02 4.286452057324711962e-02 2.089862348965659117e-02
7.136039180627982981e-02 3.839801224831850684e-02 3.156651988720740598e-02
4.107963166648861963e-02 3.319207775667432775e-02 2.270677333522167635e-02
5.593754111995687117e-02 4.087748772314445111e-02 3.316307776889763914e-02
7.690993635078230417e-02 3.232250544702262862e-02 2.541447229194580826e-02
7.145228813705366278e-02 3.493986040999256387e-02 6.616536662893771070e-02
5.959404659624276124e-02 1.302180448854490802e-01 5.828633352156374625e-02
4.998454210939157205e-02 2.623068790492824251e-02 2.376533373677430783e-02
4.635065570300381244e-02 1.823605813245662149e-02 6.399149793171841905e-02
6.608533853423508020e-02 3.302711747081437527e-02 2.904528928481438579e-02
6.213888629575223949e-02 4.718919395042354969e-02 5.029562317572430080e-02
8.118736885755997723e-02 3.112410475345511046e-02 1.930418725410486258e-02
6.141059953965086193e-02 3.177586933764577071e-02 2.019788065114893477e-02
5.162939316056405770e-02 2.341349030865319536e-02 6.253968098014231480e-02
5.745526670385008722e-02 2.503022311836644934e-02 2.633647867411583604e-02
5.550941867099992710e-02 3.123600089568474847e-02 2.231776971568654594e-02
6.221054031249381722e-02 3.346246985081500341e-02 4.036546175064176234e-02
6.266240516843125941e-02 4.554054022807133700e-02 2.987338347955480547e-02
7.191644386192824756e-02 3.676304922730274510e-02 5.280035346065725665e-02
5.317783503162962222e-02 2.821498697462069757e-02 1.757032340706014828e-02
6.180442996040718534e-02 2.835338998622510126e-02 2.170875959970042235e-02
3.788236488658355827e-02 2.739373309837790649e-02 1.844457264335204807e-02
4.963007637754809909e-02 2.797560698477986191e-02 1.888991039649523529e-02
4.465555284481906306e-02 2.882221150473181920e-02 1.903103788999088719e-02
5.527066305938406476e-02 3.479942421907539218e-02 6.453904771160158538e-02
5.374083026886735531e-02 1.529972781917767442e-02 3.881176197034683778e-02
6.113075247709846144e-02 2.960175167700018067e-02 4.802128603994228889e-02
7.321930846944120497e-02 3.017397469530537155e-02 5.300830624253914658e-02
4.808404416728955660e-02 2.201038828877024955e-02 1.971872545173072172e-02
5.050907219254335140e-02 2.201387506496495228e-02 1.498095218412985943e-02
5.043714140920943501e-02 1.821267641179082422e-02 2.017622479632590407e-02
5.868278781738836547e-02 6.053574664814430351e-02 6.086174563127818432e-02
5.908131188200365508e-02 3.151974933011682939e-02 5.839510718540182749e-02
5.378357993884230748e-02 3.550534986620501599e-02 2.010289127481218116e-02
6.516402577453213329e-02 3.278375458202978376e-02 1.949427103329927705e-02
4.915397092141680219e-02 1.360179409620842703e-02 2.333964154862590290e-02
6.316831095486336034e-02 4.684448672784886220e-02 2.912470787632758309e-02
4.187203549642958683e-02 1.414958449792125955e-02 6.239676229398663510e-02
8.692626522735229233e-02 6.419586289632336906e-02 3.806395700962331152e-02
7.365340512147053320e-02 2.747325570602364431e-02 2.483141988246539630e-02
6.678191004452457835e-02 2.927507619668168193e-02 2.617222757866958724e-02
8.699429559533324030e-02 4.461411686821893652e-02 7.924915231994800191e-02
7.192943606047368099e-02 1.905580018814043847e-02 2.244260088584645874e-02
5.977008444841967055e-02 3.837580621970632100e-02 6.026854546241743049e-02
7.604833743442068750e-02 6.539302981293639017e-02 6.451803402686139000e-02
5.310053640640926415e-02 2.061425768970797864e-02 2.066050768619657682e-02
5.471332241655098294e-02 8.512217226834750683e-02 1.233261365353553220e-02
7.223601138822098588e-02 5.736877673442197095e-02 8.615260566519644669e-02
4.849808644139644298e-02 2.520793901563215395e-02 1.640204270017879551e-02
4.549304867327516599e-02 4.281399691771376609e-02 2.074430013552547997e-02
6.206222077620875133e-02 3.175734408895451721e-02 2.515470038006323988e-02
3.507852356020664530e-02 1.175208363635662362e-02 3.927787158315660526e-02
5.071210909518202720e-02 3.475550644354340191e-02 2.557750339476133269e-02
4.557265548344930500e-02 2.192782001260805066e-02 1.816029934896777609e-02
4.886900395289240501e-02 1.587291090614279671e-02 1.387018338760165163e-02
4.107909566810846735e-02 2.180671434419939603e-02 1.901643288848013993e-02
7.307463176060639831e-02 4.652563855050575320e-02 2.850395062496985377e-02
5.606696936023472522e-02 2.055523238297606373e-02 2.306799046038457771e-02
6.276984099930130179e-02 3.110944053816726285e-02 2.345121907931008859e-02
5.020796797718105053e-02 2.001916816127555579e-02 1.804059443818124484e-02
7.114715153936788938e-02 2.785623890630354454e-02 2.768311745938635896e-02
5.678068500967473065e-02 3.702219635362530292e-02 1.888491285878818662e-02
4.468475978298604157e-02 1.585836008570243663e-02 2.046636394326913078e-02
4.797658749932944694e-02 1.373346224546600526e-02 5.870975396606661900e-02
7.541557722527120200e-02 5.293563917986568446e-02 3.469656995111641135e-02
5.963571254108974984e-02 3.095648095026071536e-02 1.880033860427200026e-02
3.845703049890915326e-02 8.666055836649142960e-03 7.366152759272832917e-03
4.898753705134202552e-02 3.017543726545148658e-02 1.864950774108441178e-02
7.664152140871031971e-02 9.259990025427330962e-02 2.551740840834696919e-02
7.640325868105465879e-02 5.244083976010120718e-02 3.188907972483519954e-02
4.307760184075867804e-02 1.317405934862735974e-02 6.277286370792072023e-02
4.115542819185111917e-02 1.657896072209417981e-02 1.171075928971418260e-02
4.392079484557950136e-02 2.301477548435726384e-02 1.855692536861251740e-02
4.915053893059457418e-02 2.311800477827720413e-02 1.449914852231892065e-02
6.117841826580722869e-02 2.848447571658497407e-02 1.917946706398770268e-02
5.126242900356162147e-02 3.441132025821451446e-02 2.146573524527487994e-02
5.871892769685213564e-02 3.034516262409806681e-02 2.819288864373744111e-02
5.437241853103661621e-02 3.551893735283941783e-02 2.424026849860930893e-02
5.482271206982494011e-02 2.920294862215979878e-02 2.323320016322897794e-02
6.876063405999643940e-02 2.140162209796695261e-02 1.717622757302892517e-02
7.528354255169243670e-02 1.758091863221987183e-01 3.570440713444875125e-02
5.361201418321760032e-02 1.441382892361053533e-02 1.372900020297661283e-02
6.801855401756444486e-02 3.909948678635197933e-02 2.513590471512733987e-02
5.624999737660380666e-02 2.959295423713288048e-02 2.474670860169826681e-02
5.505762355442057887e-02 4.991262816848503897e-02 1.902619417991266784e-02
5.548926314608818022e-02 2.004286196766977279e-02 1.699515167914410207e-02
4.497374625573286044e-02 5.047691955314583673e-02 6.285845496789962961e-02
6.317880545886686572e-02 3.065732551521269111e-02 2.245832389675069332e-02
4.532314845882783050e-02 2.316372627960979966e-02 5.724951717017975894e-02
5.553605393045676214e-02 2.315838537654615545e-02 3.408477641398664076e-02
6.031752955207458217e-02 3.151041364123744609e-02 2.360355007226255450e-02
3.853323148086897770e-02 1.608857100507368743e-02 1.401503492816276626e-02
4.207944042052787909e-02 9.736359339533633833e-03 8.490911812814548598e-03
6.719575574395196538e-02 3.408226289854457414e-02 2.149620239173846703e-02
3.385838223535922453e-02 2.551738487646269121e-02 6.059358131022081484e-02
7.510433685464586173e-02 4.142227867370620181e-02 3.565307611588654224e-02
4.805966025090092214e-02 2.645457440127324533e-02 1.334900174636139900e-02
5.444416642411520346e-02 1.988189716650546127e-02 2.007164744152802049e-02
4.009918735764546327e-02 1.037599563723739723e-02 9.784067841074668703e-03
5.343340178847415939e-02 1.868408603391120276e-02 1.214696818254709307e-02
4.589138912636372275e-02 2.773492604335007009e-02 1.428441768233491838e-02
9.017923827527320191e-02 6.440960595071237860e-02 4.538075920273890868e-02
7.355257273039504662e-02 5.328853490583917996e-02 7.783232715807091029e-02
8.230140307125174970e-02 3.118138546824105600e-02 2.947368677509815127e-02
4.706374724543899157e-02 3.370188623317817156e-02 1.997024309363631608e-02
6.575371661665387057e-02 3.970704240114808492e-02 3.085522861253312335e-02
5.864438028909426531e-02 2.880118844004292411e-02 3.952771069561080569e-02
4.367692896415090870e-02 1.578049144628304243e-02 9.103520316551422589e-03
4.750082014355604815e-02 1.795354749054340129e-02 1.586561728690834283e-02
5.725897919934263419e-02 2.090075563263490283e-02 1.789871452944482438e-02
5.184354157732502105e-02 2.581938837888823543e-02 2.805173689166003126e-02
5.716269720281526995e-02 2.995727898575427720e-02 1.801671093092815923e-02
4.720340965767359093e-02 2.504956694020302535e-02 1.511609455985900644e-02
7.518849545542721780e-02 5.026732576426302945e-02 3.671859742604982602e-02
3.140586230195586276e-02 1.097945701127427467e-02 9.689025253955209707e-03
6.795189623269888568e-02 4.289824294382234282e-02 6.513540988120407327e-02
4.778938176817160155e-02 2.349870622703877435e-02 1.273031807764688113e-02
6.972859516992735429e-02 2.228657600539131478e-02 1.868654471287128221e-02
7.487443834971697909e-02 5.438076806167223276e-02 4.361569626425116503e-02
4.379500199239107910e-02 1.397217465539259129e-02 1.070390295489528042e-02
4.589323581662476531e-02 5.696651713641299325e-02 1.828290938911484795e-02
5.883441845564636730e-02 1.499864313629550860e-02 1.511482745926376672e-02
4.141851276331581094e-02 1.755154154200609315e-02 1.116438868294774775e-02
4.970680175326741557e-02 2.736912320857647768e-02 2.324168473888637079e-02
3.742482361022224369e-02 1.517864976266480870e-02 7.976572896607131771e-03
4.930882598605127592e-02 1.775832168482766732e-02 3.357953511888789322e-02
5.999583627083737714e-02 2.508627589708881458e-02 4.785399803856464629e-02
4.881029265669081102e-02 3.504800121262262314e-02 3.247339539589250840e-02
4.852095388451119901e-02 1.704468069941287439e-02 3.847384926083260992e-02
4.081212611332992596e-02 1.644474690932653388e-02 1.103337133315916360e-02
1.143258259902165258e-01 6.996586693499498577e-02 5.805770162114023969e-02
6.661772310337331360e-02 4.441921187095505819e-02 5.366205028941105348e-02
4.835722573919446626e-02 2.162262748621261027e-02 1.817527468667606838e-02
8.641685326511257259e-02 4.692738679972097843e-02 1.059844752350089375e-01
7.242646661223128834e-02 3.377593447761272766e-02 2.674472630949417326e-02
5.459582559506275662e-02 3.527134041499746520e-02 2.338302419239655927e-02
4.590694054563278226e-02 9.443606117876965356e-02 1.436903749450951957e-02
4.413466888248141623e-02 3.076214311388864031e-02 4.980786927232625644e-02
5.529837785150251012e-02 3.238507439868969218e-02 1.828894542307978738e-02
6.967625293065159153e-02 3.680445974553177291e-02 3.347259699301027153e-02
4.424200721371337325e-02 2.870537211630846963e-02 5.535675091834377920e-02
7.381766574351751597e-02 1.072122449155911705e-01 5.822589610703273605e-02
5.913934290141534267e-02 3.478767221237808599e-02 1.822199099866604957e-02
6.924586229803203485e-02 2.834559746380835299e-02 6.105051565671058833e-02
5.308835050078258844e-02 1.829477110718071009e-02 6.883802673633158953e-02
3.517585044458395455e-02 1.335798027127008472e-02 1.188326517361883335e-02
3.391263855164043661e-02 1.770751859225819583e-02 1.310707030858548200e-02
5.993117249913345462e-02 2.890563456116721636e-02 2.567282748518632737e-02
4.027231829579455691e-02 2.359726406568743440e-02 1.125139413549385708e-02
6.902516181543558171e-02 3.990235164059655754e-02 5.271201847643080390e-02
5.315729898462456110e-02 5.344257547617919241e-02 2.469691058100216205e-02
4.015491188185905946e-02 3.655928838006709120e-02 1.386072679826778030e-02
6.115010331106430358e-02 6.069731139501517020e-02 3.303654488673486711e-02
3.907269708090941457e-02 2.243492077451111899e-02 1.947079176560742239e-02
4.647719960512782661e-02 3.148513484045573074e-02 1.836856015729723679e-02
6.152576290934511083e-02 3.844023968816057818e-02 3.245731126186517101e-02
5.118995526700131915e-02 2.906077798798971032e-02 6.908557775499613030e-02
6.258975486720708137e-02 3.446925230737113433e-02 4.423474107455937360e-02
5.675473027421431421e-02 1.545043368446920584e-01 1.825862493806929693e-02
8.045517944767888174e-02 3.117462844730123361e-02 2.905137548052240046e-02
6.442830108064281913e-02 9.943159630921628855e-02 3.070928563651625920e-02
5.419419640034604801e-02 3.069215354895567238e-02 1.944070011270093018e-02
6.327597853132489736e-02 4.781765420662712623e-02 3.237402666610526142e-02
4.996404173718375225e-02 2.487034208181146400e-02 1.183378448302479027e-02
4.890521111736514243e-02 4.126856528501277738e-02 1.176639222533777847e-02
6.197359150035103986e-02 4.455504836879391195e-02 2.602344695539564323e-02
6.419886591497937778e-02 5.414457893316627912e-02 2.031685310482714626e-02
6.307029377488283794e-02 3.478664200520793087e-02 3.946697770871045174e-02
4.801755410202732111e-02 2.114865396112873552e-02 1.809051289250974276e-02
4.315429368426947077e-02 1.945099199645005869e-02 4.961544780757138479e-02
6.212119835877513013e-02 4.153976862418484184e-01 2.097681449871970083e-02
3.510473686083086242e-02 1.521682465301506075e-02 1.456433686872387473e-02
9.098825415280960283e-02 4.765588088842875186e-02 3.687401520921365639e-02
6.776217588539297509e-02 5.821295092151489159e-02 3.548223846970799400e-02
7.742072766269535167e-02 4.233058576736978273e-02 4.163202737194638542e-02
4.153152072644749476e-02 2.698185528935789085e-02 1.445033355928389274e-02
6.613624843307373824e-02 3.241523375738314394e-02 2.252042971252621317e-02
7.290359889271331995e-02 3.757982632361537428e-02 2.248471264112064313e-02
6.046927907877044928e-02 3.381714303815021305e-02 1.953748786689812195e-02
5.764531874140019913e-02 2.314087739669176344e-02 5.055946663117393686e-02
7.501039423824973351e-02 5.215064194003195958e-02 3.880136899339389767e-02
6.876100026834996992e-02 4.556637668923416151e-02 3.709074453515449898e-02
4.363803835480207366e-02 1.716675818631905465e-02 1.404934839554083242e-02
5.480960040787412335e-02 2.507474583901202550e-02 6.420739291112692593e-02
5.816909919582801541e-02 1.577567296890931142e-02 1.253481392944501976e-02
5.834685159819699013e-02 4.044009309426578602e-02 2.709195063236351578e-02
4.719966339683584478e-02 1.766008214834213774e-02 4.975046037711765290e-02
