2.978743477768920275e-02 1.563439581799520514e-02 1.126481887361520384e-02
1.956843407755248440e-02 9.208946124464259184e-03 6.886410148506169095e-03
3.768404971009574334e-02 1.319140579893122479e-02 1.479353540930834418e-02
2.702380568752503834e-02 1.613822042035825688e-02 7.869038415392742847e-03
2.179890969121607916e-02 7.467957955811216526e-03 5.940793382091144083e-03
2.424718381405972789e-02 1.017112127941947192e-02 8.035160286421908285e-03
3.338343027828085535e-02 1.389966115423385898e-02 1.168966015109423537e-02
2.725128108688561895e-02 1.069822895920352970e-02 8.066087632890635295e-03
3.272282946699796302e-02 1.773756805371220352e-02 2.142896882600987124e-02
3.675289230618710573e-02 1.373775427036266587e-02 1.333267615912938839e-02
2.965789244895646742e-02 1.279577894220410711e-02 1.037715569078840466e-02
2.463583661285764434e-02 1.463099299231482124e-02 1.088614550141246175e-02
2.358253132619124448e-02 1.486598131542845452e-02 9.321946256743171219e-03
2.347092081519849827e-02 1.672627771429510690e-02 1.228789013194783730e-02
3.427854166046994527e-02 2.186006246381099610e-02 1.413173425647849986e-02
2.413152167442975810e-02 1.930371716801726478e-02 1.093269109917468021e-02
1.746641364159229326e-02 9.300151577750839782e-03 8.143822400511712550e-03
2.119743217264728058e-02 1.196354474242113108e-02 9.464493650431745828e-03
1.639032424243676289e-02 5.213082043120713556e-03 4.023326475408451133e-03
2.441397516342999965e-02 1.546765186726304850e-02 1.080401802955496988e-02
2.741248128790725602e-02 1.385151952087864020e-02 8.809545007766685087e-03
3.019787336170957209e-02 1.140562257084670218e-02 1.798021879185672869e-02
2.171152280038875573e-02 5.774293068791318782e-03 5.267656122391981000e-03
1.993165912029318948e-02 7.366454805715853989e-03 5.714856772061681876e-03
1.889169769670567475e-02 9.394805104834869081e-03 6.437912776976486250e-03
3.432307012308825206e-02 1.894169033842942051e-02 1.317617764689458376e-02
3.435806681369758114e-02 3.213527393632346907e-02 1.023620475672591158e-02
2.289789435407718968e-02 9.123725389795415627e-03 7.127494626194277698e-03
3.383056562911366388e-02 1.671943536485957088e-02 1.208201208515643880e-02
2.885727552608028171e-02 8.665991394019327207e-03 6.731259500680399771e-03
2.454697759718069139e-02 9.891139638732242625e-03 5.362967447250590464e-03
1.495314528733297614e-02 5.075537088161023377e-03 3.869971260029526385e-03
2.687045169836642725e-02 8.696390271439251307e-03 6.249423641937702258e-03
2.696934562374998789e-02 1.797173389813893490e-02 1.344634223076126775e-02
3.508271822050751387e-02 1.201648797763424197e-02 1.525572764790262235e-02
2.579430761762086660e-02 1.005310143280889988e-02 6.958403344348005996e-03
3.416139286343756326e-02 1.481106605868798623e-02 1.377308037099961822e-02
1.868830069122205673e-02 9.542174426855509761e-03 7.615183664012509235e-03
2.846721416527795562e-02 1.262101894957985346e-02 8.887668736375357870e-03
2.054633659731707612e-02 7.334600008660474395e-03 1.926772742166522239e-03
4.411971834241219803e-02 1.828910522199094987e-02 1.853467637080717656e-02
2.871578393825660602e-02 4.394170366550728679e-02 8.383010074355184971e-03
1.779321934119590387e-02 5.349839781204589195e-03 2.691338365554604099e-03
1.799507067510198663e-02 5.781058597342130997e-03 5.792584380032941675e-03
2.820278149130056589e-02 2.052403581572438337e-02 1.141427948151241267e-02
2.486676099477606178e-02 1.345501013814992888e-02 1.191495774251417894e-02
2.974868647545924477e-02 1.359667690605612968e-02 1.444359413055473079e-02
2.499381058188517371e-02 2.384392566301273692e-02 8.156935099325475502e-03
2.350235583041145049e-02 1.231213247266197200e-02 6.971725926173529160e-03
4.746398772672843352e-02 2.612568804150550497e-02 2.025764233812828857e-02
1.924806747618781552e-02 7.465051689492288242e-03 1.810443750106561361e-02
2.303636854374966833e-02 9.971378469195095462e-03 8.591599427485952997e-03
2.172672114815903804e-02 7.876672935396140246e-03 1.461214594894214881e-02
2.564168379394150474e-02 6.759868886152193765e-03 5.106149544708582858e-03
2.629267896538851207e-02 1.026720700312673019e-02 2.050986909896267835e-02
2.519707468738642889e-02 8.678496672076822099e-03 7.250219779090294470e-03
2.213826927863783364e-02 8.326823056976625365e-03 7.573792960547908772e-03
2.832807670186510141e-02 1.097062227347847876e-02 9.210481551274777093e-03
2.170161620936194441e-02 9.951079606028758254e-03 7.132731288018445692e-03
2.887509347173689359e-02 1.578069545659773615e-02 1.009057580909124285e-02
3.722238595817423806e-02 1.052263387372950540e-02 1.989525931733328659e-02
2.715398602332204717e-02 1.548464865061397085e-02 9.569644094945576121e-03
3.041003518835417793e-02 1.771407002054882496e-02 1.424892180336227027e-02
2.278488676323963194e-02 1.161376758593348976e-02 8.695569544700324990e-03
1.867912301086424934e-02 8.187282071786108895e-03 6.942781033274197933e-03
2.749174548833528686e-02 1.087492875286905081e-02 8.642489844313532010e-03
2.916458514518882605e-02 8.413022073776654092e-03 5.261884243583843726e-03
2.330126268913963739e-02 9.240274079700249582e-03 5.698451383096034273e-03
2.548937331746263871e-02 7.857026976074335534e-03 1.601163020764163891e-02
2.629191059366440056e-02 9.225582523722443418e-03 7.818111764542829203e-03
2.318850069554352980e-02 7.515133301847778773e-03 2.284142830212290004e-02
3.111036881016717923e-02 1.818893144095889980e-02 1.463790074859392179e-02
1.567824420744730676e-02 5.327655127180011899e-03 4.106894597401177828e-03
2.324869465968627119e-02 1.103307553063499064e-02 1.020136291854607628e-02
2.494235211028318633e-02 1.651787712624867149e-02 9.113290605083954748e-03
2.692043864999629776e-02 1.459607925990242389e-02 2.240017036180647417e-02
2.107559292071390505e-02 7.953254009225425858e-03 6.570161438738767248e-03
3.036050868285303586e-02 1.026833124427719776e-02 2.439550597841304985e-02
2.301952379322464229e-02 9.719782000793819599e-03 8.808953892482858025e-03
3.771904928461063816e-02 2.656413356669772019e-02 2.600674544138770541e-02
2.860185719542850807e-02 1.787433271537471752e-02 1.280051860533079622e-02
1.402553080251514074e-02 6.485758729744266204e-03 1.768570736664984086e-02
2.772033063671664951e-02 1.110503504617329877e-02 9.748968022144002127e-03
3.321182078668902249e-02 1.259515322994666543e-02 2.037003125650726013e-02
2.549654959894908160e-02 1.732798910477481927e-02 2.348379439638184629e-02
2.313704056823802022e-02 9.189165608463127979e-03 1.068266801263929866e-02
2.191148851989075871e-02 7.509372584800293529e-03 3.571869331404249181e-03
2.397124901222063426e-02 6.934712946192581745e-03 6.368836932424677515e-03
2.973787340985974137e-02 2.122452495008016193e-02 1.215307147173831995e-02
2.934894328415444537e-02 1.040638798653299377e-02 7.926192131831179960e-03
2.838721478159573694e-02 1.331972267421537015e-02 1.949287192349088635e-02
2.758417073801817596e-02 1.597417849869073314e-02 1.066107202347815752e-02
2.422790764689827098e-02 1.013964258279528331e-02 8.505947950819717912e-03
2.511775862079546756e-02 1.295323494556469696e-02 1.077231206155517158e-02
2.025865577085644506e-02 9.147091130727397212e-03 1.739248378652177157e-02
2.934822387949721778e-02 1.291053603028070873e-02 1.004932103636776465e-02
3.249997076328840773e-02 1.313074983431251376e-02 1.045359719660144543e-02
2.816260797291685394e-02 1.322505670560841957e-02 6.749106453084519064e-03
2.722333916591408720e-02 8.052936695951312326e-03 7.849665558287267572e-03
4.221759674572681670e-02 1.999758081246916924e-02 3.203338428202905791e-02
1.329587037458064905e-02 6.049623100621923620e-03 1.895166381132870614e-02
2.019774585968402147e-02 5.498526644162131730e-03 1.634352616262212815e-02
3.282993355645215383e-02 1.791546825714260271e-02 2.087564547348514862e-02
2.291593996856871804e-02 1.358250970392986708e-02 5.087584611176858285e-03
2.594749845473473884e-02 9.548834711241722603e-03 1.817599982581988988e-02
2.196527022703603435e-02 6.001116583838699524e-03 4.302931083017175889e-03
2.092377071134228841e-02 1.148661468170546034e-02 1.480095471685666936e-02
2.895312036276477541e-02 1.079875753069472165e-02 2.432589381957417016e-02
2.585472770838431050e-02 1.465817676366999375e-02 3.019213356406719520e-02
2.737657510659453897e-02 2.548175462708038297e-02 3.037795264229468939e-02
2.736498678991773625e-02 6.849938783348630614e-03 7.110252803466490454e-03
3.651458015458089457e-02 2.240919416603575839e-02 1.897600639907895403e-02
2.019585063405467812e-02 1.869700380285630598e-02 7.803856461581760301e-03
2.187724540263962653e-02 7.940030500840744576e-03 1.817820933447067758e-02
2.774171226906179191e-02 1.975832209553706267e-02 7.985880491226244465e-03
2.873745244356997949e-02 1.424921192220799521e-02 1.233478899650748521e-02
1.877698985328109249e-02 1.431450279192802034e-03 7.061789852667099861e-03
2.669650789456958287e-02 9.454863635186584736e-03 1.223277983211417189e-02
2.373981449948445871e-02 3.829256006906288368e-02 7.829506118974064940e-03
2.802213852396160179e-02 1.378070713862636354e-02 1.021242547838763920e-02
3.853101904874719347e-02 2.260207408806431256e-02 1.705769760147177183e-02
2.758154880884918989e-02 1.320779125619434870e-02 2.248064204542977312e-02
3.057272294175535435e-02 1.279590910194142346e-02 2.336594960338991139e-02
2.914532337146081425e-02 1.158952048501180401e-02 1.513680478472247300e-02
3.782764205236999883e-02 1.684938153412385980e-02 1.417890361853730262e-02
2.703472806253998453e-02 1.731853106043485663e-02 1.286109346475189374e-02
3.966392395758660400e-02 2.209259188124145651e-02 1.121617148109789984e-02
2.592243124697657386e-02 7.132688721383884795e-03 5.955437303380140511e-03
1.871972678902334916e-02 4.827165620432689180e-03 1.154148672954569479e-02
3.785498843654295370e-02 2.510709487646362731e-02 2.079343093404610945e-02
2.720679949433802911e-02 6.671352087011669756e-03 6.043835057079508660e-03
1.692504182129898546e-02 6.718239115200802004e-03 5.591737530594768912e-03
2.490311047844949791e-02 1.354174023386158984e-02 7.317485345289470935e-03
1.905531610600229298e-02 3.783705767046298928e-03 1.058891168839345802e-02
3.241094409252728847e-02 1.430618933183522637e-02 1.109594582118628506e-02
2.614590498246068678e-02 8.951628371167081114e-03 5.490570003848799924e-03
3.389345736502061973e-02 1.598593054564301230e-02 1.736615379092767281e-02
3.203300317599806074e-02 1.136802022984777574e-02 1.545819517995771809e-02
2.446629776938202480e-02 1.153420666245256847e-02 9.503282303079913645e-03
4.078770484656615847e-02 2.073327960423490893e-02 1.801650949870162513e-02
3.605801303866347507e-02 1.428950641453533010e-02 1.653682811483026677e-02
1.687600391737726149e-02 8.445067017442792548e-03 5.874958113610715890e-03
3.116680654499529024e-02 1.383368469184907690e-02 1.144221884647180811e-02
2.646779149253406654e-02 1.412132286312600161e-02 1.001394586455494132e-02
2.693100128573457097e-02 1.004933081105895479e-02 7.923990489560640837e-03
3.007253909891418817e-02 6.394944833862993040e-03 5.530252473408363983e-03
3.572417204008002112e-02 1.302451933414238566e-02 9.806795219191531340e-03
1.763449554575808806e-02 1.064987980077423610e-02 1.679447808241153750e-02
3.380679304382436939e-02 1.604097367802749530e-02 3.738658331610115321e-02
2.395298576288376960e-02 5.316707701639453512e-03 6.387923062312702085e-03
1.601784210614494441e-02 5.268856677929510852e-03 3.572308499596682767e-03
2.047310105222728202e-02 4.831299437808559208e-03 4.275169891631103690e-03
2.730445276831557772e-02 9.764063621552420552e-03 8.736441090862506059e-03
3.131139996937266912e-02 1.483635495255410455e-02 1.044097958018926943e-02
2.217406341168055156e-02 5.814363900790409621e-03 1.459829268542913241e-02
2.826772653386249584e-02 1.061057077822120595e-02 1.097880868180671314e-02
2.844354776726540704e-02 1.705278938601469466e-02 2.378103748857152144e-02
3.511250521067951075e-02 1.150025819037400927e-02 9.492726720945721466e-03
3.979297043529093220e-02 1.566239899531387050e-02 1.400633065539616182e-02
1.642294215660210568e-02 4.472344875387763638e-03 4.685292983539224645e-03
2.785539080232329184e-02 1.632290766538925519e-02 9.417828059360975820e-03
2.526832419334754110e-02 7.470970599075374766e-03 6.798949235150707378e-03
2.879041544189881244e-02 9.887463752699375899e-03 8.060091594287402406e-03
1.842202342681213689e-02 9.413815099514338466e-03 1.116454056355732812e-02
2.239685247316331590e-02 4.370232459332660385e-03 4.445522567857113257e-03
2.442970225235734788e-02 1.069392173191418063e-02 7.635077846588942709e-03
1.939348717010590598e-02 6.476451831242365995e-03 1.122546513906801449e-02
2.058982333790478070e-02 9.627213673050558779e-03 7.553638552423255249e-03
3.695728402067519763e-02 1.578160584625718649e-02 2.050508061813115929e-02
2.345860977099423900e-02 9.014041388042338260e-03 6.728233090787334378e-03
2.319528659012279337e-02 8.550756106673960966e-03 1.789292156834310782e-02
2.278527926816979743e-02 6.177807715861127758e-03 8.405085740467362412e-03
2.949683927449172141e-02 8.737467964182015975e-03 2.513659151122663721e-02
2.480619649662826887e-02 1.037903783307477304e-02 6.010128583287553672e-03
2.173776436339643417e-02 5.707436001348789763e-03 3.488094907042491206e-03
4.605443587485193863e-02 2.255547437199165520e-02 2.010661282829322161e-02
2.466743727949084405e-02 1.036491750653505822e-02 9.907200542804639465e-03
3.840088898510978649e-02 2.403771386730059120e-02 2.880071358533713849e-02
2.938891384640257912e-02 2.076586056973715733e-02 1.678597369286001506e-02
2.330985309962913324e-02 1.849907928458774387e-02 1.756940690795879417e-02
2.890822856526828466e-02 1.449402860969750684e-02 2.223083503828193405e-02
3.126619157092516005e-02 9.010450867413392559e-03 1.199929198724045479e-02
3.084887994795862398e-02 1.867343753506310600e-02 1.493128670412254694e-02
3.606677248159761984e-02 2.017214960170458926e-02 1.468191490396277346e-02
2.542980556282488369e-02 1.088562374192654329e-02 2.204996882110529799e-02
1.821639807653849599e-02 3.390884519340932324e-02 8.747624793764001427e-03
3.041580315873562701e-02 1.278641942856883519e-02 1.171230366823034982e-02
2.489182647960384159e-02 1.095217008754668930e-02 1.886925483682963534e-02
2.960587776974068358e-02 1.361531415333896988e-02 1.094259779623758463e-02
3.341099058094202517e-02 1.299744184861439771e-02 9.393979795660600124e-03
2.671011721250412738e-02 1.510685818916516002e-02 1.013669590711310277e-02
3.130189792235860136e-02 1.131082496913900400e-02 9.804545072536485079e-03
4.647022401799866254e-02 2.077251325225913658e-02 2.084909165310766532e-02
3.298475511283632811e-02 1.429396738757699598e-02 9.685732872896472834e-03
2.587015881879091775e-02 8.104352679690693048e-03 7.121085703679811557e-03
3.010646415695958714e-02 1.005022152248994521e-02 2.967604940217515030e-02
2.291427737346977966e-02 1.286518959447566050e-02 7.696058877030076580e-03
2.372948047079148984e-02 9.214276157637207518e-03 9.612783470054614768e-03
3.310422018679740758e-02 1.120723275137727390e-02 1.238656506989316113e-02
2.937997515309121593e-02 9.747524571631444035e-03 1.298849811291543505e-02
3.329404752117675476e-02 2.145743984091868367e-02 1.465369683918717539e-02
2.594761084861045217e-02 8.079482405605156042e-03 7.042789235793895514e-03
2.353904729887493219e-02 1.559351071963313226e-02 1.405870442177147191e-02
2.727025443540202418e-02 1.150375116546506135e-02 1.138568078429872017e-02
2.668345455299504440e-02 1.099801121944669544e-02 7.335184992448784413e-03
2.444339049159872587e-02 2.308202438385646010e-02 2.047338875785905191e-02
2.775412502808801210e-02 1.394966204247054947e-02 9.955311525779077936e-03
2.665456612908600337e-02 1.110174128644167597e-02 7.594196681495848575e-03
4.174293984741844765e-02 2.402686191281620115e-02 3.447567843736493165e-02
3.594137819792173755e-02 1.874356297973920824e-02 1.652965625686646234e-02
2.357020788527175795e-02 1.391633320727352595e-02 8.054002385984642895e-03
2.425509138658341404e-02 4.291577077778546169e-03 9.240711485038972939e-03
2.721173300923486124e-02 1.776090297898243534e-02 1.601277104076962582e-02
1.976864893214783439e-02 8.716888510870622608e-03 5.838166397706301587e-03
3.296857403193945851e-02 1.345063361679191792e-02 1.281839511105533312e-02
1.988853363042700564e-02 5.492663486922964682e-03 1.323612251920510199e-02
2.065038759293314971e-02 1.292559860144080162e-02 1.008400466367177090e-02
2.711163880789626418e-02 1.931690386312853724e-02 2.263193293903850364e-02
2.335684128133425769e-02 8.961123354662148266e-03 7.957906977935969017e-03
2.501198914362561324e-02 2.488249189027359753e-02 1.111051621870091932e-02
2.695398726079508561e-02 1.619589654127416220e-02 1.485518950881847475e-02
2.102427369870476723e-02 2.240091704236962800e-02 5.937924724051574579e-03
2.823505787801527944e-02 1.556813525821146120e-02 1.216873625051699201e-02
2.754488188198427751e-02 1.158812329811657708e-02 1.840312946889236315e-02
2.440849563244614634e-02 9.244959203673902906e-03 7.157460586065615346e-03
1.651633344081591612e-02 7.569377972813779581e-03 5.657170783573283075e-03
2.866244937691400305e-02 1.270764691941248664e-02 9.386310797242274073e-03
3.458235202300238148e-02 1.393663961475794313e-02 1.321997855439056846e-02
2.421541667123219832e-02 7.547642045244343234e-03 2.203384516763923912e-02
4.135903398939529130e-02 2.929892237954259335e-02 2.216369763408765695e-02
2.115207663121389248e-02 6.660982445643627223e-03 4.157792760026573359e-03
3.407300821978873073e-02 2.189693365859861351e-02 1.575425845094712007e-02
2.726961843910638908e-02 1.018331680709289380e-02 1.547492233063931313e-02
2.073041342592537445e-02 5.724640001821676948e-03 1.899706564310670726e-02
1.406584342679634975e-02 4.453210484252149645e-03 6.877852926108039486e-03
3.180226817633762665e-02 1.556558850110015615e-02 1.940993487966201358e-02
2.935395181591691355e-02 6.534466667575424687e-03 5.714297620767335231e-03
1.783637983187850995e-02 7.186090663528542886e-03 5.390050052461436633e-03
2.478236219511152291e-02 8.787338323688820979e-03 1.675607849123918885e-02
1.714087683211412000e-02 1.145648892500596670e-02 8.872538166358370781e-03
2.086616819299208850e-02 1.307940587424231450e-02 7.566087174788216872e-03
3.467417564844534755e-02 1.347730194813304659e-02 1.037213511981528551e-02
1.974047322983811525e-02 6.986648280677795059e-03 6.631514620956177782e-03
2.743201720985763079e-02 1.281564477973554453e-02 8.948321758756502473e-03
2.794046907591667128e-02 6.038351305470269700e-03 6.245259771282877376e-03
2.688603224921148546e-02 1.649553049475187966e-02 2.520606785788858870e-02
3.270847526764068119e-02 1.960620164631105694e-02 1.783206632333957792e-02
3.011928042463692806e-02 2.646488023196909289e-02 1.343437002041053888e-02
2.898108491373412726e-02 9.001590581191761670e-03 1.438772270946682766e-02
1.947936527865910122e-02 4.883267641733510245e-03 3.566976840911406394e-03
1.867078001440999543e-02 6.839271352089505186e-03 4.482490995621174479e-03
3.471055920268903416e-02 1.012170078866879604e-02 1.322976129245887443e-02
3.330732155951388745e-02 1.391969851181005559e-02 9.746836909242473021e-03
3.282186790386110858e-02 1.942192705638830577e-02 1.705637272942775451e-02
3.291297023028604690e-02 8.739044711801742180e-03 5.350392692641071923e-03
2.263872728734479117e-02 4.436460510153216255e-03 5.909601675431410892e-03
2.144268101667875376e-02 1.529279795548570305e-02 2.102691712369859217e-02
3.190480550445364688e-02 1.601169086974622846e-02 7.261303075025263114e-03
2.478625058136321030e-02 1.180010990319602104e-02 1.689331996675404526e-02
3.371765753536364041e-02 1.623758680657648446e-02 1.958342214421713787e-02
1.850767780136169591e-02 5.595575173728044305e-03 5.289952461420081506e-03
2.072596885829509211e-02 7.195356790673139782e-03 6.347954021299890941e-03
2.418808794889381469e-02 1.125381565570520923e-02 5.325391983291638716e-03
3.138851945316254582e-02 1.604527419802812688e-02 1.143586295465255295e-02
2.657710439081563750e-02 1.229698633205130939e-02 6.477282596806048162e-03
3.991720873557639410e-02 2.127499294805753477e-02 2.710030619480170364e-02
4.036536367244428908e-02 2.085785551025269580e-02 1.896596550441427553e-02
1.934360622877366251e-02 7.933070311584576248e-03 1.648784996504934486e-02
3.119263404101589934e-02 1.245456413720832586e-02 6.140585476939445023e-03
2.631130389685985144e-02 2.336029112657959234e-02 1.300668312919362260e-02
2.778086558776108814e-02 9.677990269889569924e-03 1.112654048839767373e-02
2.731577865714526765e-02 8.572220746536874172e-03 8.421112831093494067e-03
2.421802442870122155e-02 7.596290144509070842e-03 1.702454152483839564e-02
1.940863943394727578e-02 7.218397011993236793e-03 4.638449166471648316e-03
2.617957789657014006e-02 9.468993058663853490e-03 7.325650426905697815e-03
2.979724438853895499e-02 1.214460643917287044e-02 7.373224293227980362e-03
2.699405259449316405e-02 1.105796146313297972e-02 2.867524816934537146e-02
3.302295484266398046e-02 2.291555794833537857e-02 7.523498820927421518e-03
1.886726637301457121e-02 6.074594598189430282e-03 1.725508793359365259e-02
2.566276532793971762e-02 2.028222505803281214e-02 2.427448154322991991e-02
3.804127964098191067e-02 2.616751578543940332e-02 3.383954478235930152e-02
2.944434100985306169e-02 1.633085735256653223e-02 1.145612452216287352e-02
3.117997479678604258e-02 1.358526385971028233e-02 9.617117738105279701e-03
3.801743295166707531e-02 1.841505012039093211e-02 2.447785475028037630e-02
1.736787140280825203e-02 1.011856633739205424e-02 1.569977262829747727e-02
3.216096164491398512e-02 2.408615924571299444e-02 1.362714961827797382e-02
1.876842301881630551e-02 1.062925449707121696e-02 2.032327261971288157e-02
1.935837233332994914e-02 1.977395356919719321e-02 6.279762444864467677e-03
2.748901553798338560e-02 1.464556581907596779e-02 2.781471602544027810e-02
3.523222874246296349e-02 1.824340501781399754e-02 1.884442418188713581e-02
2.779738357191668952e-02 1.448749877112295859e-02 2.477771094351038234e-02
2.300840194618620355e-02 1.227183588511056127e-02 9.532608556730291782e-03
2.541633214838724675e-02 8.205517867981482541e-03 8.527807308412616721e-03
2.664117690998980825e-02 1.047982518222707014e-02 7.972072833905118755e-03
2.665764675307191051e-02 1.825375703414113676e-02 8.770310675602046441e-03
3.357916504160603222e-02 1.951668721769617490e-02 3.707319716245056213e-02
3.066712432016713979e-02 1.578769660822259766e-02 1.255167218144626236e-02
2.175668454009632019e-02 1.371661960153510232e-02 2.141760644468463856e-02
2.130464159560565771e-02 1.838490108981280513e-02 1.713604146336031309e-02
3.176795028160857293e-02 1.446671144310200663e-02 2.828218638946940200e-02
2.571970173465950443e-02 1.416130389789430760e-02 1.323162733699432755e-02
3.429974767018310194e-02 1.017035194267389142e-02 1.241295390427549564e-02
3.019226491901410431e-02 1.820706237230554358e-02 1.281741457628121292e-02
2.419970480801109450e-02 1.845325121874006463e-02 6.734325582488958316e-03
2.751225314970735802e-02 1.443743962658151567e-02 6.298353738855905735e-03
2.593027628005858953e-02 1.642313494254617895e-02 8.603868857240749499e-03
2.844748699149908522e-02 1.603600073976749890e-02 9.830486984256935762e-03
1.498276027026129720e-02 4.885937520188845043e-03 4.454222147633094854e-03
2.873883851814719448e-02 1.449822605379821362e-02 1.223622528749497215e-02
2.912963969339235626e-02 9.301034082089421756e-03 4.026902153759672268e-03
4.022741150326967358e-02 2.364372448809657495e-02 1.951249082014546582e-02
3.074839406965192840e-02 2.153047921156244632e-02 9.527873998828390728e-03
3.308620770753741003e-02 2.112328171183469605e-02 1.598848197555615552e-02
2.089804582789229689e-02 8.406852231219556770e-03 1.540949706006566021e-02
2.148623366906987631e-02 4.378838465088009252e-03 1.413217530059800164e-02
3.971502532728267421e-02 3.010005455871990476e-02 1.735093439085926698e-02
1.901714902302677895e-02 1.191255478793675111e-02 1.412353523819698080e-02
3.149909856678621833e-02 1.131567783549774879e-02 1.188444177417382654e-02
1.948654022082170825e-02 1.135810801717210966e-02 7.188140467544739017e-03
2.187924966540788843e-02 1.093749887681015956e-02 1.619447425275011287e-02
3.047706837995801249e-02 1.147039297287469166e-02 9.580651220264253809e-03
2.393894405360275784e-02 1.589171377252013989e-02 1.010853507116600547e-02
2.136008023825834712e-02 1.402962670786355413e-02 2.289456624296290488e-02
2.766094985264364037e-02 1.385412964236485897e-02 1.167994690176350076e-02
2.384775608053497226e-02 1.475157525289930160e-02 2.134728698650891279e-02
2.899773221272092250e-02 1.378333078065464151e-02 8.787146984094749286e-03
2.719874847011407790e-02 7.995782969125200118e-03 1.511162980293048567e-02
1.904160203579082292e-02 1.293901213149435507e-02 7.705654834552854923e-03
4.640223342093525993e-02 2.264145472965392591e-02 2.888633168678447424e-02
2.499775011064588395e-02 1.402533680489886567e-02 9.010601203273922027e-03
4.005296224579424358e-02 1.315701983169776344e-02 1.224592253972098775e-02
2.861486339097372641e-02 1.433724946529052816e-02 1.182314650820807250e-02
3.132756760446096106e-02 1.778503898636035405e-02 1.361987320812370339e-02
4.804189010956821243e-02 2.412368995725470283e-02 3.266982973914099586e-02
2.411928832872754433e-02 2.418828502452308182e-02 1.101748158240740440e-02
3.142394836551874043e-02 2.078378967011761461e-02 1.335196542685290581e-02
3.524431633324282692e-02 1.669256935685273918e-02 1.300149014996467879e-02
2.171486104743322945e-02 9.047741833724644647e-03 7.287047314055473957e-03
3.096579753926935463e-02 1.271453818376308553e-02 7.714580098517996240e-03
2.263934561774133894e-02 9.855327606150885225e-03 9.418716255818068706e-03
3.171131212266059540e-02 7.216188380126654228e-03 7.399247900982851116e-03
2.765294604119997168e-02 1.623037267159260777e-02 8.964095908439665555e-03
2.646084692595286961e-02 8.999072852646521417e-03 7.523698321795924647e-03
2.428060080703908774e-02 1.169872745740100500e-02 8.744340205331074811e-03
1.613510578901868400e-02 1.235753471061574668e-02 1.916625612293258035e-02
2.344867045996702065e-02 5.661134330001091515e-03 1.293602806134249231e-02
1.834171860871709053e-02 5.110111899783209392e-03 4.349363373832763544e-03
2.743491427157044443e-02 1.300985537982646961e-02 1.667234291444438798e-02
2.945913641640655542e-02 1.637877885982199494e-02 1.329965801420951443e-02
2.229907806776817991e-02 1.163525678934383689e-02 5.020592114752428850e-03
1.769761297984003348e-02 1.396320121309188936e-02 3.118742310895510593e-03
2.423957649294045461e-02 1.886164130412091439e-02 9.583519873813671139e-03
2.626341225737538476e-02 7.810795608478023760e-03 1.824018173246711935e-02
1.939002349032487721e-02 5.417491131558344053e-03 7.569646790687528659e-03
2.533774729219590710e-02 1.212792591696583780e-02 6.682121518104263552e-03
1.929597214184108553e-02 2.116368089036673589e-02 6.535909125098269754e-03
2.968035798109307233e-02 1.575328716426402723e-02 9.175678805241902283e-03
2.063308283823874281e-02 9.697279158604356700e-03 8.326670185055947554e-03
3.164728896223977656e-02 6.777530788397246285e-03 6.642065125945424177e-03
2.726239995166419156e-02 1.523829644139227876e-02 1.325531882381704440e-02
2.468288316275534661e-02 7.572275717268784137e-03 5.919366775164466160e-03
3.255071847289178061e-02 2.152310597371351331e-02 1.624185866182953700e-02
1.667767720589974703e-02 6.955570560486745019e-03 1.908437565351414622e-02
2.319295765751998306e-02 1.105434919876758376e-02 5.774073732516656066e-03
2.750588838203193304e-02 1.340429351683107735e-02 1.822743405129407732e-02
2.999712262169044324e-02 1.433012751855779199e-02 2.383730968343870937e-02
2.314657683575640709e-02 1.141140505182036864e-02 1.295107413368406374e-02
3.410507077246903440e-02 1.966438693657655834e-02 2.742058339712294401e-02
4.333242239997721346e-02 2.706185193510391232e-02 2.085466860104536607e-02
3.106820710447235831e-02 1.404394613632056754e-02 2.533843214815229700e-02
2.985622802333428791e-02 3.616790740209277488e-02 1.340278455811391711e-02
3.282043854877041145e-02 2.189950357219429267e-02 1.389193208140449866e-02
2.607568758274951201e-02 9.272990982155653733e-03 1.107970034316307396e-02
2.687433798991713252e-02 1.424462131534367029e-02 2.703630528586071363e-02
2.445799633518577071e-02 7.294076885692555787e-03 6.362357485748953989e-03
2.750979684344375190e-02 1.093067539572179468e-02 1.443615588775495201e-02
1.856685516707180100e-02 6.344621118369076634e-03 5.788577306088085045e-03
2.872489769507848706e-02 1.694297730308024635e-02 1.326836192235346032e-02
2.692957315974470189e-02 1.234636914717796713e-02 2.212206728726319113e-02
2.888214642351785710e-02 2.309230787254351602e-02 1.164396414293569597e-02
2.825455654284197288e-02 1.349995216632977370e-02 1.859221964513828318e-02
2.567874109792846540e-02 1.288690713685555246e-02 1.222473571141173554e-02
2.018400281709653230e-02 3.858015161771816224e-03 2.210782895953606123e-03
2.227974407486756417e-02 1.382367185390316611e-02 9.211670847003573109e-03
2.788616698644267450e-02 1.551361076719698188e-02 3.239849505284023157e-02
1.797461357266201543e-02 8.724442352394948946e-03 1.402410871429697267e-02
3.823140243299844726e-02 1.611800597117446499e-02 1.307908087857007767e-02
3.484506913535063977e-02 1.294897329365430824e-02 1.262616321222940347e-02
3.004023738578060279e-02 1.501070680521334258e-02 1.000586028694014189e-02
3.811759054093277060e-02 7.958781084364563788e-03 1.382599181626698558e-02
2.095989152271418576e-02 1.228263098379346434e-02 1.336326167361635321e-02
2.968586616060877453e-02 6.550124844980144065e-03 5.941858649682011696e-03
3.196046905227237916e-02 7.082853453588248624e-03 1.909459752504143182e-02
2.802362608934709509e-02 1.895842305154727542e-02 2.571703532891767355e-02
2.456292371436902613e-02 9.974884951166530789e-03 8.746739200790016461e-03
2.618986450906152924e-02 1.150538189560661867e-02 1.663725884556228191e-02
2.592096396475213754e-02 1.035419083726763813e-02 6.685219790420243204e-03
2.320085119297851661e-02 9.977253100660121027e-03 9.622885682953339140e-03
2.798179901171389886e-02 1.186864932417062979e-02 1.094096116287935315e-02
3.289516941251250520e-02 1.675265904537448156e-02 7.905054495806727172e-03
3.511404665991019192e-02 1.427858909260967812e-02 8.329602059340942069e-03
3.564112862743769317e-02 1.606802555349401418e-02 1.187700290548939462e-02
2.973759724337300334e-02 1.230435461881819632e-02 1.095191961004179405e-02
2.304391748560149014e-02 6.795292304571708651e-03 7.334417494998243109e-03
2.344538130869185458e-02 1.149971591834646201e-02 8.842340908302541436e-03
1.955545446409401311e-02 7.570174774462433247e-03 5.725176994912359318e-03
2.112359650874119990e-02 1.121042587321360862e-02 7.716183230418902431e-03
2.931074605443565254e-02 1.068596305826580509e-02 1.121142801973520377e-02
2.688530334114945866e-02 1.035139136483202542e-02 8.670323126958957849e-03
2.128052134825631284e-02 8.369517794990300949e-03 1.016339830574027742e-02
2.772040047617549754e-02 1.522978999926702035e-02 2.169381090569333023e-02
1.842136232907437554e-02 7.170645828092258624e-03 7.165071733907077758e-03
2.662073385048178281e-02 1.618548082982750394e-02 1.453004314179203935e-02
1.416232449636240127e-02 4.683971094106184965e-03 5.114016705759070851e-03
2.665177644214887162e-02 1.162954312073613897e-02 1.149744345350217113e-02
1.945992333206868208e-02 8.374522032446107128e-03 6.482745163023841649e-03
2.487488036903322264e-02 1.005425030939898629e-02 7.368941149611897903e-03
2.156424537940741099e-02 7.865139317859131535e-03 8.232316318417063489e-03
3.185136115354767622e-02 1.870700965036865837e-02 1.898838746361113800e-02
3.532791303686540207e-02 1.558044032504531454e-02 2.494273478451173101e-02
2.734926551084704976e-02 1.949573908334449601e-02 9.343703538862600452e-03
3.291845110944421893e-02 1.712360273221212939e-02 1.364113181540046321e-02
2.085923508345163477e-02 9.045274887651482548e-03 6.523326321293375016e-03
2.154244976311630103e-02 8.940278017959008700e-03 4.348079053921364255e-03
2.312826057392196322e-02 7.155585337362621243e-03 5.934940985181167208e-03
2.550718372203688439e-02 9.998721017475807604e-03 1.340646611848016895e-02
1.794574948013364507e-02 4.152806014864478777e-03 1.254553059542094610e-02
2.922800964526798759e-02 9.143506209957382239e-03 7.121798379191670615e-03
2.213945629347373670e-02 1.259944029342563790e-02 5.917983005497406274e-03
2.164606981347513490e-02 9.306148622508407867e-03 1.048884197566202388e-02
1.704935944312366974e-02 5.080142546423975676e-03 2.887902919055949317e-03
2.156938421489094579e-02 9.086441561275981210e-03 6.505665812789558633e-03
1.823459992881279468e-02 8.088621696496232916e-03 6.115794654132754825e-03
2.548921763249688971e-02 1.237418778056499982e-02 1.209133338095910032e-02
2.159034844163745456e-02 1.557961009779906814e-02 8.299157468795941017e-03
4.335337614244037796e-02 1.961147229818371168e-02 1.465224342925964401e-02
3.317062163993616392e-02 2.082297067104521213e-02 3.510369598209130831e-02
3.231238502476135172e-02 7.260179379454204454e-03 4.274362024352234939e-03
2.155834905627082923e-02 6.820200448360660452e-03 5.870323879867831579e-03
2.582647536031265970e-02 1.007587193999629274e-02 1.373407648899017432e-02
2.204183418619934040e-02 1.079055531069715579e-02 1.086016672787857261e-02
3.193647939757515014e-02 3.108719992754677489e-02 7.146613459831913442e-03
4.162856016734529929e-02 1.136296102890064011e-02 1.103264720709820970e-02
2.455517354885324022e-02 1.045793278705518109e-02 6.902980528368130898e-03
2.681580152507250306e-02 1.586470278023913855e-02 8.080714086405827931e-03
2.292736547596735744e-02 8.137378675567810693e-03 7.612480783074967311e-03
2.573516770122551145e-02 9.553594477500745863e-03 1.071972463416585516e-02
2.479551278666957542e-02 1.957082629196759543e-02 1.314290662802356478e-02
1.999534607744104034e-02 8.911842822116686907e-03 9.151982480550173785e-03
2.027177409534435329e-02 8.288109087549917070e-03 7.203344087699512996e-03
2.977522892122101694e-02 1.578654062066220387e-02 2.402908417086604964e-02
4.337375394247337812e-02 2.524962335703445290e-02 1.770961788640131734e-02
2.623892077855288427e-02 7.526985883173640049e-03 6.653493558027794019e-03
3.620320309561415179e-02 2.020567955511908334e-02 1.849905454057368046e-02
2.429712871466706975e-02 1.311578617324791335e-02 9.019848884172768436e-03
3.605847077698322301e-02 1.418800699591691444e-02 1.526461052971555057e-02
3.727885441123867521e-02 1.298644226010848071e-02 2.478154324904286235e-02
3.067566241248205483e-02 8.083692825932983425e-03 8.184176129541462230e-03
2.182202319027122528e-02 8.312925793184615733e-03 2.067862013370520141e-02
2.516846529172611646e-02 8.551173749959404061e-03 4.182393500263129928e-03
2.546225788559682013e-02 7.124905634101897679e-03 7.682006083818718363e-03
2.583701889504567972e-02 1.006998289671543964e-02 1.213278809367072074e-02
2.374474945395235390e-02 1.171399053171480117e-02 2.029460321918783589e-02
2.996888542365352612e-02 4.905585525156004253e-03 6.531414509388903597e-03
2.555365004287046479e-02 1.623602898852734983e-02 1.008431544452420732e-02
2.464192640248066835e-02 1.292038730450941961e-02 2.644686365799175931e-02
2.129124266187065392e-02 9.722154673154209670e-03 6.357760173163620222e-03
2.707769333922516522e-02 1.587681797358657734e-02 1.254644369458217737e-02
3.906242931614444663e-02 2.187877303909382259e-02 3.259210828776521601e-02
2.125252414383968155e-02 1.990189948005684564e-02 8.635729118692982501e-03
1.785522231683926014e-02 8.981001274182918298e-03 1.396077571113732950e-02
3.410373264793332276e-02 1.353974270761634791e-02 1.302617050336497828e-02
3.374455080716828176e-02 1.316659590993362293e-02 1.593423219825073484e-02
2.812748646909284805e-02 1.586806701329453867e-02 1.091225225124936062e-02
2.680835909054988045e-02 1.688649091613486294e-02 1.220758556533135461e-02
3.889042051051101040e-02 2.085928330505129949e-02 1.958740246953099423e-02
3.454723071725081252e-02 1.228343151237123662e-02 9.261680322677833671e-03
2.260850271562135638e-02 8.516496287584671490e-03 2.057731837549571161e-02
2.837429269419438835e-02 1.091843303768372936e-02 1.400937085947704178e-02
2.511432202809860126e-02 1.128364685096767961e-02 1.047749900455786920e-02
2.110601496485291217e-02 8.980118916322183537e-03 1.800182559335089527e-02
2.223267114175369458e-02 1.324385708847423959e-02 4.570975031283796425e-03
2.438203501134900836e-02 1.325711178288961969e-02 2.220698232793307664e-02
3.099572864402948269e-02 1.548024788418523451e-02 1.842969127709821742e-02
1.960674635499781715e-02 7.983514772422069597e-03 5.632511936301743370e-03
3.083996031283950737e-02 1.572863098636930607e-02 1.224033691588002556e-02
2.008214936434226869e-02 7.658786260356391720e-03 2.020989007423915074e-02
3.223512607636140614e-02 9.524148243910013356e-03 5.715842856989672427e-03
2.898794980155662560e-02 1.494439710694836672e-02 1.444677152428467531e-02
3.384841448307024381e-02 1.348049079408801011e-02 2.210710907566138320e-02
3.182123120581476644e-02 1.226654100761248589e-02 1.707682329155235310e-02
3.218324455082511443e-02 1.115352976125797910e-02 1.064069738856016772e-02
2.124673909009451925e-02 8.977593808401289344e-03 2.200685682935306364e-02
2.792381046016688059e-02 1.278581504857015383e-02 1.123509709539643672e-02
3.097245463228079018e-02 1.578510496076923619e-02 1.834700560571318750e-02
2.777743896061260834e-02 8.877445191260479110e-03 4.985532151007445248e-03
3.313841745961106089e-02 2.428512837105945357e-02 1.149669658041164132e-02
2.763796353498643860e-02 7.405139982641958073e-03 4.988028111310012676e-03
3.165516554411013789e-02 1.039765096446951947e-02 1.364079486263016297e-02
2.394452288105849286e-02 1.661113500788744327e-02 1.027130065529500633e-02
