2.459364290972428091e-02 1.627973781394370656e-02 1.402624403067127649e-02
4.994525289995470352e-02 4.512360845833626732e-02 3.139114242950711425e-02
4.268494647672440440e-02 2.872751235092830743e-02 2.365758936481741209e-02
3.684551254482511945e-02 1.965707215293716753e-02 1.314913314308564611e-02
3.407568861753780542e-02 2.270250012535365500e-02 1.745149951395136984e-02
4.635590615682204374e-02 3.101802377754535323e-02 2.892370207730650400e-02
3.535765367412950499e-02 1.876268787324026494e-02 2.133817873024186629e-02
2.631846605074852213e-02 1.063973022056034778e-02 1.547359457669547807e-02
2.697388086253915337e-02 2.239889729695987430e-02 1.671698347723009695e-02
2.649660985909467470e-02 1.136167316193284482e-02 1.268794756894072590e-02
2.873679814404774685e-02 1.440548926658643744e-02 1.189729416485160382e-02
3.462266016494081750e-02 1.803030321917697271e-02 1.735476118121376254e-02
5.528794672282592859e-02 3.329912896198363587e-02 3.090880264647821382e-02
3.718088743296269622e-02 1.847371616622112481e-02 1.101841671148096231e-02
3.283725634475134769e-02 1.844116325202991083e-02 1.951473545961910500e-02
2.898776420473685514e-02 2.010042597477040144e-02 1.446221988654135954e-02
2.066192265398519162e-02 9.361179263715716653e-03 7.931296575315278929e-03
2.696683858384753621e-02 1.550798899594031492e-02 1.405589131594979155e-02
3.528598687951353674e-02 2.156734101706159895e-02 2.119945037750015776e-02
2.205450578691174265e-02 1.990741595543507603e-02 1.432756233141524449e-02
2.661886671066961488e-02 1.989127806795017162e-02 5.236812936771349097e-02
3.286047481995323788e-02 3.298133688334077551e-02 5.771351613254730589e-02
3.585394458519929051e-02 1.870930304883804476e-02 1.507595679270755211e-02
5.613343450262323758e-02 4.034982428896069506e-02 3.752436033098970058e-02
4.869910382502438961e-02 3.980138180908436574e-02 7.411141663362147414e-02
2.083277322871211062e-02 1.447684709448241944e-02 1.181893052572065977e-02
3.602273888599827334e-02 1.576714699541565887e-02 1.007029041281143344e-02
2.164217824307703222e-02 1.278299238911603450e-02 1.210461457073411934e-02
3.126439859614634637e-02 2.287134327767183228e-02 2.245441542662277024e-02
2.062259481009849627e-02 1.339975028045272375e-02 6.693216513377086598e-03
2.784954094714154477e-02 1.396405757224653162e-02 5.783958304329588074e-03
2.988951141824539026e-02 2.305282476498132088e-02 1.560254440707558622e-02
3.259311847704905035e-02 3.198317332294606241e-02 2.038672674624351228e-02
2.746917853361346279e-02 1.790351276336691819e-02 1.188393633846826503e-02
4.648657243087929436e-02 2.501804809401382210e-02 2.403943771381036182e-02
3.229791033931436045e-02 2.731928833231501291e-02 1.376991676955697207e-02
3.298237957191137160e-02 1.093867435632391201e-02 8.577220943644251264e-03
2.991669846378527259e-02 1.833579307065337505e-02 1.084498866566883241e-02
2.628983306911180859e-02 1.480110335462226506e-02 1.145002258619727022e-02
1.915025886370204725e-02 1.774241973228044347e-02 9.952973767604031061e-03
2.324513512730051745e-02 2.007009753739280242e-02 1.557115432399350241e-02
4.293518944015317640e-02 3.091133520360863848e-02 2.258098002035753907e-02
3.164040999567276774e-02 2.263321946774564386e-02 2.021338727867431559e-02
5.158219542878383912e-02 2.810417814176249807e-02 2.287185446997368199e-02
2.837566413144555419e-02 3.197510419540448845e-02 1.803329331995247656e-02
2.577435756239674497e-02 1.907451118679658400e-02 9.423738751570385000e-03
2.540945679860219519e-02 2.359149972189559033e-02 1.736594884795347390e-02
2.990819039676673174e-02 1.939589289354281057e-02 1.257484045638720786e-02
2.693542250741200877e-02 1.363791880840752729e-02 9.147498119406415745e-03
4.440084102496184154e-02 3.445386451486046053e-02 2.596213615281796686e-02
4.073863449054684199e-02 2.411973042491247221e-02 7.563103279902555487e-02
3.078289912145934851e-02 2.705730330580360596e-02 2.074203102986171138e-02
1.769560873152063729e-02 6.374026120787664243e-03 8.658376927352585961e-03
2.729340803195737936e-02 1.617454994360616183e-02 8.390216505118340204e-03
3.269559645001104964e-02 1.729963612956613925e-02 2.223298549836421820e-02
4.148930389300561211e-02 3.929495240588255084e-02 2.640101712860266209e-02
3.408024280513311660e-02 1.567330765445346455e-02 1.153641740387720792e-02
3.095306190761140316e-02 1.506314840778251625e-02 1.241515689785355550e-02
3.330053412096986576e-02 2.418654230919454681e-02 6.288983406929750386e-02
3.527366903946570209e-02 2.134853725228224100e-02 1.211002995204057270e-02
3.874238958358480756e-02 2.611217808860120601e-02 2.083619489425234117e-02
3.340550620134877940e-02 1.752659395086943184e-02 2.415648598591909821e-02
2.073770346255472685e-02 6.049771893983237926e-03 1.028787081607063919e-02
3.591468154000405227e-02 2.782912304283150298e-02 2.212143773421219872e-02
2.849562688434695637e-02 1.813224961400802804e-02 1.383210024066967858e-02
2.672555322217095436e-02 1.494584691359494497e-02 1.096306720083850376e-02
3.434539428937437994e-02 2.474183478197445468e-02 1.746317164868596561e-02
2.416570855995922584e-02 1.108267921378636167e-02 5.970614690840873179e-02
3.756304489311744488e-02 3.545208561144275183e-02 2.073017854327554796e-02
3.729818453569116316e-02 2.058991308873436149e-02 1.621697610301243639e-02
3.669251919976546095e-02 1.321246216370406540e-02 1.278402611006635402e-02
4.009775528083767138e-02 3.642685514392340895e-02 2.468973581987075547e-02
2.952699084429085546e-02 1.846464935781055861e-02 2.199188652913298958e-02
6.407087193040211792e-02 5.667333730267688774e-02 4.274014568546405379e-02
3.256985497730622431e-02 2.101140373240163034e-02 1.858378798380764391e-02
3.591014559523211108e-02 2.004474897494028934e-02 1.182087432828003715e-02
6.251597586496067394e-02 3.676334825704072329e-02 3.096406063393181834e-02
1.402340877397076357e-02 3.843005441815426290e-03 6.841173808166005343e-03
2.396298023658124596e-02 1.272498239314927802e-02 1.349502687145511318e-02
2.760521507103303601e-02 1.803526147722022202e-02 1.308773768702495809e-02
3.382306981696663745e-02 3.115709990637040988e-02 1.535585633478385621e-02
3.409488735583418584e-02 1.759812907224293094e-02 1.114369268523154877e-02
2.571501531678033192e-02 2.434432943970329943e-02 1.568875274646999718e-02
4.639727603475991835e-02 3.085026828972909155e-02 2.504459037700901974e-02
3.140850515646293611e-02 2.310967286674786569e-02 1.228708698458965375e-02
2.860956795098374902e-02 2.433252717976163229e-02 1.588461841681514455e-02
2.937527351835378733e-02 1.437598658697274503e-02 1.016364454215265382e-02
3.399026604538256391e-02 2.752409914952361203e-02 2.016906021420911133e-02
2.032238670913851311e-02 1.826628170282064423e-02 1.051465570164350841e-02
3.005890467969943303e-02 1.847850739395216074e-02 1.759184923141135851e-02
3.247461626831111420e-02 1.809069889711437465e-02 1.556296257945746428e-02
2.782238534922797796e-02 2.322452502415558312e-02 1.831677917323485186e-02
4.086538482719306170e-02 2.022847237072543380e-02 2.592149074516271468e-02
2.957464695648757969e-02 1.344277582168670535e-02 9.898379756204927354e-03
3.544827295201075784e-02 2.156032878168738162e-02 9.307919779281378578e-03
2.084359555686394680e-02 2.540281708695376478e-02 1.545984144804553664e-02
2.681551747525361823e-02 1.954722224296301381e-02 9.387146315680227476e-03
4.070796322029451159e-02 2.355845039064819249e-02 2.260420651052034643e-02
4.700178380434615749e-02 3.139044049041819079e-02 2.496720194330582371e-02
2.349229152263473605e-02 6.435649407475554917e-03 6.263275677518945900e-03
2.609508437224584976e-02 1.941514473393335036e-02 1.840559861544254980e-02
4.435149057982670090e-02 1.885127759768643815e-02 2.338687725864574060e-02
2.855641624595212438e-02 2.072693522431427737e-02 1.354800223371339582e-02
2.950073733261877190e-02 2.023495175477709254e-02 1.555536080123371724e-02
2.853963896881456588e-02 1.746964779844274729e-02 1.615999651812497287e-02
2.947870441541999842e-02 2.040236512730509919e-02 1.901663490998591749e-02
6.423304264880115577e-02 6.845521882995045382e-02 3.155584179386985988e-02
3.484974107648528691e-02 2.357146993233913759e-02 1.683960488420701423e-02
2.758338739894630048e-02 1.501795434148683189e-02 1.383850423269548068e-02
3.851519971981292451e-02 1.603323912855928249e-02 1.445527602943966552e-02
2.265153523522933643e-02 1.568467191670375183e-02 1.103852737573814830e-02
2.301486583024829960e-02 1.719745338408520605e-02 9.198178461398181377e-03
2.629901146788148070e-02 1.567171102295364035e-02 1.121336114619246767e-02
1.926733046852012812e-02 1.497273986852223730e-02 1.261496609901769164e-02
5.510996751543529443e-02 3.083034411773746472e-02 2.461467662267667264e-02
3.354996904272104785e-02 2.206665614342277759e-02 1.720623140468230047e-02
2.966746957875078181e-02 1.940088590194368259e-02 9.208763607679460589e-03
2.865170785720525665e-02 1.192585368384177155e-02 7.196485858429999688e-03
6.049318822339436880e-02 6.189440371492467563e-02 2.738266407553974907e-02
4.687421264540513749e-02 3.824029506942462631e-02 3.245048206561716025e-02
5.158531061710071308e-02 3.368918909451816546e-02 2.696977194665527156e-02
3.468123249852830131e-02 2.603029949386357483e-02 2.147346412809027216e-02
2.222063314568181389e-02 1.548081165469523783e-02 1.057939884924256370e-02
4.065682783520532112e-02 2.712846495512724956e-02 1.972781142983547065e-02
4.385745430767549330e-02 1.870226638109267689e-02 1.265410040991655355e-02
4.836523191516878956e-02 2.691790090236091323e-02 1.848215474631563146e-02
3.223749284889262240e-02 2.287466771068158433e-02 1.660755003065101515e-02
2.639342263032379288e-02 7.635803900912885127e-03 1.018422369088507230e-02
3.578047981416348361e-02 2.585508164621800470e-02 1.579107467480360405e-02
2.117464316318243625e-02 1.345219956766434410e-02 1.274016277272134977e-02
3.542132550426314169e-02 2.417446760875091930e-02 7.143676837864794404e-02
3.859375917180641463e-02 1.516513755968480932e-02 1.646163022858708816e-02
6.025532855658070203e-02 2.862749484409805173e-02 2.555548939614995727e-02
2.215874416266235339e-02 1.286387122119256148e-02 1.424658500496238552e-02
2.347424635043574362e-02 3.358858373850635848e-02 1.478021984700431807e-02
3.610605046917803734e-02 1.840685496238472774e-02 1.828490268944744229e-02
2.376034538666207951e-02 1.572456533813837778e-02 1.424691735940844008e-02
2.092674372594767115e-02 8.470866497191909678e-03 1.081777179162080049e-02
1.325462696540301473e-02 1.263645964440526792e-02 1.078493962569163946e-02
3.091799823637886649e-02 3.245347725009151141e-02 2.061512615830347894e-02
3.033472355268729617e-02 1.822532888847072999e-02 2.038376645720909111e-02
2.736802327316763261e-02 1.596539818778365885e-02 8.422150766596770213e-03
2.984164234079110176e-02 1.519784133376399574e-02 1.435190368874482598e-02
3.106633078159344238e-02 8.881723752975845959e-03 9.616250559868737974e-03
4.066233042210671417e-02 2.419073405949704464e-02 9.684076800961519127e-03
3.389355678108491032e-02 1.729708767679933451e-02 1.721261424064687504e-02
3.847663780409465994e-02 3.012663198182222862e-02 2.328510014465446504e-02
2.683284696559433066e-02 2.316044475905575106e-02 1.617373704706448131e-02
2.234558397368993990e-02 1.189867450233756188e-02 1.089252007994255533e-02
6.085774054411346307e-02 4.053811513527232069e-02 3.335934146511432274e-02
3.529649719393002094e-02 2.764937426824429223e-02 2.179175819085605453e-02
4.954187808942333432e-02 3.193543962329040836e-02 2.178235659705848523e-02
3.620156755345874805e-02 1.553839399505489889e-02 1.201965469169820333e-02
3.402155746989211221e-02 1.489890237487069558e-02 1.569725329656616181e-02
4.312254652408304550e-02 1.709692364093286926e-02 1.580516826707270908e-02
3.449592862613570093e-02 3.087079380376836144e-02 2.026677535604804251e-02
1.852807618895082470e-02 8.663648909020413985e-03 8.121590638937397494e-03
3.009544803637010865e-02 1.371496343088667025e-02 1.558549718633960371e-02
4.226785483908286623e-02 2.929050266002990871e-02 2.629918768974269863e-02
3.264587101076084352e-02 2.189252945352499619e-02 1.230328792825238077e-02
3.202835020070538691e-02 2.050620256121238327e-02 1.440545230066090851e-02
4.538685978347404421e-02 2.628774392813052960e-02 9.205549054892646355e-02
2.308842216294458224e-02 1.077474998229032907e-02 7.308342088455418127e-03
1.489070722534444578e-02 7.739525096353283562e-03 8.643633151780880791e-03
4.169487924517124855e-02 2.620469191947137275e-02 1.989411702094894679e-02
4.664841953072312170e-02 2.628274075720263975e-02 2.364343073529140415e-02
3.453985429291855230e-02 1.413037978460517791e-02 6.905553741082853976e-03
6.130505910721602975e-02 3.866870367672393949e-02 3.178320609116767892e-02
4.719324985712389231e-02 3.494490804689659447e-02 3.134719827895358218e-02
4.337406829464653113e-02 2.517901832977813975e-02 2.172579981754293316e-02
3.222704509014035629e-02 1.953855663975977153e-02 1.699305147310601477e-02
2.366013694017718438e-02 2.896371400882665273e-02 1.609942449274971710e-02
4.488873439917780844e-02 7.382193326775658704e-02 2.485082062857664129e-02
3.149547663775388584e-02 2.076890699882829802e-02 2.501998713302732921e-02
1.969346162741722819e-02 5.713226461963041673e-03 5.630324107280276595e-03
4.522195918744835452e-02 2.631509416873265006e-02 2.696440463018492939e-02
3.050905390704280670e-02 2.745067262455481299e-02 1.617119914673614128e-02
3.134262223977734435e-02 2.263672414215657513e-02 1.279365828969236674e-02
4.321266956223405314e-02 1.133088423911089888e-02 5.397156777406666994e-03
3.236239429470458978e-02 1.426110027122263861e-02 1.666627316413225521e-02
3.265449570470426582e-02 1.999764957894625828e-02 1.255128402741107103e-02
2.349496620765060759e-02 1.565510770704525018e-02 1.113948132300621695e-02
4.026127740108861180e-02 3.477884633301665807e-02 1.988665282473005974e-02
3.639728414232838716e-02 2.856881267151165082e-02 2.351041226763512376e-02
2.930428786629343113e-02 1.142876488446743777e-02 1.550512091912811113e-02
5.980680667093454805e-02 5.612687499642482480e-02 3.747992495427161092e-02
2.068900082626741119e-02 1.801254168360032215e-02 1.176827811928144243e-02
3.004134033439368606e-02 2.074907692553827968e-02 2.090708733708843831e-02
2.729940660352998816e-02 2.465214378364558728e-02 1.956727631087275612e-02
2.592666114313204803e-02 1.477298543457301883e-02 1.014255005058964203e-02
3.542885430153287080e-02 2.125342730566644883e-02 2.244973475089234033e-02
1.358240823919762592e-02 1.142154893624212735e-02 7.663066913922736596e-03
4.014450731510096210e-02 1.875636186814930856e-02 1.415666147647939854e-02
3.758861080814498989e-02 2.710582255393417447e-02 1.427631842808670462e-02
3.415692034997351578e-02 1.986199131859466699e-02 1.507002765401766441e-02
2.849096062018519407e-02 1.699221937238033081e-02 1.534302493452748169e-02
3.644622303727824975e-02 1.613437456938601744e-02 1.315193806904306831e-02
5.663937530184346564e-02 4.802646211180215674e-02 3.197433302634722363e-02
2.642116587249060747e-02 1.994670684759499921e-02 1.271319789905268720e-02
3.088697767197307736e-02 1.858617026912277176e-02 9.334972257696621395e-03
3.442603724621109973e-02 2.159247418986012454e-02 1.209514434298993024e-02
3.467947384243359743e-02 2.748542889873174105e-02 1.415210326843396871e-01
2.398912714023146778e-02 2.291704361716530303e-02 1.928599223246629801e-02
2.126080272699139642e-02 1.165507757130968512e-02 1.100897574863208064e-02
3.520570107240975771e-02 1.614066165579061685e-02 8.743372666594386583e-03
4.195173153743753103e-02 2.389664024932174058e-02 1.736636030095036962e-02
3.931660608826254011e-02 1.406783613942974229e-02 1.195715323620841902e-02
3.519554976875818170e-02 3.289175428540464657e-02 8.930638330951765069e-02
3.218062355195192709e-02 1.759467868192377688e-02 1.458619489378422222e-02
2.727658168958153884e-02 2.082664023757104660e-02 1.792275547864372737e-02
1.855000835620972122e-02 7.275110224644274100e-03 8.086639354706206748e-03
3.903208177627092573e-02 4.062816969683299972e-02 1.974916461943822601e-02
1.553375369073724602e-02 6.325343739896693157e-03 4.399671172239201511e-02
3.378510897050983341e-02 2.567895349178892644e-02 2.158703667734706427e-02
2.814882313184495152e-02 1.987934997790076486e-02 1.534334775883820258e-02
1.722290902690622877e-02 9.333509792857946213e-03 1.304286246174034616e-02
2.585250465079544022e-02 1.339215913886909227e-02 7.312034844040221637e-02
4.514787013427351559e-02 1.265398521344397210e-02 1.116893168889421771e-02
3.013753814333968578e-02 1.554406986706086298e-02 1.296423876949066335e-02
2.141746030845309220e-02 1.389430261960659593e-02 5.118357717298386428e-02
3.844019377948763860e-02 1.501687890799954274e-02 1.508714560949198091e-02
3.760962696694812590e-02 2.038873152018939178e-02 1.935148822458777201e-02
2.260245779760524515e-02 7.861746926637974003e-03 4.496488652996002630e-03
5.538090274506435318e-02 3.632930460374365900e-02 2.172395594796074081e-02
3.970884632922917074e-02 2.144412673294805727e-02 1.812834825739230785e-02
3.578911900077636626e-02 1.439999389200213344e-02 1.543289127152220816e-02
4.305455653354927498e-02 2.931511313841332275e-02 2.290018741404500902e-02
3.195831499509253076e-02 1.552630713761898179e-02 1.174908187111994677e-02
2.342993073821657279e-02 1.601169542210454863e-02 1.043690088664255000e-02
4.326769684998410526e-02 2.550070371274093528e-02 2.281721833950512562e-02
6.426358497649899137e-02 5.269577207834065524e-02 4.828268162397953561e-02
3.765362282324453969e-02 4.015567921527833650e-02 2.066888412912501471e-02
3.875462335380654155e-02 2.240379800036890884e-02 1.592797775803363181e-02
3.062441394349691912e-02 3.081905275191364896e-02 2.218108159360309556e-02
3.161138475775808476e-02 3.369470388431543978e-02 2.246331843135634942e-02
4.083445220143424453e-02 1.652345571421147408e-02 1.182133980694570138e-02
2.905371657695197604e-02 2.105966718813974403e-02 1.038507609363747280e-02
4.072354058874157190e-02 3.255103084367774735e-02 1.666389663963665363e-02
3.029875622233611787e-02 2.185788759755373165e-02 2.121683792967465204e-02
3.810090742173972977e-02 2.556180581588161221e-02 2.103624994844984289e-02
3.651581862066721751e-02 2.774203056094904848e-02 2.362249069163095336e-02
2.984936529567606273e-02 1.457195934692382365e-02 1.778977209902661213e-02
2.251752250609494188e-02 1.793366609294973560e-02 1.369552836667410275e-02
2.245261453161793638e-02 2.095218312433268573e-02 4.385604800382242319e-02
1.946067693511068647e-02 1.127873659771669659e-02 8.177745220027888423e-03
2.893234435718761502e-02 2.146429961853876106e-02 1.166592766166343886e-02
2.750470635795879831e-02 2.197738374899978198e-02 1.430732412993581011e-02
3.418320759801780906e-02 1.934935862367757886e-02 1.793121882459535257e-02
2.762640903074510546e-02 1.691475842208003261e-02 7.724960888893219781e-03
3.661407576007062736e-02 1.623320938677577652e-02 1.679408179581192220e-02
3.339892413816908379e-02 1.830863051299463917e-02 1.535205953015582152e-02
5.396618107147600069e-02 4.053652085410189287e-02 3.050148491145851515e-02
3.943620704551330930e-02 1.965076335768396049e-02 1.926652808605551145e-02
2.055683368237321354e-02 1.351966476583671591e-02 2.127744738333694693e-02
2.591389302405339504e-02 1.392926083490559491e-02 2.217133010794967302e-02
2.925418900078654086e-02 1.353294489877583835e-02 1.363199111502780975e-02
4.447481026517484393e-02 2.584259925244352524e-02 2.572109714753319232e-02
2.988613457803837581e-02 1.873807001117339111e-02 1.074558153864287741e-02
2.778806347047216990e-02 8.589542841763886383e-03 1.041915006607143680e-02
3.022358963239560325e-02 2.042099313005656114e-02 2.110339863400734553e-02
3.152484515655964298e-02 2.281387094860960404e-02 1.279226840329937900e-02
3.402735509528198588e-02 2.545917494559933603e-02 1.348431243229296014e-02
2.056285548680129166e-02 9.833484035755717806e-03 1.454156533432082385e-02
3.358787260497542171e-02 1.805020674188281826e-02 2.203011144850052644e-02
4.753505627595538963e-02 2.530202221339081584e-02 2.824412096134202091e-02
6.022977017465848404e-02 6.010204770481236691e-02 3.448692728714407990e-02
2.398270204611539433e-02 1.656157574043142303e-02 1.130775634226808060e-02
2.120285015398076442e-02 7.149822207915632749e-03 3.526567066012566837e-02
3.554580592272907347e-02 2.246335053908561641e-02 2.113243209180886567e-02
2.914562570556568713e-02 2.365311298276135538e-02 1.770061023264942260e-02
3.702937873303762534e-02 2.206800324197937674e-02 1.761707298447010364e-02
2.988532477961917261e-02 2.126559101921983441e-02 1.291573119502889729e-02
1.952982262526945997e-02 1.585731707587056949e-02 1.255269187060547437e-02
5.106045535549787184e-02 3.052476289325096667e-02 2.708648801017018298e-02
4.837844112146071074e-02 2.424848695312197683e-02 2.152781575770176120e-02
3.460242698350527585e-02 2.803784689317263129e-02 1.490716660694514986e-02
4.393141246030344421e-02 4.135574909754588524e-02 2.638746772493163681e-02
2.023579940838461308e-02 1.282461624439967807e-02 1.053061299490439667e-02
4.323330919655710841e-02 2.402686914523232201e-02 2.371117106086299137e-02
3.545375621804945643e-02 2.715826710266259700e-02 1.934825086441920028e-02
2.975544400552834756e-02 3.135902544928193675e-02 1.632648223885567462e-02
4.820152884448525993e-02 2.212238163563086044e-02 2.481045537025742403e-02
2.687447079178216860e-02 1.915671892491234429e-02 1.468333113914883914e-02
5.756721833212441464e-02 3.149330349204478019e-02 2.601839482479963855e-02
4.021977981901190408e-02 1.937581829361873648e-02 2.195678207898780696e-02
3.480129471596229984e-02 1.919329989262598402e-02 1.626353987401157886e-02
3.149863849383077036e-02 1.052221089057699469e-02 7.172304099628682046e-03
2.852502735283536997e-02 1.607182632836816685e-02 8.930620280412544104e-03
4.129944159299409057e-02 1.872490010893921447e-02 1.980624604847948042e-02
3.610355398938790150e-02 2.415498216296773845e-02 1.965187775727707600e-02
3.382455041425807413e-02 1.812813978980164567e-02 1.520650375020083690e-02
3.167761085150846284e-02 1.519808796559733721e-02 1.145318375957215563e-02
2.849210809164417352e-02 1.875313233019255260e-02 1.707804195400550173e-02
2.659291273113088133e-02 2.550180070443414104e-02 1.643308597951674208e-02
5.404270229294903805e-02 3.746087476243057518e-02 2.385570076786162896e-02
2.263355733255565869e-02 1.839535525777719407e-02 9.704309277823950849e-03
4.982415916513652232e-02 2.877300517101676058e-02 1.406273247341082930e-02
1.991703231434048885e-02 1.957509558486617007e-02 1.075140436087598621e-02
2.670889091988890018e-02 1.255094822483764604e-02 9.349625565723241119e-03
2.354917105712398678e-02 1.929846196769841038e-02 1.436228673437986089e-02
1.204915313211822429e-02 6.574965486763299262e-03 8.326904110751901997e-03
3.652649890962297169e-02 3.101305189617731273e-02 1.724335383475993425e-02
6.880451227565879957e-02 4.934823676135884074e-02 4.144516808089843130e-02
2.869607701235060010e-02 1.844671790362166497e-02 1.714922879583000159e-02
4.861473779184299904e-02 4.317250526760002538e-02 3.330933661667487972e-02
2.609746167136723499e-02 1.020200185960888628e-02 8.958549722161033776e-03
4.132521841960960785e-02 2.333333869753154155e-02 2.301076853777145326e-02
3.075227895076295889e-02 2.141134215588442677e-02 1.535235000770204632e-02
5.645320287533638764e-02 2.529775954805479898e-02 2.900481877723885479e-02
3.302047731775654277e-02 3.205304187847721892e-02 1.608104419097459992e-02
4.013843803530219023e-02 2.261193619836117732e-02 2.101242966732746326e-02
2.799916708498963874e-02 1.626700233466043741e-02 1.563692089726980913e-02
4.206958122837657632e-02 2.752610256302726044e-02 2.174752968554031357e-02
3.156954842497569635e-02 2.391684616970590760e-02 2.189465240221993153e-02
2.851784633221654888e-02 1.777973156073234598e-02 1.613555323657551305e-02
2.217838546879549386e-02 1.401828363737264542e-02 1.026543428524312983e-02
3.434929437715634332e-02 1.426266335332868410e-02 1.680351488689964257e-02
2.253546222139355196e-02 4.839846241158597510e-03 1.457689266465139744e-02
2.132785387421852821e-02 1.718414782743109617e-02 9.272904843280844675e-03
4.288382735514170013e-02 3.222500958642184055e-02 2.730814139724261139e-02
3.418041849538055316e-02 2.670772208307382878e-02 2.078551158537759319e-02
1.469907376091753037e-02 8.232316867843727376e-03 8.743607443833767076e-03
4.984098953215480854e-02 5.617028445292977096e-02 3.100452585299331640e-02
2.299174085239105714e-02 1.186874448298130998e-02 1.655546822872829005e-02
3.024514159130852267e-02 1.191147981494435418e-02 8.676395527975193020e-03
4.747724199496479447e-02 1.685754748911997419e-02 1.636992203291403464e-02
1.554628338919501751e-02 1.415994804512972667e-02 1.267745573831917383e-02
3.603222295212417381e-02 2.439714508919742925e-02 1.888010657066548775e-02
2.213301145752004373e-02 1.381196677232922505e-02 1.308284928871296209e-02
3.448303724265217723e-02 1.742334371038429044e-02 1.659549850791097042e-02
3.058522653559762883e-02 1.388651047518812444e-02 8.931367440228528062e-03
3.036958830537581089e-02 1.550633411521795159e-02 1.262389947623713572e-02
3.352851716186947689e-02 2.006662413178362386e-02 1.698343144201609756e-02
2.870332834423845042e-02 3.568751521605559307e-02 1.471805512698518698e-02
3.357924750306655326e-02 1.360211585603787743e-02 1.312668594844003216e-02
2.648764288193283453e-02 1.647767147594405429e-02 1.400742157339185043e-02
4.127765391683200363e-02 3.478331614905682406e-02 1.771739793506106608e-02
2.083788855934507259e-02 1.158159946855233727e-02 7.985687925360194714e-03
2.419961076995929411e-02 1.276256296202186481e-02 6.199811971780959385e-02
1.784347067407155568e-02 9.521397472552144137e-03 8.939452053249107022e-03
2.223818582755325568e-02 1.018602843167634373e-02 1.102695966888144960e-02
2.120434456443745161e-02 1.462185583785502452e-02 1.190583312603746453e-02
2.669122354498768002e-02 1.266515659007157873e-02 9.447930791587474605e-03
4.268756748607204637e-02 3.652660397629289152e-02 2.953124807897008694e-02
3.551323690632705171e-02 2.654326822911764333e-02 1.933708140825198679e-02
3.673799147545864924e-02 2.124511470936648119e-02 9.172878829237214246e-03
3.247381949567491183e-02 2.198475891068209925e-02 1.943709632378613772e-02
2.881551319052873261e-02 1.772635484686848131e-02 9.954990763558040079e-03
4.496730579771850145e-02 3.409223508327698104e-02 2.216493904733692760e-02
3.636340870417664045e-02 3.261005341038390737e-02 1.910463532765916544e-02
4.318940029755684307e-02 2.329475966500268655e-02 2.364479985820534813e-02
3.912523439096976530e-02 2.605261917746336947e-02 1.993877388151269262e-02
1.774101048145294152e-02 1.422418478349578470e-02 8.259437329356567742e-03
3.950316847844712043e-02 2.744380289561918276e-02 3.766819219968450816e-02
3.616994138362306099e-02 2.578005405860848628e-02 2.392574985781340327e-02
1.616068653574116026e-02 3.480947673486128879e-02 1.637694071065744911e-02
2.902812970787686450e-02 3.317186189609327984e-02 1.296299387265692146e-02
4.789410866706728109e-02 3.007144646394055085e-02 3.207852786240192322e-02
3.159698337104235172e-02 1.492023220593218825e-02 1.648004997102417435e-02
2.432997905843228142e-02 1.951509761218999869e-02 1.437794243140292152e-02
2.360594514628100438e-02 1.726848125948206997e-02 1.360775773343092694e-02
3.256019162817032353e-02 1.833303243848102143e-02 1.589713506393024278e-02
2.674959485353539668e-02 1.293403254339953873e-02 9.875626576232272164e-03
2.079620115649860948e-02 3.275087006504030784e-02 1.167594254233596425e-02
4.252920214992719772e-02 1.510619033511489268e-02 1.766369916743315907e-02
2.743139539711893227e-02 1.991703131600718046e-02 7.406031156019254359e-03
3.042517378608719167e-02 3.624547803428034703e-02 1.492477506203531562e-02
5.030969070832147505e-02 3.875343303500460024e-02 3.361393032951488086e-02
3.104050582395805405e-02 1.184718585218037801e-02 1.303143878306873421e-02
3.647188599897224770e-02 2.722212338951396013e-02 2.187573257680452618e-02
3.011545231753814250e-02 2.084206925321044346e-02 1.693832495009785569e-02
2.986764707922262563e-02 2.215413789334973182e-02 1.578459318637993533e-02
2.471558952761861855e-02 1.990610183693322308e-02 1.535597299744835553e-02
4.016504565943126298e-02 3.487727507658694437e-02 2.880932353825070222e-02
1.938253646531375163e-02 1.304737339452809002e-02 9.920088268778453136e-03
4.955625022181534695e-02 3.260527896189530095e-02 3.281348722831638198e-02
3.825101517255090344e-02 1.611824924062509393e-02 1.411827240677080569e-02
2.839132490235291711e-02 2.351826655761169241e-02 1.598524887700222830e-02
3.857494902097744621e-02 1.780862104729115034e-02 9.046647708374801200e-03
3.236402306385752214e-02 2.415100688903320733e-02 1.270768689328418376e-02
2.778677268027232583e-02 1.879759992072587566e-02 1.573219490247435362e-02
4.270746647587032874e-02 2.150377184692123245e-02 1.674917572337111110e-02
3.457690853733891984e-02 2.588699998168617067e-02 1.684889381748581882e-02
3.954754413585859218e-02 2.837949942705021017e-02 2.415208646567496009e-02
2.208481504241613727e-02 2.295035156246631042e-02 1.130207832941623747e-02
3.375278434831419788e-02 1.538908574512578946e-02 2.120454205949256696e-02
1.241172881913989515e-02 9.477706979204979926e-03 1.433287756915249851e-02
2.299610131922042583e-02 7.072944460188749366e-03 4.077293865716260894e-03
3.512422702969468513e-02 3.280942444769461425e-02 2.177159101668192653e-02
2.596726754856858513e-02 2.064860579691377152e-02 1.622842093176509945e-02
3.468411369928690174e-02 1.640871584012027623e-02 1.480292485544536588e-02
4.511528436867553310e-02 2.880822904807362611e-02 2.065764074389861774e-02
4.339450082662134334e-02 2.513994443634906539e-02 1.353194068762800066e-02
4.308901669003634138e-02 2.324282174390859129e-02 2.067927973596315680e-02
3.756442170940688108e-02 3.079972665828894368e-02 2.136232677410919434e-02
4.148219885225508385e-02 2.396502613076333457e-02 1.892217255082708632e-02
4.467020414989419236e-02 2.095031305959759588e-02 2.026258924976169842e-02
3.528192032898672115e-02 3.792559958532407821e-02 2.199839231562864331e-02
2.398905013792432261e-02 7.572419571214066003e-03 6.252455607673270722e-03
4.721040633086886346e-02 4.336499060312985071e-02 2.836604913196965477e-02
2.399408361564400738e-02 1.484684735671753034e-02 1.072499078902378229e-02
2.877555538910090555e-02 1.333841357612062378e-02 8.918199207425142952e-03
3.276688646418163958e-02 2.234178508246075640e-02 1.181015643660305627e-02
3.777427186189100811e-02 1.593619256498462686e-02 1.456601483461164755e-02
2.987142632693143285e-02 1.157883325545756154e-02 5.312314438068918218e-03
3.458880300505166872e-02 2.218982841355791880e-02 1.947250191786160933e-02
4.220432278445945123e-02 2.859386986414028803e-02 2.090770538528911177e-02
1.174460572593369855e-02 5.586196952379083452e-03 4.778651195520624076e-03
2.108386825608443357e-02 1.691673057791482152e-02 1.983450425774506420e-02
2.640534761351706963e-02 9.773654954453335486e-03 6.423427783060550213e-03
2.939184836927340172e-02 1.416763393781994389e-02 9.126454673877933479e-03
3.667922656674717924e-02 2.029242438804913784e-02 1.148886208527592073e-02
2.525387584895729537e-02 1.982271026270434819e-02 1.370852258717515128e-02
3.157322742139566374e-02 3.200404388426042468e-02 2.016061051249708885e-02
3.842789502988256528e-02 1.755916596551613737e-02 2.030744035451112484e-02
4.747251626322555179e-02 3.213155589087829389e-02 2.591332124983785831e-02
3.947014522581092366e-02 2.888011085161598310e-02 2.222937165154470485e-02
2.734309629699272284e-02 1.502881505792580050e-02 1.407109567118317375e-02
2.720043776902310653e-02 7.232308196583629376e-03 6.140848064061630099e-03
3.181889058286099803e-02 3.454976520724417632e-02 1.719200598556777995e-02
5.711242079434418473e-02 3.982196783315954808e-02 1.205744582459748054e-01
2.895183780662416440e-02 2.454122580422684816e-02 1.334637793024898850e-02
2.378888193461433515e-02 9.659338473357958685e-03 7.645310747939088047e-03
4.476321616858651431e-02 5.219583801438879705e-02 2.461727542229695531e-02
4.251855469470203208e-02 3.966962868657216562e-02 1.952204592584193613e-02
3.081113437837433230e-02 1.622738757856334244e-02 1.501532418272627165e-02
2.214274925384142334e-02 1.182202088315033664e-02 7.122453905706340599e-03
3.242781874126213909e-02 2.524712536885803660e-02 1.942729010959522509e-02
2.699103433982235484e-02 2.043714121479338341e-02 1.609380965888513801e-02
2.074821884763301816e-02 4.171334668031228057e-03 6.644190465353262340e-03
1.645389398321892016e-02 1.337684030328642470e-02 3.990187285528407415e-03
1.941436367109310862e-02 1.648194405789515232e-02 9.103223367246560116e-03
4.296568136235648372e-02 2.206620575623872635e-02 3.083566835403617895e-02
3.861744163008955233e-02 2.635937644820465428e-02 2.001233957048467044e-02
3.645843920207435945e-02 2.781779424579204282e-02 1.748168823653933890e-02
4.210457194377639073e-02 2.572273856195649369e-02 1.441948985259679065e-02
7.947027211949674042e-02 5.289543389732698220e-02 5.737992485479480320e-02
2.018559568710237562e-02 1.111216872600911953e-02 7.494948579502867976e-03
2.546954383396399929e-02 1.545748361782757138e-02 1.143400055380522015e-02
3.285225609318641327e-02 1.790358644785962350e-02 1.030911484347483281e-02
3.382890875237727635e-02 2.157582570238694361e-02 1.995310497497008659e-02
3.214230017070112549e-02 1.418675068202759036e-02 1.446561342232306410e-02
3.994691494615149052e-02 2.144424741791081668e-02 2.007329426072975570e-02
1.730011838607323563e-02 9.036402240434608657e-03 6.274437537187474087e-03
3.145658378143272038e-02 2.811597852501286632e-02 1.890729861107894386e-02
3.208568410491506595e-02 2.073583448862106882e-02 2.465911439831280222e-02
3.684367845520829937e-02 3.528664392967363617e-02 1.931012257820200959e-02
2.402767524991190895e-02 1.319309018914439392e-02 1.346195528984260592e-02
3.376344115124563228e-02 2.494744486549522328e-02 1.564131074110628947e-02
4.428623305720957165e-02 3.466970476949649688e-02 2.221849974375390488e-02
2.777631245237054125e-02 1.262954821619070855e-02 7.469674961013583747e-03
1.708765592317644175e-02 1.221995904024660365e-02 1.161840116410289662e-02
6.494091459081351159e-02 4.834865871112550839e-02 3.191879897643803282e-02
3.907705402344367751e-02 3.059919746562275722e-02 7.708950446973683590e-02
2.835415550448717320e-02 1.533293171838188799e-02 1.940134361236281468e-02
2.308148649800553787e-02 2.535041723995049012e-02 1.485822475761448651e-02
2.317102920880401151e-02 1.580500423540392996e-02 7.004785885631858999e-03
2.443481800860854147e-02 2.788154369332734514e-02 1.285738257355074042e-02
3.699204513670715372e-02 3.742033489565044224e-02 2.457214815314925221e-02
4.360613693217347403e-02 3.150415370253331626e-02 2.476101547487593452e-02
3.869151804581109216e-02 2.419187154488384311e-02 1.549422549189680490e-02
2.177243016974204221e-02 2.438141805175107063e-02 1.019487495698534821e-02
2.689834720284796712e-02 1.900323598361384689e-02 1.365048618043398360e-02
1.956958196777828368e-02 1.537751548375954590e-02 8.236041402143059673e-03
3.329876208785745306e-02 1.806078295284083146e-02 1.733211578806407444e-02
2.827770574851232177e-02 2.439661754533510585e-02 1.565946673858139085e-02
4.005151091958535775e-02 2.408609879766359860e-02 1.700443802257614948e-02
3.980561593101015344e-02 2.997346502966535126e-02 2.419637113378882501e-02
2.764038896582273613e-02 1.964901238878955653e-02 1.514006533508148629e-02
3.159770426262790977e-02 2.335174711145267951e-02 1.913916540349679465e-02
2.721895886794349281e-02 1.576418036433608477e-02 1.927804705340736835e-02
4.019800118827689811e-02 3.216399707938822489e-02 1.709607469608691310e-02
3.073441783955481454e-02 2.534173538225702182e-02 8.413927149411755402e-02
5.373236340006137812e-02 3.118683951141639973e-02 3.113789321129780546e-02
6.161916977523723693e-02 3.630170694007464616e-02 3.367851779351094949e-02
3.959249276374397775e-02 2.164480127762386311e-02 1.310257907624583218e-02
4.885102544031691418e-02 3.638187096012832078e-02 2.436084184185253326e-02
3.994744802370365361e-02 1.365928659200812446e-02 1.148322241940757243e-02
4.050478311171187146e-02 2.418625209924223085e-02 5.988483389996891032e-02
2.689682015857964778e-02 3.270082319898856560e-02 1.950959493854839341e-02
3.615650016744727246e-02 2.344113938476717618e-02 1.745632748297221842e-02
4.238174013641105714e-02 3.139595408647492814e-02 1.698893974006847676e-02
1.658398994954647654e-02 6.700363411721465060e-03 3.488801189439717960e-03
1.437864352095917335e-02 8.026888063592304418e-03 8.585005712127370681e-03
5.527018635207011504e-02 3.018463321148902659e-02 2.390655731981325763e-02
2.682819860130443781e-02 2.096784486020496566e-02 1.243681786284862693e-02
3.814803326828356683e-02 2.019056253581198029e-02 1.065025355996155818e-02
3.152560780876910440e-02 1.714574825226928070e-02 1.445104214433681755e-02
3.446423769203786625e-02 2.156502337590594093e-02 1.739437674323336680e-02
3.924170704076096472e-02 2.185406870749099367e-02 1.837987370509680529e-02
2.521493722178266145e-02 1.771096053806077084e-02 1.467403920681837476e-02
3.590301418543854345e-02 2.640688142419966855e-02 1.878477663168276468e-02
4.567741072446389328e-02 2.778824476494870521e-02 3.392493842328753867e-02
4.023879647217964983e-02 2.990028297593025700e-02 3.168714098640797866e-02
3.257827850341242504e-02 2.688370515909582759e-02 2.161708400905399188e-02
6.195694311994572739e-02 4.183386306004580057e-02 3.905986437893529950e-02
5.514300301611854693e-02 5.505935154469240866e-02 2.941213996759865432e-02
3.119326893278754481e-02 1.815712660235031112e-02 1.669535508376492061e-02
2.560768432583651957e-02 2.288999075500072755e-02 1.521757366046256471e-02
2.887411108899030215e-02 1.331942751366319878e-02 8.616384390725104550e-03
