5.072234299489528087e-02 2.522806723345707644e-02 4.174158462528515523e-02
1.020701655207523484e-01 6.530525862003427884e-02 4.518712419870034303e-02
4.795308146458567705e-02 1.794492386954293223e-02 1.325726119571119833e-02
4.740618439848540144e-02 1.760178726018068324e-02 1.713830059404277545e-02
5.453236324027844334e-02 2.909758943265923492e-02 2.046283719630817566e-02
5.511731323774574781e-02 2.410458440394942781e-02 2.720153457225790716e-02
6.338040962542659806e-02 5.579943411199450587e-02 4.077415055599836052e-02
5.799574585812179717e-02 3.332685984205283752e-02 2.174853941977266530e-02
5.976615289628528505e-02 4.821298730447692860e-02 9.156482099927952534e-02
4.226373627806510186e-02 1.780456374028201866e-02 1.087841869114930353e-02
7.290876004094530571e-02 2.573241900288092063e-02 3.019209703370876255e-02
4.170043762627957673e-02 1.153688258787790438e-01 1.209203987554242563e-02
1.150021316998643406e-01 5.196691467985876944e-02 4.429897274683966546e-02
7.737740211190610728e-02 1.844861665995167765e-01 4.318786118267974039e-02
5.015410366629555888e-02 2.445491673141864108e-02 5.124856193676990274e-02
7.224285351824942525e-02 4.497005997041039760e-02 6.324889933393025576e-02
5.165196811321144665e-02 2.622548970332378229e-02 4.498766870547307034e-02
3.882225887176404128e-02 4.157301677235993032e-02 2.547909111084491196e-02
5.006735547345820408e-02 2.243411202071122351e-02 1.326338062446995314e-02
6.868787046413686592e-02 3.676320224108124701e-02 1.951737740532000914e-02
7.247189535810497074e-02 3.603289987566053038e-02 2.843162293122102752e-02
8.118830222697813459e-02 4.822223931772373628e-02 8.749599792555953770e-02
8.239100636664944965e-02 7.453841234957486739e-02 4.097261023023508753e-02
7.067745300076466730e-02 2.490716915355026609e-02 2.837111439710867170e-02
5.617914425959079361e-02 2.604933551553191909e-02 4.356070927594843378e-02
5.996511414171788734e-02 3.001481458942742431e-02 6.623226967444470481e-02
5.804377907374543011e-02 2.653807609067793810e-02 2.795047398318022819e-02
6.449677404767081845e-02 6.484640645499684108e-02 2.492456409257070432e-02
6.569979654206058173e-02 2.042381621890336507e-02 1.910716804982059980e-02
5.309187580308192406e-02 2.361522438679501679e-02 2.321052852929386331e-02
4.958428675032806182e-02 1.882700608599574901e-02 1.503890485494509266e-02
4.227549349838504583e-02 1.898428490846755523e-02 1.127289416551513143e-02
4.324421510130799229e-02 9.937124990192523766e-03 7.692604825337417788e-03
6.040874176678605323e-02 4.271576192999609889e-02 2.321552646632001060e-02
5.573768922862720049e-02 2.584894862547190003e-02 2.509095610094517342e-02
3.720295794386611898e-02 1.233033543046213945e-02 1.153100792679738820e-02
4.849736779383746754e-02 2.392007096169858349e-02 1.630262322629262225e-02
1.033845157144043930e-01 6.590947566493290943e-02 9.710818261172901589e-02
7.339610541601786220e-02 4.948569504635206423e-02 3.038921825041425440e-02
6.046441113854451183e-02 3.629634255909602869e-02 2.789549983467495831e-02
4.728197551799623310e-02 5.500083890448344281e-02 1.366904066445049672e-02
5.735851767524694639e-02 4.050650355582494089e-02 2.372670316414782557e-02
5.486415066790649442e-02 4.319888113142235364e-02 2.371192779814740303e-02
5.972674645432038409e-02 1.224208223788127714e-01 6.487769426131821671e-02
4.565229700259487711e-02 2.075940541990328736e-02 1.741729645253310352e-02
7.149537684384030256e-02 1.446572192369059984e-01 3.804114016742613652e-02
6.491578703473672995e-02 2.708224931142006603e-02 6.196232813486502594e-02
7.267348731853842669e-02 4.913705807783833729e-02 5.459400785600940914e-02
5.645689713790209840e-02 4.537294316429901775e-02 5.821734161318940087e-02
4.626322574586024666e-02 2.639878260254200151e-02 1.820790560830860827e-02
5.499539216342611003e-02 2.980191436394378016e-02 1.800271228101763335e-02
6.656952158778967066e-02 4.665112094211662508e-02 7.167885751103286740e-02
4.106376310988329309e-02 3.936241597681415516e-02 1.236929111756357447e-02
6.525863181680197078e-02 3.944787311710207939e-02 2.495266670230291556e-02
9.446392182406898597e-02 5.089897312936308288e-02 3.709256989937021604e-02
6.557631341389086321e-02 2.324961380107088207e-02 2.189673324453950479e-02
5.783530362675633890e-02 2.804223953610050779e-02 7.064842173206511977e-02
5.048366395919736543e-02 2.342849938067259261e-02 4.073300123892271279e-02
4.696095455956690590e-02 1.728418292649917462e-02 1.286295417317234388e-02
7.129159897308363913e-02 1.969401968333533981e-02 1.529583347793340639e-02
6.084836647795688336e-02 3.783728820025145101e-02 5.028684246250322148e-02
5.802141886992773223e-02 2.285161840905692091e-02 2.612509404237775903e-02
5.037564024087056586e-02 2.871444489477271989e-02 2.230281708724513035e-02
7.595242850633204812e-02 3.890371409843692424e-02 5.076363271343677097e-02
6.709875175913962431e-02 6.447001399606248906e-02 2.856201057505746571e-02
5.386278950419404188e-02 2.386745246364502249e-02 2.257210732044231949e-02
7.589125305028349144e-02 5.273292783547370993e-02 3.280564914075922989e-02
5.732759564129173702e-02 2.974010141158348053e-02 1.705830995082933260e-02
6.334480061902959813e-02 3.062435835708515741e-02 2.324238001640252516e-02
5.375808381163069832e-02 2.202928011022022015e-02 1.862351477269538064e-02
4.299115846757271125e-02 2.790379922087120670e-02 1.681138997674611057e-02
6.234231114032824650e-02 4.106901732517670434e-02 5.594740354300603569e-02
7.922063608448837169e-02 2.672683696128357739e-02 2.555343428397625558e-02
5.820785548850348351e-02 4.510432939845768902e-02 2.713403690298946819e-02
4.750941464424576072e-02 1.818956059336702957e-02 1.368497661160006547e-02
5.820912535175309932e-02 2.848334237614454090e-02 6.660461399740691402e-02
6.556728771524114596e-02 2.549793978361067359e-02 2.074829688653103896e-02
6.972409445311267273e-02 5.573866903961872954e-02 2.523605008840413416e-02
6.117993714736692790e-02 3.742852396181105268e-02 2.802399144282255797e-02
5.548353116089924097e-02 4.007044934762921118e-02 7.559832282567136019e-02
6.011464649939616406e-02 2.522080604656631864e-02 2.066867895891738582e-02
6.871248201798252353e-02 3.292323804519765862e-02 2.617887894384687136e-02
5.765361546907595697e-02 3.802940991151262939e-02 2.248262624738258178e-02
4.385219657935301302e-02 2.084997931889069275e-02 3.706296109304456354e-02
5.633138294789648282e-02 2.526668268743922571e-02 4.728340269270737972e-02
4.867948812232800182e-02 2.473072770522169797e-02 5.635455155529035809e-02
6.669605229661136614e-02 3.592197122733921388e-02 2.774666837451322809e-02
7.495551502792333065e-02 1.771347801255761592e-02 1.768210581476535592e-02
4.057349805176824198e-02 1.533081959317472362e-02 1.456119495777644449e-02
7.639337447994853925e-02 4.262982664127986515e-02 4.818165486128454800e-02
6.776173988772873913e-02 2.958648137546764784e-02 2.469899590482099033e-02
6.987221383466125924e-02 3.693323805987339115e-02 3.161462490856258717e-02
5.953767089426510034e-02 3.079524451939634130e-02 2.200967413241309775e-02
6.548328605653261358e-02 4.209664668925204578e-02 3.201847483193501903e-02
5.939517391182947553e-02 3.691624151542201304e-02 7.234062514619454820e-02
6.415962767565026870e-02 2.254533452148453632e-02 1.539353930816238572e-02
5.762294363160615912e-02 3.788111472624183795e-02 5.562433361201812171e-02
7.695057783218933745e-02 3.038354853642758618e-02 4.458269363722960898e-02
8.589102970886001998e-02 7.101506865185744366e-02 2.879695622589800719e-02
8.356742724665447430e-02 4.938906444538225526e-02 4.398314655350066965e-02
6.712185422386002243e-02 2.346448927057878664e-02 2.124796367921065465e-02
8.007232601827309060e-02 4.332906120893223467e-02 2.683777070626404068e-02
5.664781732501681516e-02 3.996128572778705201e-02 2.383099657802498911e-02
5.210209728560474818e-02 3.105376172408233493e-02 5.589516352268709271e-02
5.529679370760226531e-02 2.322137434929110941e-02 1.969845054420355304e-02
5.934347608397472912e-02 3.404435020498652875e-02 1.843812281936793585e-02
5.950340222366416049e-02 3.931774371943389662e-02 2.795043328051418502e-02
3.450754341960956401e-02 1.034482108697647000e-02 7.227805551955000275e-03
6.201655497276085949e-02 2.643470145033832014e-02 2.761918823720366234e-02
5.161749851372882114e-02 3.313360307759068146e-02 1.753810633260900753e-02
4.054673948588283922e-02 1.724097761730576314e-02 4.484362767726807197e-02
5.924154478510422484e-02 2.513118494816105400e-02 1.908338170973635992e-02
7.868302174472185939e-02 2.504738662554115494e-02 1.995182169059226893e-02
7.396425954680843629e-02 3.893594227536047170e-02 3.226935250772398206e-02
4.260662121637878719e-02 1.069247991019339934e-02 8.293606316610357965e-03
7.055226013098467308e-02 3.989139836223201674e-02 5.747964711194079174e-02
5.735921993425213694e-02 2.204580759575210450e-02 1.845832780015116414e-02
6.964438133226330541e-02 3.768666915361250369e-02 2.703843010938204033e-02
4.420820231821143143e-02 1.598578818077358438e-02 4.051423479028382069e-02
5.506211641607161589e-02 2.929277552241002849e-02 3.933323274540696107e-02
5.456296431796070490e-02 2.719553086793501107e-02 2.212470367092568557e-02
4.626607882532324939e-02 4.792643921815845781e-02 5.866417426142994662e-02
7.850122822670550782e-02 4.198168560323330134e-02 3.381911586214546295e-02
7.031403849100457959e-02 1.609021783734218558e-02 3.071040224519715547e-02
3.571622956384511161e-02 1.613403911208132965e-02 1.115029691237264496e-02
3.847758270336273240e-02 1.988268866136104832e-02 5.220930946453039567e-02
8.060271175309892400e-02 4.382175988735038247e-02 4.053205520026787606e-02
4.283953479290170813e-02 1.847432807810970440e-02 1.537901079481089270e-02
5.791849222427525312e-02 2.407227332842085121e-02 5.606343483292391267e-02
8.024512335812725161e-02 4.116551743177575273e-02 3.711620709517596955e-02
9.954548488222707270e-02 4.916292426010152733e-02 7.634284861388249133e-02
7.731292169617276500e-02 5.089583040747357873e-02 4.171321049361042393e-02
9.091788308023694698e-02 4.158649702506232726e-02 3.598625029640989403e-02
7.182160230567047332e-02 3.200236309275842489e-02 2.640562386958440061e-02
5.654724679691803396e-02 3.103388414395644168e-02 4.627718282892532425e-02
5.270486179715856701e-02 3.010853276887744470e-02 3.641311164937183903e-02
5.474428913847977779e-02 2.026511824169991913e-02 4.062050320139688753e-02
6.060687984939083783e-02 1.704497487603980760e-02 3.265318424942159625e-02
5.283579825329902391e-02 2.546400874917703616e-02 1.650946434500659421e-02
7.565239405102661130e-02 3.390511963594088074e-02 2.932941882174171927e-02
5.180337734264443827e-02 2.359794259310236605e-02 1.789572934396244444e-02
9.235644839289842978e-02 4.273785707864429656e-02 6.296864738136828676e-02
5.755611699872148490e-02 2.778743747883094528e-02 2.331727397688863196e-02
6.243903647508079746e-02 4.025100799405256780e-02 3.553014504863716283e-02
8.346292804000769727e-02 2.384503098472988414e-02 6.170620506515420156e-02
5.408719881834421483e-02 3.564294094514059569e-02 2.645287248071205230e-02
5.618378437777588746e-02 3.395282993011988770e-02 1.885428921951923936e-02
5.377560238933009468e-02 3.070121696373172976e-02 3.475595791279199875e-02
4.587424320768589137e-02 2.644618104785695367e-02 4.010873801808996497e-02
4.898675905831594013e-02 1.490341738154324705e-02 1.484027812951140002e-02
5.250994442160868830e-02 4.099030984583425241e-02 2.173967826249786905e-02
9.787723139863170607e-02 2.330475872313594876e-02 3.925552358108903850e-02
7.836314951629035075e-02 4.017897123022389633e-02 2.612480948886927723e-02
6.009653080378125206e-02 3.100167904965287977e-02 4.597199361032686116e-02
5.103426548492799586e-02 2.171723955411264048e-02 4.420328501627873719e-02
7.703303528793675747e-02 3.100612873340657938e-02 2.646123036710731902e-02
5.677236720142911364e-02 2.095016413738350070e-02 3.769911976217305005e-02
5.414235734086038365e-02 2.574381016105837389e-02 4.634402011825843742e-02
4.751151861604086674e-02 2.716358239245994857e-02 4.286439754181739503e-02
6.296012808471905531e-02 3.164082010147210855e-02 8.252949198416253962e-02
8.287043663453118325e-02 5.555458351999564837e-02 5.066038843118859936e-02
5.065303422643185199e-02 2.730873993343476899e-02 1.463413309254328436e-02
4.231262693156494226e-02 2.133355188141440595e-02 1.540718389934443017e-02
7.315602937213144807e-02 3.715014192251003128e-02 2.675564965229416947e-02
5.927950379906730960e-02 2.218003014613496859e-02 4.848321874980350554e-02
5.382456046142937434e-02 3.127277182639951608e-02 2.253421441332290054e-02
4.838091364064597832e-02 2.662145530983056271e-02 5.800085291275947075e-02
6.935305861010435113e-02 3.860166613262424468e-02 3.580284884835654297e-02
5.425302626568481723e-02 3.053546990664483124e-02 2.783131019494197028e-02
4.862973884187741375e-02 2.076534795203311898e-02 1.190143278050407628e-02
5.590171952804547095e-02 2.846743400901249541e-02 2.029520227771617127e-02
5.554937934955773288e-02 2.552815776118651236e-02 4.928617718551599886e-02
5.330960598643343790e-02 2.497212547802052721e-02 1.758911268207049086e-02
6.346303635297739776e-02 2.715894389587300908e-02 6.547640218862103845e-02
5.136585978770886324e-02 5.321681252344103580e-02 2.053503890379083235e-02
5.317704016199596012e-02 3.186331125693303568e-02 2.003387425492449830e-02
5.757833580279030083e-02 2.877166929431499570e-02 1.849829381318897695e-02
8.538120964821079018e-02 4.788687909906567952e-02 7.065152352762574250e-02
7.653020117380134046e-02 4.218700057590128727e-02 3.087194333156738357e-02
8.478838228110692488e-02 4.258687676408799694e-02 2.922411327619626673e-02
6.547814546987999751e-02 4.078875830504653105e-02 3.083996913040689888e-02
4.564774186750016755e-02 1.963556188006510342e-02 1.036311792603995981e-02
5.601905126227818554e-02 2.621740559759662761e-02 1.649821551880889178e-02
5.807127972312173952e-02 2.419177939380917977e-02 4.339527536640423733e-02
3.785824518555015034e-02 2.337847274759601371e-02 1.131326976964901719e-02
7.262611899176465990e-02 8.362529082867382890e-02 9.782763213089511189e-02
4.099613488729998700e-02 1.846483577195990461e-02 1.549622645960792994e-02
5.627721017609257220e-02 1.494958485704666468e-02 3.380141312269589055e-02
4.781951116494310983e-02 2.512265555512937371e-02 5.202221271392511864e-02
6.262103285910598782e-02 2.650972641996626397e-02 2.064988233599487216e-02
7.077967398664807008e-02 2.780402949318069167e-02 2.140849523213353423e-02
4.907490881999578697e-02 2.458016756223298932e-02 1.730629328528551780e-02
4.908426629005125524e-02 3.258393345279741310e-02 3.653118964756770642e-02
5.287428809158405824e-02 2.371229743791077038e-02 5.390297057281821791e-02
5.337315285285251093e-02 2.372366768286893191e-02 4.989285363779041860e-02
6.132727118754198459e-02 1.510094607854892829e-02 7.541541227460485906e-03
5.324847307005447367e-02 3.425124000616440456e-02 2.697635522590151672e-02
3.718878155949884717e-02 1.262689076922972331e-02 4.644182631871106304e-02
8.087506116215846530e-02 3.218059357034790818e-02 3.058158846212890788e-02
7.624156489074378207e-02 1.330876099626202014e-01 8.134916197702131424e-02
7.634239532480516233e-02 3.771594377608630810e-02 2.690279679331239807e-02
8.548984321705598022e-02 4.831140200363191750e-02 8.847978920479926401e-02
5.429348345336984516e-02 3.163054227666282220e-02 5.282628159105379195e-02
7.503870846932847449e-02 3.680357058441958984e-02 2.341308864418115143e-02
6.378343584629574126e-02 4.906734546648243434e-02 7.615702566431113707e-02
7.352104438819162535e-02 4.079742417365928714e-02 3.517495933279157078e-02
4.130942760837764960e-02 1.419948384300827315e-02 1.240561333941705632e-02
3.500818787006197003e-02 1.374692090176522254e-02 3.642091073283143521e-02
4.980861514960462089e-02 3.568221445708214673e-02 1.926488141173574031e-02
6.006530526725670227e-02 2.064331249126652792e-02 1.723225612681593757e-02
6.450624087196811518e-02 2.821456639140922443e-02 2.859411474987210225e-02
6.999995350847180997e-02 5.713386703463115002e-02 6.897969321843673562e-02
5.856255356017529834e-02 2.412929616591537665e-02 2.525148578318728645e-02
6.798839726671142281e-02 2.747905096719314988e-02 2.426027338171084929e-02
5.995284721083177920e-02 2.772042290338152387e-02 4.578733485470791453e-02
5.458015081593930312e-02 2.822178539109021153e-02 4.419792958497782698e-02
6.509743931037730025e-02 4.983603262739253609e-02 4.148750601593476778e-02
6.192211367542425904e-02 2.747904221773089101e-02 1.864651453633321687e-02
4.291410974259102229e-02 4.585734507775571234e-02 1.322747147663573195e-02
6.348304271516899688e-02 4.046104535212798753e-02 2.058796029891062779e-02
3.802075068302835509e-02 1.561730155026042934e-02 1.396970078994577008e-02
6.048956099495537975e-02 3.264493478332890219e-02 7.560334608013041802e-02
8.245924468723522804e-02 3.765628649604115669e-02 2.926980026654801836e-02
5.772742825509256936e-02 2.717120302806061427e-02 2.190345203881461852e-02
5.849339568273959761e-02 2.420645816822929869e-02 2.030096781616044441e-02
7.488684025298700253e-02 3.637689306125686112e-02 3.144680792569037875e-02
6.486230859430232309e-02 2.613769718872493986e-02 3.620094925841280814e-02
6.894382207583055200e-02 2.807435928935912983e-01 2.524421749509920057e-02
3.350907735203883381e-02 1.599802228625406969e-02 4.814055190933913542e-02
6.113877526234860055e-02 2.946626537408102153e-02 2.487561159165723249e-02
7.576109469470057589e-02 4.353622683865036869e-02 3.162370506047525176e-02
7.503964791423713143e-02 4.009955488072593915e-02 4.167527642601152882e-02
6.469512704798101310e-02 3.013347847618511738e-02 1.811800876729148871e-02
4.833308322169056065e-02 2.097836155059430718e-02 2.085394080691081731e-02
9.600796760284667497e-02 5.504475266830385904e-02 4.287211221859686672e-02
7.296957688668359587e-02 2.617541841583701304e-02 1.903757051330084993e-02
5.512834758505666399e-02 2.633545337943818399e-02 2.398155926972707699e-02
7.511215913359912955e-02 3.098981345398874737e-02 3.132163765525404486e-02
7.658567047106087933e-02 4.285313864074431073e-02 3.039451024844636723e-02
4.173779976431388206e-02 1.650299928836992600e-02 2.999079264278438003e-02
8.666535208247513888e-02 5.439979231901920231e-02 5.450801287934461947e-02
5.513124351161642622e-02 4.532872279007119087e-02 2.632400419614824849e-02
6.559247430537072654e-02 3.465627430970374956e-02 7.046164822902487024e-02
5.946461073779454876e-02 3.040907224730272224e-02 2.759466414291139591e-02
7.362653283836109730e-02 3.677873870547793828e-02 6.047217628019950497e-02
4.301147975982379246e-02 1.943147137591882609e-02 1.361798510012333929e-02
4.641069637489564359e-02 4.943889576393804136e-02 6.635849256794799922e-02
5.186399773879143971e-02 2.759712222048700536e-02 1.936855567071503470e-02
6.821121221447877525e-02 4.392396783510890690e-02 3.472962231280250084e-02
3.701756601776640121e-02 3.799944294173145803e-02 4.551518971583184969e-02
7.111157309623367118e-02 3.146606171428115162e-02 2.695599597721870175e-02
7.029186455081483376e-02 3.548526022346334963e-02 2.683217365737731314e-02
5.448411019390311805e-02 1.764647940083028527e-02 2.023944460921541996e-02
8.480655687861035630e-02 5.328734087787362350e-02 3.142141689802788879e-02
7.937743934443283744e-02 9.695866650073384219e-02 2.818855772772978913e-02
5.539002347159593248e-02 2.176576635833948198e-02 1.659303157448376378e-02
4.612913602353158060e-02 5.055944901078496256e-02 2.596140234292497462e-02
6.440645166539293864e-02 2.173337115295470232e-02 2.495843999985561390e-02
5.184914562903018137e-02 3.176617170735419188e-02 2.390571131460467874e-02
6.351448625420856586e-02 7.699134546160761594e-02 5.167334773102106454e-02
3.412148658034323823e-02 1.713840102798392523e-02 9.686232561379251593e-03
6.780464080864914700e-02 3.256505429138092239e-02 5.416520109993072651e-02
4.719822922205860194e-02 5.501330243660958186e-02 1.864905274244108707e-02
4.506510338313163971e-02 1.988774987649312431e-02 1.402613588464396953e-02
8.260920336637894712e-02 4.017552188240774286e-02 4.200995614039994969e-02
5.380582974406104835e-02 2.985191773493234280e-02 2.166532018210696325e-02
5.328968409797061462e-02 3.287121431978054509e-02 6.050134968922832313e-02
6.479181264044060751e-02 2.778531588544175257e-02 7.348147345519674689e-02
5.097850315165725066e-02 6.729263544555039722e-01 1.956852067224123387e-02
5.735742608739308884e-02 3.096291425872678763e-02 2.040640986743192872e-02
4.754130536432367438e-02 1.918852616935980832e-02 1.319411025728075941e-02
3.590872900459052969e-02 2.227701923225210157e-02 1.665889257124033782e-02
6.699110604145079584e-02 3.968961226346419402e-02 2.019964971410265903e-02
4.620870384482703153e-02 2.216235110981694401e-02 1.299410370363856398e-02
5.942340449506144234e-02 3.092006649163563450e-02 5.641077445616448499e-02
6.938766194136701537e-02 4.252763962768300876e-02 2.369120741662739116e-02
5.004339864023141932e-02 2.638820578348740828e-02 5.713417645223044933e-02
1.015293396629605854e-01 5.822366202975835098e-02 3.657330929365423117e-02
6.567642150596005035e-02 3.674673401953143514e-02 1.788041830705738161e-02
4.844427068713544338e-02 2.620538781273321072e-02 2.246612799256775261e-02
6.849222861665318907e-02 3.212614865615501941e-02 2.186651703242572381e-02
7.802855012714092486e-02 3.001416529438249298e-02 3.068301592588013049e-02
6.714617947300741130e-02 8.698817146043383297e-02 2.519033960837566144e-02
6.058862865351920951e-02 2.674084589196857459e-02 2.308551014698095177e-02
4.907013361543183932e-02 1.792736872696724243e-02 1.744127210528710614e-02
4.913549934588746365e-02 2.248186036677584515e-02 5.261101114850649102e-02
4.567716110367529836e-02 1.249634245515648771e-02 5.043992297684779524e-02
4.615754855378566279e-02 1.338880768388618914e-01 1.149360142616310046e-02
6.128590502588705108e-02 4.742857249600552355e-02 8.624236892759511164e-02
5.569472714017750792e-02 3.105701168079047850e-02 1.862391967814204519e-02
7.923952825291771807e-02 4.381980663182227786e-02 2.830826113825857249e-02
5.626803719039413787e-02 2.456885974134579917e-02 2.039039587397933895e-02
5.466866325202397042e-02 2.833464307933690821e-02 1.598617277402502104e-02
5.706070878238266031e-02 1.163880348558550201e-02 1.779547046354134493e-02
9.212995114817641717e-02 4.672620187533682579e-02 3.983048443086296964e-02
8.582307626471154249e-02 3.776214258178071936e-02 3.720497284926631287e-02
6.808399201938064582e-02 3.317534749148136342e-02 2.675072094776147907e-02
5.960386038590585744e-02 2.312348633691956382e-02 1.515212676744274317e-02
8.363502886290059835e-02 5.728190081274774775e-02 7.344650487903027491e-02
6.269236844137543452e-02 3.646941718661148024e-02 6.401391783494761456e-02
6.067552281202360370e-02 5.517263358215106217e-02 2.293990798940948733e-02
6.496032180697683400e-02 2.850499834541584537e-02 2.293263928938079482e-02
7.561374315634829257e-02 6.123327793584315559e-02 7.836897659845061537e-02
5.159012718948544768e-02 2.506441007588663256e-02 1.748973413321259357e-02
7.353572556907793378e-02 3.201196674066547621e-02 5.691829176728629286e-02
5.807699695125069506e-02 2.998044077814748104e-02 5.909869030169880716e-02
4.973152863257111755e-02 2.588935510479070667e-02 2.039388829903421296e-02
6.896884967099704833e-02 3.160107560168253643e-02 2.739761546288379743e-02
6.352941527633813867e-02 3.709607965743716429e-02 2.780475569714293757e-02
5.236091539516882915e-02 3.444379382967015929e-02 2.371183789722390578e-02
6.781051154777266443e-02 2.596268905412323774e-02 2.450288551957837888e-02
7.879481888655906485e-02 3.534131125838946980e-02 7.367792419134579218e-02
5.651523710272539358e-02 3.494901013721646993e-02 2.224813387842001361e-02
5.288831475536543564e-02 2.035971420376568586e-02 1.766575385550958263e-02
7.693125313383361585e-02 4.934441182617926858e-02 4.231312642059814610e-02
7.391141206905825489e-02 3.464418639100726865e-02 2.925464795457970169e-02
5.809699278379393955e-02 4.725796829113111663e-02 7.461486156078295240e-02
3.616694024803394220e-02 1.669677135118944472e-02 1.338602695685742888e-02
6.484696945262156953e-02 3.414290393476777929e-02 2.817589203576402815e-02
6.599166912688708697e-02 3.044847173786386849e-02 2.567635562076161712e-02
6.431639724588159024e-02 3.452877413118261851e-02 1.969962261846929311e-02
6.651044914508758010e-02 3.862363661644953317e-02 2.576345876557717754e-02
8.178984865906668844e-02 3.873969553664473320e-02 5.822827351880426050e-02
6.702936747950265228e-02 2.381190095040425225e-02 2.107437664146709702e-02
5.363372337661173606e-02 2.339542279568400385e-02 5.288127105111281590e-02
5.360318850858929868e-02 8.148417753553675869e-02 1.339321137292374779e-02
6.150615774607874620e-02 3.243761479349776405e-02 2.258564840608836069e-02
7.368035054952996876e-02 4.836844524067433065e-02 3.341771743755145990e-02
5.661290515333968626e-02 1.821510787701640516e-02 1.733184335266681891e-02
2.920870794748192667e-02 6.029314543902446547e-03 1.710965396199133279e-02
6.691778460141076246e-02 3.618051981642567139e-02 3.933592409019502634e-02
6.167529539660529525e-02 4.909128631401340342e-02 1.932563199491663455e-02
6.994954671766223653e-02 6.210911194180986084e-02 2.898156477941228951e-02
9.422454099676794148e-02 5.109601777295073172e-02 6.452628872803385651e-02
5.147615854691241916e-02 5.921352872245614352e-01 2.709818985460492324e-02
5.415278013536824198e-02 2.177466267230944441e-02 3.722925047813408633e-02
7.403121660297282136e-02 5.746364337055978599e-02 5.306512566625511823e-02
5.233358540644256207e-02 2.968946543298542351e-02 5.528607090001209923e-02
8.701624909532272578e-02 4.644934320460022970e-02 3.752306795012477769e-02
5.023482662991993891e-02 3.605101958163711012e-02 4.294440880259538934e-02
4.253747470577380618e-02 2.790770921740471505e-02 1.549424872998665138e-02
6.677335970606367022e-02 3.397291740455846143e-02 5.660709019510671430e-02
5.737717389676672691e-02 2.107372105395706810e-02 4.000467921592476550e-02
5.454852092261100460e-02 1.578640161892413962e-02 2.932886352524337326e-02
4.854557204732921905e-02 5.378605237971451070e-02 3.051043274015647830e-02
5.063623963325261657e-02 1.817871874356464384e-02 1.738551127866869161e-02
5.395718502441620990e-02 2.822748535847442036e-02 5.877092867375977026e-02
6.334745171712950762e-02 3.444640392854626809e-02 2.704613881740969977e-02
3.987656044175769826e-02 1.912082068795524503e-02 1.741219544964343544e-02
6.120228615235592806e-02 5.053849564977501430e-02 2.940388641690765831e-02
6.166749520551339375e-02 4.702971500863207394e-02 2.365572154948185693e-02
8.659451923639323312e-02 4.755825748584329576e-02 3.831394828168781241e-02
5.048645072480854173e-02 9.510609909242638549e-02 1.927530888397712555e-02
4.227091155649725235e-02 1.707871311361147323e-02 4.920199157581058719e-02
4.322820537040496236e-02 5.042298461349055405e-02 1.249165977430852573e-02
5.799123389553177688e-02 2.668081803066249882e-02 2.202341914942662973e-02
5.818579512589119179e-02 3.340858437969906891e-02 2.219737088669179043e-02
3.930996112527949948e-02 1.571298948601825701e-02 1.220970960740471074e-02
5.825607960440681854e-02 4.102548723921983775e-02 2.904812779850779458e-02
4.721901396662255002e-02 4.159664099044643737e-02 1.420838203922525876e-02
4.279596265402335620e-02 2.367880674213102693e-02 4.158330516505074487e-02
7.247065558421317277e-02 4.953378371114108836e-02 3.505616975552870024e-02
5.973179227647629208e-02 3.142583605938387148e-02 2.084558717857017823e-02
3.424947769966169703e-02 1.344597524721917459e-02 4.462354847565097593e-02
4.612688682702707071e-02 2.085167792079369031e-02 1.960079018590176608e-02
8.262366437882523451e-02 4.192826564561437375e-02 3.032345048158851392e-02
5.515237619914008932e-02 2.919126569682754802e-02 6.161793842262165005e-02
4.751621776515530665e-02 1.841792236244166325e-02 3.627006518873510804e-02
7.657410051259611050e-02 3.280044663285167778e-02 2.650569098285434147e-02
7.387564531273159429e-02 3.843699730072566711e-02 5.319834534092608702e-02
7.759969777869819840e-02 6.391265577487012517e-02 3.545366054556060853e-02
4.584516250914403429e-02 2.385064238885472448e-02 1.766278533159455072e-02
7.279825780628708387e-02 4.659336192952071715e-02 7.401665074403582234e-02
6.541865498067177265e-02 3.734547594836820639e-02 2.467051247525942764e-02
4.615825883010285513e-02 2.096056205790074178e-02 1.858610137719894986e-02
5.816934397747613311e-02 3.286950968738829026e-02 2.624005912656480338e-02
5.822805208143513184e-02 2.100150510000461934e-02 5.032635741939593677e-02
5.476740791641486472e-02 2.729111526993575204e-02 2.214379049542134284e-02
5.644366986292623234e-02 1.881404664042739261e-02 2.644807570074406838e-02
7.575093508526842268e-02 5.687787097105933415e-02 2.247026500845267227e-02
4.674537220343957800e-02 1.281653999041238411e-02 3.491604757839788381e-02
8.360631639695459416e-02 4.392229975441289819e-02 3.479528917822177769e-02
6.738105700720246893e-02 4.442950877677506738e-02 3.186059045195898526e-02
6.445888566110934137e-02 2.456353135003785937e-02 2.055997302772045315e-02
6.410209238850297919e-02 2.564538776172322135e-02 2.082225357028136617e-02
5.857453347549797240e-02 3.050884831786885437e-02 1.859230444722830694e-02
6.105827152452916046e-02 5.096082525858815909e-02 2.797665437321033427e-02
5.026724413323663265e-02 2.834437860614624077e-02 2.460864081071012510e-02
3.359532437210012434e-02 1.456936317798540603e-02 4.144828940113771953e-02
5.020676133683261294e-02 3.622254892150229832e-02 5.453944487543254532e-02
8.348360533910648140e-02 3.254501933922553103e-02 2.552427589974594693e-02
7.958016910863484339e-02 4.511447417217479688e-02 4.695354210618237628e-02
8.310165843935622687e-02 3.550731434496837147e-02 4.793109574429348790e-02
5.022925557196873669e-02 2.053394459309698661e-02 2.043880041151518653e-02
6.872200863465158238e-02 3.750273867831165758e-02 3.465504499488243628e-02
6.293638249609061208e-02 3.336768191755545843e-02 2.919458852573240254e-02
7.238454708500702273e-02 3.917840049481542686e-02 3.561770836630343690e-02
5.991970674557488274e-02 3.289494859753430700e-02 2.124951427197904405e-02
7.346728177178223074e-02 4.156534267189446186e-02 2.491731024243977813e-02
7.162280961880045094e-02 3.186552320585801096e-02 6.265097504719963073e-02
7.456184674573267113e-02 3.742678233758499340e-02 3.284824640970905596e-02
6.772561491235616626e-02 4.575365226137453195e-02 2.846348938819672630e-02
5.261231618688270995e-02 2.264608127486076108e-02 1.544120769876868894e-02
5.289977859407173771e-02 3.221751859837171383e-02 2.070396945246688603e-02
5.592343658605401779e-02 2.513451442067800301e-02 1.739112739172182787e-02
8.090786939241334519e-02 4.110792041299642791e-02 8.672776819545119364e-02
4.934355194754053153e-02 3.914866238421298161e-02 1.702207307668409178e-02
6.248172861837958392e-02 2.811483624367289852e-02 1.846852439454885197e-02
6.571140675958733746e-02 4.930754657884153791e-02 2.635700493987545162e-02
7.027564382409751120e-02 2.814785916567996357e-02 2.167017126579283068e-02
6.362189312771640570e-02 3.550930201926231350e-02 3.668283732622828336e-02
6.207429212132871410e-02 4.519078527047635380e-02 2.649726761917088613e-02
3.965638772328211603e-02 1.478541044422676878e-02 8.729195729791489750e-03
6.062757241672856595e-02 5.783458560992508352e-02 2.423356898622303773e-02
5.996737053703062037e-02 2.094943028798847140e-02 6.119624559308790152e-02
1.034383285501805499e-01 6.299627424967095546e-02 1.135864174291654483e-01
5.647966562657442263e-02 3.853499877854460465e-02 2.229494189254228875e-02
4.336469605302930436e-02 1.098679783165635269e-02 6.714134960774630068e-03
6.709383737358268207e-02 4.450807445814875668e-02 2.966348465626733946e-02
7.574082622723432578e-02 2.079074044289519474e-02 1.827486028908987745e-02
6.424227609296746799e-02 5.305038454021647476e-02 3.193360672531415229e-02
5.862654398480689200e-02 2.138186761613353887e-02 5.670023782180774741e-02
7.169403632504660340e-02 2.063865274050452267e-02 4.366100600860917808e-02
5.575293164618076724e-02 3.272250293195717863e-02 2.510862641981271778e-02
5.821329036284357550e-02 3.540141896143622624e-02 2.465948381559537189e-02
4.821236503857073696e-02 8.510628112089935193e-02 1.378946855915224798e-02
5.826056014839213482e-02 2.897704999105094048e-02 6.859861384781551497e-02
6.251507434153964760e-02 3.001365732141000886e-02 5.562249289455970663e-02
6.749677406546188141e-02 3.979271246647302085e-02 4.935305652146610572e-02
7.222371372019045777e-02 3.560644468348866942e-02 2.606945108102236633e-02
6.175965669013377957e-02 2.957926590167491918e-02 6.847422057646017357e-02
4.564750160626785541e-02 3.072669926463102857e-02 2.415004147194729778e-02
3.780778373979581941e-02 2.646885787027856984e-02 4.607259108333736086e-02
4.290019242863649107e-02 1.303097416930138787e-02 3.954083302709402586e-02
6.569870335679330042e-02 4.630856548322299926e-02 6.824847637280483104e-02
8.916212735038238357e-02 3.413603713266855771e-02 5.414936217208512342e-02
6.444442903276245693e-02 2.709542008590087522e-02 1.845794154510858875e-02
3.175097466117996620e-02 1.326476617710385664e-02 8.868817259822534341e-03
5.091139270519137033e-02 1.969277661605227381e-02 3.415849771510332672e-02
6.893235980761586168e-02 2.667617981226642551e-02 4.036339764027790933e-02
7.122489245247808076e-02 4.215970279755115735e-02 5.582568129461339818e-02
5.820495718960552733e-02 2.742294120310165978e-02 3.958251928425809973e-02
5.934718982468169951e-02 2.908826019038124669e-02 4.325199713131287066e-02
4.043589466803807625e-02 3.072722644239572753e-02 1.932268018202599677e-02
4.403727996455432392e-02 4.638421691883171799e-02 2.047053998619711990e-02
6.618968627034194085e-02 5.338439877617606744e-02 5.802753016202179953e-02
5.542541530563421109e-02 2.551104255980144245e-02 2.283576083378373311e-02
7.538222351703788293e-02 3.616780490559935723e-02 5.658716274570814442e-02
6.651390967143541721e-02 4.095938810581781220e-02 7.021231129727845133e-02
6.261679536356234976e-02 2.101953660478691338e-02 5.491918416971951211e-02
4.952592599836661003e-02 3.327983350605766277e-02 2.130588764521925901e-02
6.349310764620734460e-02 3.073923799823118086e-02 2.946831760626225649e-02
5.099205037888841080e-02 7.494541295640246015e-02 1.522229740719375710e-02
4.290784944267752449e-02 2.001087233050193037e-02 5.739963515511981723e-02
7.103875458760224026e-02 2.351148267658354982e-02 2.650497404421959732e-02
3.842295301480263409e-02 2.065997743016735957e-02 5.626584818809804434e-02
6.654885199900087422e-02 1.142575619166839029e-01 2.920453254071170290e-02
3.871888424558521391e-02 1.780046414576891625e-02 1.216329387791281226e-02
4.211005306900814094e-02 6.131957734756608019e-02 3.734875525297514515e-02
6.024354498677526870e-02 6.751508037149131503e-02 7.768944264647581477e-02
5.355157651276058750e-02 3.183272800400230307e-02 2.433650825311791874e-02
6.110771187942834470e-02 3.898096751859018300e-02 5.715017273312578833e-02
5.436001779992367944e-02 2.410904482139807070e-02 1.754551509504326950e-02
6.410360207367943319e-02 4.182477190293269059e-02 2.794483063163084868e-02
6.980689618455118706e-02 3.477228571156448095e-02 2.896645217829654437e-02
8.246075473129807487e-02 3.534519041985818150e-02 4.273533174920290251e-02
7.213656898881178059e-02 6.596230040914644044e-02 3.107163638339916628e-02
5.861203619963103323e-02 2.477658000457755999e-02 1.508285704072654700e-02
5.826253927780796621e-02 3.017999394870416602e-02 4.836898345779429981e-02
8.376428384935677429e-02 4.160347633298164260e-02 3.372614426363294837e-02
5.822545769764007895e-02 2.159992850670084535e-02 2.437507737782134559e-02
7.376762243266457575e-02 1.294729116884948683e-01 4.439189850338581822e-02
9.609233369766043142e-02 4.048962989201328883e-02 3.184756983282038822e-02
4.698999326791742509e-02 1.604737573961174599e-02 5.107579335566764939e-02
5.593237900399367774e-02 2.051501048379812675e-02 1.612932362286022617e-02
4.553696339073309840e-02 1.748012350181282759e-02 1.074894398547810229e-02
5.827425137385187914e-02 3.294575427338622409e-02 2.037854956586022601e-02
5.342521346364587781e-02 1.750841984350150204e-02 3.139137328921175890e-02
7.829354380663790247e-02 3.807054104963390750e-02 2.583215337682875229e-02
6.185857589803659545e-02 4.719928425025112645e-02 2.625793421588968821e-02
5.172343900413151063e-02 3.138540647348420781e-02 2.062955971919217327e-02
4.148963435563144536e-02 7.452731478287028671e-03 6.957771011457232480e-03
4.337069777272917898e-02 2.007311488435373562e-02 1.532246730834549778e-02
7.055476743098508530e-02 3.135408504999807194e-02 6.843890922196793625e-02
5.682944165908409423e-02 3.258053075372460694e-02 2.648465749464478866e-02
5.639346077380950895e-02 3.139676486892527957e-02 5.683659374747210280e-02
6.005257905675295133e-02 1.149330892586727521e-01 7.129930698767289465e-02
5.984935340456633973e-02 3.730950729877775124e-02 3.426787908394616361e-02
5.337108152027921631e-02 8.951588757123452034e-02 1.589909981174096251e-02
7.181740839884598326e-02 3.514458155815104734e-02 2.751981693163961518e-02
5.808588799574083278e-02 3.237632900396578833e-02 5.093421701532830498e-02
6.590187423912161058e-02 3.121490184029294609e-02 2.295915293226778037e-02
4.276824494394677878e-02 4.251611356879758663e-02 1.421049005399984723e-02
7.210804224325145784e-02 4.259233913507121799e-02 2.840577216732801530e-02
6.323209002987036087e-02 4.144102102504712559e-02 6.517539396245281003e-02
5.367697400478194103e-02 2.010261282105511860e-02 1.481408356561898960e-02
8.154311467201282027e-02 4.430612727196466677e-02 3.092059589312730339e-02
7.231710994629307609e-02 3.592952739649581118e-02 5.427584550714828482e-02
3.873162518176640617e-02 2.040397354212740780e-02 1.078252165270087402e-02
5.299911602138770300e-02 1.633683317537228466e-02 1.405690300757095161e-02
