5.357637532621885995e-02 5.117991048102642909e-02 4.618344318663317183e-02
5.156150036568130091e-02 4.151946229459793636e-02 2.503454637784110343e-02
5.206524015709558528e-02 3.286125407359757888e-02 4.675403298341101327e-02
7.351641598144022238e-02 6.045409765621011233e-02 3.951830725527882143e-02
6.089353340914979706e-02 4.784337722687827255e-02 3.447999530845709260e-02
4.547075584189037151e-02 2.966528144544422485e-02 2.757377527160128836e-02
8.338587530438991424e-02 5.280105464765330603e-02 5.019917878076712858e-02
7.496022237189832460e-02 5.819267653975744581e-02 4.943884301996973041e-02
1.307262568564698801e-01 7.907718128515993372e-02 7.272615180505212495e-02
1.315853089659013986e-01 8.605381718404744862e-02 6.515504555422618749e-02
6.751890765936011118e-02 4.978526496629453318e-02 4.161043182183361139e-02
7.953531242304749671e-02 4.234472287104378008e-02 3.271316526768484889e-02
1.080425657362502623e-01 7.817739921741979903e-02 6.863929061682486066e-02
4.508212339780877376e-02 1.858515565719086327e-02 1.983313591618775934e-02
6.519022278602110143e-02 5.282004254412679678e-02 3.952057150395969776e-02
9.078812089156626519e-02 2.638774751378114222e-02 4.011441154452457386e-02
1.012203606777009046e-01 9.652882407605660464e-02 6.054480200468459472e-02
7.406859449897483516e-02 4.514975840862861522e-02 3.577987385639283535e-02
9.075990107252607242e-02 3.868717362592614950e-02 3.825755772532549864e-02
5.490103786696517302e-02 3.579788182645986250e-02 2.978804203954716484e-02
8.242384105857175625e-02 5.799261117628741469e-02 5.374154493174070762e-02
4.495968051590909509e-02 2.526847268088748544e-02 2.151979787921581844e-02
5.279019873721255141e-02 4.363923670921413672e-02 2.908418305724701225e-02
8.881916176716775357e-02 5.465813864546403139e-02 5.276210835907632624e-02
7.255414351918534899e-02 7.278506900022055359e-02 5.817743814080016118e-02
1.603598583890331608e-01 1.096793103064719055e-01 1.063469257922646100e-01
9.058110023559877433e-02 8.137392880295643560e-02 6.264523462891589956e-02
7.573255300344756968e-02 3.998774753289310868e-02 3.993993083026242674e-02
7.703769278718104740e-02 4.392409356462172176e-02 5.194562003638766856e-02
5.569864115460211595e-02 2.817766278391362414e-02 2.675057670363046800e-02
4.522557862427976222e-02 2.376398148942976407e-02 3.293802839392109827e-02
8.309433623353977560e-02 5.557060957826977232e-02 5.851740481435713237e-02
4.511569608203044174e-02 3.956376253293453216e-02 5.316389096577538859e-02
5.629527108048103939e-02 2.769273857059513164e-02 2.849910098751656101e-02
9.018074416683841132e-02 6.000814539081105181e-01 3.277158929481877037e-02
8.083773406576236220e-02 6.231373842980232614e-02 3.612920233846882850e-02
5.255943779693069556e-02 4.471471918670858609e-02 3.066488903806126667e-02
1.082293137351468815e-01 7.677095967216164552e-02 6.442754529679359243e-02
7.371172418280079464e-02 5.947554446936565570e-02 4.329682183077680074e-02
1.366470832009630265e-01 7.628429522848269306e-02 7.279122793619108300e-02
5.820313107594751734e-02 3.684172759564901395e-02 3.225665412112419667e-02
6.865979181373600693e-02 3.777632003236011671e-02 4.169115153760889758e-02
7.748647131621773376e-02 5.304519787626692240e-02 4.909025272655893890e-02
9.942689669176636713e-02 8.029125082683864767e-02 6.312300634840203872e-02
6.591118852272821738e-02 4.773120531564085944e-02 4.331625510528252371e-02
5.132087330759345367e-02 3.127223771241462863e-02 2.459116283166865383e-02
4.869086309608092883e-02 2.060427137368251588e-02 1.769145131135007112e-02
4.106254197696000002e-02 2.695117783540494638e-02 2.321716505640387604e-02
7.879420829179364927e-02 4.066744270104057785e-02 4.489711216433479868e-02
7.453441964491944183e-02 6.264308629521778138e-02 4.137166412757049827e-02
8.023020259124005737e-02 8.372161766806915373e-02 6.354453295152509562e-02
7.103514602720559235e-02 5.803187505349946540e-02 4.495101405822663626e-02
4.614479926916187358e-02 3.953720280994205138e-02 4.136737030269770771e-02
9.592555049002216006e-02 8.212806129385132048e-02 6.786241449313341889e-02
1.016329894180294097e-01 3.605303867326122708e-02 6.400024168601195496e-02
7.040144016852541153e-02 5.952393274736980655e-02 5.310671240412520588e-02
4.695151253372407268e-02 3.294749368172411597e-02 2.540183342895633786e-02
9.452457178805320770e-02 7.428163826101927270e-02 5.953179142132809104e-02
7.076605267368553387e-02 4.057953622391431703e-02 2.551685670722288884e-02
5.897726231961136073e-02 4.318444997475334723e-02 3.008004488341396374e-02
8.936024248735044417e-02 7.847890495571498148e-02 5.383403540333037834e-02
7.478994009861270054e-02 6.216707968998736594e-02 3.999154720107676864e-02
5.587771416218099280e-02 4.250056240221837534e-02 4.479388184540978451e-02
7.860715289978452425e-02 5.045438028600456731e-02 4.523503558707687305e-02
7.710107484972027192e-02 2.589875041707753733e-01 3.001150884746123584e-02
5.769038531521695351e-02 5.283717243020210480e-02 3.042295715334138867e-02
9.874350264208898997e-02 2.606330558580070497e-02 2.432938022543827336e-02
7.556306036742783949e-02 8.696778334551404088e-02 6.508857057036135374e-02
4.726623545451002356e-02 4.060761879202386126e-02 3.281787944619077302e-02
7.608303592490948952e-02 4.436974986249215408e-02 3.535487264634784577e-02
3.828678727992267106e-02 3.133110591962998126e-02 2.661095688129726938e-02
9.347503895748092428e-02 7.202744674431602601e-01 5.056186637010894741e-02
1.129667482643684773e-01 7.469927412938298650e-02 5.895070771718610714e-02
8.379675522681989674e-02 8.114899018734730851e-02 5.269760745545148256e-02
5.188125440135239741e-02 2.980337405978916721e-02 3.342517746351566371e-02
4.864584371554531161e-02 2.925563123388250086e-02 2.696414527393663566e-02
7.699342412526299917e-02 7.238680813887186927e-02 6.417831552170764897e-02
5.952870089415589899e-02 3.392419529986540755e-02 2.449478347878170439e-02
7.422990600089636459e-02 4.586907328255593330e-02 3.986751580951352486e-02
4.880443379248262242e-02 2.806275162704119711e-02 3.174794985423096821e-02
7.290462800618088823e-02 8.156169566945677130e-02 2.510704241533579656e-02
6.811061258213885194e-02 8.102393760725074001e-02 4.618927080640325422e-02
4.365450150516272942e-02 1.165960828664557719e-02 1.960767225523222732e-02
5.785461418735807215e-02 4.101840881052477156e-02 3.748934190111588571e-02
6.412002626991158971e-02 4.753036243452447157e-02 3.253508785928362762e-02
9.555372689116603535e-02 7.573243263868080499e-02 4.815821544383908775e-02
3.963950462327657520e-02 2.044088143190125190e-02 1.983946813916078952e-02
8.509262727125020687e-02 7.431833398259912737e-02 4.611823963321325798e-02
9.200057408420321547e-02 8.921527080157007350e-02 5.994845552852588744e-02
5.980633478064836112e-02 5.419715240209770080e-02 6.250116034480988902e-02
1.143292070305350072e-01 4.082914579400710731e-02 4.644070939058068948e-02
9.663244099093742934e-02 6.865486013591176606e-02 5.814777675350377845e-02
1.390826151966368107e-01 8.575768971107930461e-02 7.183877642531444341e-02
1.165924849715044009e-01 5.970023568522718482e-02 7.262672653418629498e-02
9.542843256074891312e-02 6.751890939960444871e-02 4.215763865185541415e-02
7.679540709524625142e-02 5.733456395195558192e-02 6.893584550962345014e-02
6.843106562708642371e-02 4.964514207258096529e-02 3.451839886000300506e-02
4.636922006615424446e-02 2.557830888568963373e-02 3.631648415839393296e-02
4.839815505552600566e-02 1.767762238831872834e-02 3.051795316235894964e-02
9.351757169589750007e-02 7.066858464461128753e-02 6.079277489519172711e-02
7.348780370956038699e-02 4.899750731711814689e-02 5.566391652730921791e-02
6.464361885748869108e-02 3.299583793687557720e-02 3.715028725209383598e-02
8.738648203907069256e-02 6.898282214366037446e-02 4.570336366480381302e-02
7.509734932709061228e-02 6.687445647409302751e-02 5.259520370414763613e-02
6.872084152959008485e-02 2.021382892480862517e-02 1.745144978223113486e-02
5.322263535723207456e-02 3.603984355388828442e-02 4.824321391988026231e-02
8.602629295769109730e-02 6.259819734847428541e-02 6.084956719971996997e-02
8.652614946317259415e-02 5.320214588877563572e-02 5.583067795480091411e-02
4.526092066634981870e-02 2.556042960589369195e-02 2.825295552165647470e-02
5.387196874568350030e-02 3.171170497067580391e-02 2.087144572947543034e-02
6.376066902057002383e-02 4.506612008580020839e-02 3.173763525769836280e-02
4.585271217130611199e-02 2.461286293407185036e-02 2.292129147380373225e-02
5.772364717200754308e-02 4.086132102299287749e-02 3.188310070434466348e-02
8.755368445482854256e-02 5.054540995527073005e-02 5.665079569129591319e-02
5.516887883272229842e-02 1.858491550764641495e-02 1.622354723383860262e-02
4.228258930079838857e-02 5.155172392100094286e-02 4.559941549390319343e-02
1.119279286404583351e-01 6.212956424056986782e-02 6.739856448857108051e-02
7.662591562991358241e-02 5.111181236180222659e-02 4.829456648704778809e-02
7.968810513137732088e-02 4.624607028567038342e-02 4.748410508167468652e-02
5.180169377931120173e-02 2.604301169182322850e-02 2.912921123337118556e-02
4.568928217438784911e-02 3.796761745469010713e-02 1.975602095447902967e-02
6.627991202207927923e-02 5.041366170382084733e-02 4.978850261796916726e-02
9.252943936676297221e-02 4.944444215679620613e-02 4.552454536217921677e-02
5.905573789158928555e-02 6.768095465796718224e-02 3.297342244242885967e-02
1.103742568573218841e-01 9.630378751848341079e-02 8.639198070378899252e-02
9.341421635586999450e-02 9.987958795282857183e-02 6.389748236368204826e-02
9.141295098377534567e-02 6.683570239651941136e-02 5.920622794612646206e-02
7.755661140423426858e-02 4.485868812308941439e-02 4.211212901983538148e-02
8.242764950060099682e-02 4.893560762328547087e-02 4.847749935417448169e-02
6.964284656107731786e-02 6.512817906990725492e-02 5.131400801185089650e-02
8.317823284633112102e-02 4.433927944719367326e-02 3.892735131320218533e-02
3.826664418056822947e-02 2.261960685744866806e-02 2.766515869669619251e-02
4.363214314011853306e-02 3.632318508106543997e-02 3.055021486259989344e-02
6.843759088136015800e-02 6.575716844189559429e-02 4.544783854529037270e-02
8.520372495187897299e-02 4.123004623571007582e-02 3.893179561229242330e-02
4.928312289005996188e-02 3.209315444657660776e-02 3.607404903856083894e-02
1.181178234491364609e-01 8.566769121474127058e-02 8.837863719473733337e-02
9.902836566285207198e-02 1.016379798471025581e-01 8.549085680804986709e-02
1.167323587117891776e-01 8.003386779360591174e-02 6.192794610109518538e-02
3.800057962485262758e-02 2.448606611617141701e-02 2.143149504310520176e-02
6.600507839167399360e-02 3.311665056340466068e-02 2.211350176777852894e-02
7.043747152315907312e-02 2.810752422434048547e-02 2.920874023713909001e-02
1.053637806394145809e-01 7.893932275948305211e-02 5.081784880543644550e-02
1.191249949400302044e-01 1.003560823087338710e-01 9.337211331420147697e-02
5.112064929258936657e-02 5.679025998408731429e-02 3.841784183796125018e-02
1.077909241860020156e-01 6.699069234762707048e-02 7.647859903700778006e-02
7.215343707804959539e-02 3.871100723370690666e-02 3.590650362948117486e-02
6.084844704162242074e-02 2.354752118589363216e-02 1.712833865924270893e-02
5.740827675057107865e-02 4.413012705350437964e-02 3.422274698846836799e-02
6.739268912002031875e-02 2.420998790881618082e-02 1.816009160124611513e-02
4.592026930088323466e-02 2.254540568516330903e-02 2.338964526449066259e-02
4.155192244539868129e-02 3.763909106824663009e-02 2.765032510267349808e-02
5.471147417143151781e-02 2.520558664113520253e-02 3.506105451671893969e-02
7.098765331887199603e-02 4.906391158138895259e-02 4.306128077333190585e-02
4.807135221188237051e-02 2.346399569762010889e-02 2.901141705022119641e-02
9.754436747600349344e-02 7.735741940268392458e-02 4.316332978417242172e-02
7.181119029255461639e-02 4.737925654785171692e-02 3.120192963789641949e-02
6.878537195261487380e-02 6.216631159901005177e-02 6.121851514490524171e-02
5.786343680511485399e-02 3.805825111663162230e-02 3.683313886696443912e-02
6.668361028442974792e-02 4.074125951402904344e-02 3.059343958593886692e-02
5.574870162382934702e-02 6.534098715989652972e-02 4.525154648107012484e-02
1.185806335039169407e-01 9.096955220529680253e-02 6.333872050923784747e-02
1.115033203755989993e-01 5.519920316097072510e-02 4.021618830152123847e-02
5.379789550399056292e-02 2.784918435395040276e-02 3.065212303103350897e-02
8.099104949153325406e-02 3.998289744851325073e-02 4.621249795911749197e-02
9.571108583620488441e-02 7.030557683007916669e-02 6.215099030240105876e-02
5.460890929866717841e-02 3.568745666365797514e-02 3.084794935504830277e-02
7.357261279339184779e-02 4.849390694065157381e-02 5.226574371632801419e-02
6.543608609174840496e-02 3.870658177773097369e-02 3.282167327278125157e-02
7.853316884182784396e-02 5.327179716413964206e-02 4.585445498303723083e-02
9.261288897257226316e-02 6.836946800906353039e-02 8.116051563288935455e-02
6.284630662594217765e-02 5.439069080027095909e-02 4.216577548354814853e-02
7.467766200315892333e-02 5.729894949209126537e-02 3.430649794093213606e-02
1.122047446825002043e-01 8.966899328021814275e-02 7.838880651851211356e-02
8.366061905860643078e-02 6.444210795332558361e-02 4.757866581814253898e-02
8.099146136100432436e-02 3.309265255234962455e-02 4.108315261603271568e-02
5.966066504822825634e-02 2.414504798994600993e-02 2.799982709429877509e-02
4.592545289828516702e-02 1.552911815308849822e-02 1.792275908990412225e-02
6.262450452955117819e-02 9.285204344982564417e-02 5.549354540532716595e-02
6.116424402452374370e-02 5.237549012798453640e-02 3.258593422817458035e-02
8.575558153095499958e-02 3.964569843617769818e-02 3.605443934557323038e-02
7.948990960277799167e-02 6.783856490919655535e-02 4.476099969598681949e-02
8.132875526622780626e-02 4.557157488859931577e-02 3.881675266940239760e-02
4.100466724028669491e-02 3.696997560068138178e-02 3.611156822778067294e-02
7.769968890042121268e-02 6.762346019653561746e-02 4.517591074389096240e-02
8.568483829973506938e-02 8.124274683054786284e-01 4.963718251465523007e-02
9.177251390102451889e-02 8.611741212024459635e-02 5.846852974708682121e-02
6.284613567823556235e-02 3.532117181066152245e-02 2.188481514241397488e-02
8.785879502623973603e-02 6.564552754156548209e-02 5.294700910991040343e-02
5.024567740102818536e-02 3.129274266928160769e-02 2.467111599094042734e-02
9.083350283696821348e-02 5.478723022177935803e-02 5.027117686699776600e-02
7.061699330626919346e-02 6.778718171021030914e-02 5.965734098742094677e-02
5.109332529334325440e-02 2.908082299171144136e-02 2.527470096263920510e-02
7.477066029060232266e-02 4.015373374595589129e-02 4.027322342491698043e-02
5.275660438267992802e-02 1.755266219395940769e-02 9.257419950916851575e-03
9.178127633831381638e-02 6.530757175520376934e-02 5.331639256440297986e-02
8.794125975933410333e-02 4.394477057126891517e-02 4.257901009236948059e-02
5.642109277920663579e-02 3.115570069183693641e-02 2.925038114861393257e-02
7.001950184096589203e-02 3.977164064259942899e-02 3.571506094797590597e-02
1.207783443329341344e-01 7.222334916322818710e-02 6.283908730435852630e-02
8.640794940598429952e-02 3.556236868551387181e-02 2.447427241746592819e-02
4.611112187049295347e-02 2.831729655537837051e-02 2.492901721296058443e-02
1.404406414299288197e-01 6.802378175385784265e-02 7.184073213989612683e-02
8.980226740335785218e-02 5.059642040835905102e-02 4.067591171718723531e-02
7.801738464419760710e-02 4.063582201223604751e-02 3.433287342163215961e-02
4.807526821968353958e-02 1.697966373973903154e-01 3.519941468218081709e-02
4.688941328951503479e-02 2.136323430346927579e-02 2.431345275543921741e-02
5.642658644653912592e-02 4.151319146388313119e-02 2.877787528915311255e-02
5.866553799105590078e-02 3.925208016522551552e-02 2.505612349256584534e-02
6.145536778778046966e-02 2.943932889540085487e-02 2.568049656219681051e-02
1.245351760442006683e-01 8.271310261083718307e-02 9.385376218072186139e-02
7.657802393952976849e-02 6.935721910807042534e-02 5.532249715715519683e-02
6.131035285423406395e-02 3.825376215580588574e-02 2.987497540227305667e-02
5.161797574457972770e-02 3.865562053127203496e-02 4.735445072668074962e-02
9.844758246075059616e-02 5.267801999053774165e-02 6.147693860236073254e-02
8.768651391098886139e-02 6.112627385066521368e-02 5.704773419979337207e-02
1.000334047128950826e-01 5.836012175210074371e-02 3.547727542072728890e-02
5.974018191764932095e-02 2.969210844035629487e-02 3.380424998886977228e-02
7.177543781132809941e-02 4.088933267730173599e-02 5.103267452182051050e-02
5.968593942744607889e-02 4.277397144047003635e-02 2.950898563142602057e-02
3.952333521802946226e-02 2.862538137055931423e-02 2.450823983352438951e-02
4.266904801916644036e-02 1.352374818585148734e-02 2.294698600265516336e-02
6.734170466714720082e-02 5.469306741621388079e-02 4.259968144020254144e-02
1.051336135480204492e-01 5.857209922252282208e-02 2.966380383397074563e-02
5.627341656949333415e-02 3.711148814932997697e-02 3.435358870285494526e-02
6.066930633271223200e-02 4.641875893380605078e-02 3.838088642569768838e-02
8.142595038176379807e-02 1.485707394661586744e-01 4.142008505236598886e-02
6.295316827548111394e-02 4.891879490040791645e-02 2.378853027086747993e-02
7.324408009636768080e-02 7.431306376857207963e-02 4.256566787096190824e-02
5.533371382524920196e-02 4.102341978796757854e-02 3.379550024789047119e-02
7.823245805177389545e-02 5.174772679041827333e-02 5.456153857191623630e-02
3.764365490163523037e-02 1.150891914186428187e-02 1.443789038082021574e-02
5.431550402861045485e-02 4.406358790199804698e-02 4.816951465703948193e-02
4.052779266771688871e-02 3.336904358138127746e-02 3.896482381022091379e-02
9.339233401143381963e-02 5.829694192744185044e-02 7.543646431535964980e-02
9.218270560563127103e-02 7.630810352710960809e-02 4.100134372199178839e-02
9.735647094799805557e-02 6.369523149178125954e-02 6.523997959617935938e-02
9.465049638072732530e-02 7.736887901738345730e-02 6.275789264107457799e-02
7.463449819115261508e-02 6.214149998147414783e-02 6.772179835678748816e-02
8.484074031905665392e-02 4.907015393021387645e-02 2.983032900291782141e-02
9.542377720031658406e-02 9.863106554672594617e-02 4.640329386050688620e-02
1.180031057582024145e-01 8.560309441010158227e-02 6.268603085426818766e-02
6.172996969250220400e-02 3.658463785424904968e-02 3.481167892554568044e-02
8.505216470227695835e-02 3.735272244104723832e-02 3.576602436225369275e-02
8.178878830063363026e-02 7.326873704018960209e-02 4.584757173379260670e-02
5.105593778412029216e-02 2.309957972778537566e-02 3.723233375663200645e-02
6.447182887668072293e-02 9.452101406745790080e-02 4.803004029205653475e-02
6.669599582775513624e-02 2.457138921225775208e-02 4.082027696666874067e-02
5.942259716151644666e-02 3.149683040681729163e-02 3.369940903716486802e-02
8.207062309957509350e-02 4.391506229402419165e-02 3.423022208028744795e-02
1.068375549518614659e-01 1.806002666303876958e-01 7.145235199699880024e-02
6.877369161891751237e-02 5.718791923065926625e-02 4.473275157504254251e-02
7.223509238051539771e-02 4.040974845361959555e-02 2.666277781930630891e-02
6.390799226418165946e-02 2.536359318558195075e-01 5.697921976070609990e-02
4.814828341399913364e-02 2.840637063619226924e-02 2.688219692738352470e-02
7.405440278794300779e-02 5.988806581712925736e-02 4.524857988515901264e-02
6.965030223612173055e-02 5.339132828205646331e-02 8.016486113253545875e-02
5.719076084481149874e-02 3.373261388867400401e-02 2.912131055560280082e-02
4.850610608564934895e-02 2.884833259210671519e-02 2.112055409643963030e-02
1.148732277598848578e-01 6.743391189922484652e-02 6.587268412708970067e-02
9.367842413709596971e-02 4.667222828610052832e-02 3.811499458214082786e-02
8.619743733644118222e-02 7.132001828506015495e-02 8.298906089519803020e-02
6.185774901946942961e-02 3.169996941602896967e-02 2.716923098215937027e-02
5.066212372244089518e-02 2.294513581561609047e-02 2.042040837233424777e-02
4.949114639750069183e-02 7.996941190133892430e-02 3.517164953316152809e-02
5.242797691051564318e-02 3.733455824212343621e-02 3.851810466047080744e-02
8.319981110842382399e-02 7.398199672578251174e-02 3.392800094933665772e-02
1.624694164114842687e-01 9.266129051712447551e-02 8.865831626404137300e-02
6.414429610301095042e-02 3.524391727145778641e-02 4.203742168478419999e-02
5.357412093375962803e-02 4.574224121586480118e-02 4.224773428395425801e-02
7.251964462935522882e-02 6.455510413848677964e-02 4.668885344504306034e-02
7.312956370469367307e-02 4.269021914001114304e-02 4.570958432154249157e-02
8.756997576782173109e-02 5.350259694811492633e-02 5.090177491401010057e-02
8.434343369882711661e-02 5.222434342744089464e-02 3.882595624476037344e-02
9.810491468724862052e-02 5.330808721777464954e-02 4.237008301355209977e-02
8.983259396915162232e-02 1.058171776751266613e-01 7.984856406720886035e-02
6.876328888214412738e-02 6.053907263151202256e-02 6.302638158507882504e-02
7.837348680526784461e-02 5.683334626647652821e-02 5.359190247234139892e-02
4.685060273660692637e-02 3.720474082437876667e-02 3.924656961406136624e-02
4.211182291644973569e-02 4.829661591769922324e-02 2.909434543722549601e-02
8.382674425849616362e-02 8.592543067710839422e-02 6.176073927153902243e-02
5.751539733398057519e-02 3.287358721459621852e-02 2.325256896407711799e-02
7.267650840076070318e-02 4.700737835141255427e-02 3.552588196327684938e-02
1.328347273015959007e-01 1.017555230737808569e-01 6.449831780243719948e-02
4.511316239532043443e-02 3.457002285803970759e-02 1.994315161644650072e-02
1.052450316496295751e-01 7.524700680904296279e-02 4.809010979850995848e-02
1.012110879867670898e-01 8.185495254907054763e-02 6.929800277650917384e-02
9.040274814498654166e-02 6.191354016943259597e-02 6.708684108872314811e-02
8.984869393763821044e-02 7.300306747512672056e-02 5.630336745167209556e-02
4.998251091890140024e-02 2.715705466255145112e-02 3.182625737046648751e-02
5.424018793379388470e-02 4.247409852852634254e-02 5.099816162135176884e-02
6.461805133056955364e-02 5.076871518632589814e-02 4.311948271436201463e-02
3.778511935421503126e-02 1.002971513519995694e+00 2.219812637024448990e-02
6.047726344568606083e-02 3.339303042821156059e-02 4.867984660240658179e-02
5.055435027482571564e-02 4.777088762893867413e-01 3.333498697473853689e-02
5.850425180114641327e-02 2.263809094710924133e-02 2.498571242050925262e-02
8.564543880621551530e-02 4.834702985442969336e-02 4.581800413401782707e-02
1.103862031806836369e-01 9.074939347859742322e-02 6.266241673004774304e-02
5.771483942063761197e-02 2.764704493258392584e-02 3.096797232354592255e-02
5.948401707853218784e-02 3.820574069927010208e-02 3.552684966373476777e-02
1.113830068919595406e-01 6.272631005834733431e-02 4.604937101190937493e-02
6.453921143832638818e-02 3.088882884945558238e-02 3.049873837626215778e-02
6.817564112984640656e-02 7.066251628917519234e-02 5.572142733625273792e-02
6.145934820384712366e-02 3.104422678385579046e-02 2.904439445778686166e-02
1.516374664783678161e-01 1.040025283206024165e-01 5.825804139808049564e-02
7.856535647193932381e-02 3.859637013467650396e-02 5.054836551306248621e-02
5.681115009482848310e-02 4.667623948319930827e-02 3.309996887472262117e-02
6.148738216641431303e-02 2.237363041870360503e-02 3.317538553513359884e-02
4.590333910952627133e-02 3.366915680884931261e-02 2.558512844083392010e-02
1.141243755959874817e-01 9.096308382969581219e-02 5.351137269111537476e-02
3.396841125886584933e-02 1.296593782275870868e-02 1.739275732675933661e-02
9.677141953844480005e-02 4.674009212711346950e-02 5.209740512572527682e-02
9.529034490784105138e-02 8.321968435292610711e-02 4.589575540099576079e-02
8.728945609054000743e-02 1.385311498273723574e-01 6.099851287104823827e-02
1.141771673241955415e-01 6.625620990768968377e-02 5.441504784095559100e-02
6.326841460432779118e-02 6.362228270619200987e-02 3.517077424519306217e-02
8.352495956870935323e-02 7.094276649848646477e-02 5.653223713418149138e-02
5.385782942185786404e-02 3.574261224474835352e-02 3.159473726302334390e-02
5.292974728603762335e-02 2.135093156114855478e-02 1.834372940035830860e-02
6.141179744895398918e-02 3.919018624800042760e-02 2.190058540221052896e-02
6.612308358124818763e-02 3.125161314491105291e-02 3.454592620311743717e-02
5.578801485922352255e-02 5.837718895884057291e-02 3.588029154670352439e-02
7.609729595294827120e-02 5.053733034989797701e-02 3.860869343623221650e-02
5.617821988329086552e-02 2.944335699958485625e-02 3.225443266814934790e-02
1.027044911714260628e-01 6.802101093598678094e-02 8.097505439385280224e-02
3.939254277580249430e-02 4.529019577814642761e-02 4.064403605094143307e-02
6.634796854605098937e-02 3.560645791250700853e-02 2.707557709543088192e-02
6.058700543273771999e-02 5.205211441567079295e-02 5.678697484396206391e-02
9.515015306320234734e-02 6.427502726193698446e-02 4.128122698390244982e-02
9.192089463375664737e-02 3.789069104842267971e-02 3.616352460691372311e-02
5.980688318720450702e-02 4.976310349197547722e-02 5.379297880894880896e-02
7.574583085808588023e-02 2.955678158019209301e-02 3.749467653343060980e-02
9.071174779621143935e-02 5.905663487740934331e-02 5.054039973934681962e-02
9.208200690234834285e-02 5.915087343332310621e-02 7.996123319134845753e-02
8.391773736531819849e-02 5.080497405364876179e-02 4.609563157671325850e-02
7.723914670345738420e-02 4.752941174990751860e-02 4.259924172574097029e-02
7.073623021921797427e-02 4.693922283248148225e-02 2.595331691499360577e-02
6.982874009462743115e-02 2.366384946326231115e-02 2.637153414292319267e-02
6.316110007117932412e-02 8.780260336816095301e-02 4.125369092257993864e-02
7.346434447701670478e-02 4.333191061021265944e-02 3.754218449060817142e-02
7.220118372475570201e-02 3.506514323985000514e-01 3.474085904093188182e-02
6.431651720976516717e-02 3.864603166369953019e-02 2.956913168593293395e-02
6.751879227846052656e-02 4.377692000392159610e-02 2.978046291769544801e-02
1.139201693356593215e-01 9.401043332679306919e-02 6.403483819620882367e-02
9.028008441789323046e-02 8.947133406778123854e-02 4.080089267142152087e-02
7.138006951955215562e-02 4.723056690007971375e-02 4.331173128268189093e-02
4.008213846031055683e-02 2.153071372692114474e-02 3.485088851728278259e-02
3.409223497486692234e-02 4.479323845369235363e-02 2.505177808928856290e-02
5.140314060762558868e-02 3.443183060602555273e-02 3.708307341327861384e-02
6.240831513918383699e-02 4.295946146469024896e-02 2.614081968614298535e-02
1.095796109979165073e-01 1.204796307696545526e-01 7.179461348933691145e-02
8.214689534563544837e-02 4.895581759587375181e-02 4.830133209887806783e-02
3.668687884990064207e-02 2.138625440102593853e-02 1.947512750084613373e-02
9.309693534232189871e-02 6.232003643818591343e-02 3.953769385989952534e-02
1.188855665817830226e-01 8.310412524076327134e-02 7.274855203582683560e-02
1.278116555395641951e-01 8.904106616292996323e-02 7.591331923032960949e-02
6.658540131112671012e-02 1.123421982695270993e-01 4.493361804168535117e-02
1.219650792369157410e-01 7.571402002667240727e-02 5.940729620744581579e-02
8.101508302262634686e-02 4.899669419650545116e-02 5.177442584460199837e-02
6.062537878643833172e-02 5.109161151116899807e-02 3.198352158494446873e-02
7.924426577335842714e-02 5.965462541067374780e-02 5.490016383948918832e-02
9.240322584627375102e-02 6.563595140104458436e-02 3.846421963232329183e-02
8.252184188843905699e-02 6.230021730487408232e-02 3.942914719225049797e-02
7.463462196729993281e-02 8.184856261461391502e-02 4.578070040083629527e-02
4.810726115624282262e-02 4.927815310589911402e-02 3.155086819339189552e-02
6.462173807930933489e-02 3.878953376064641495e-02 3.593487433633837935e-02
5.200032326952232914e-02 3.714907238356764119e-02 3.773591019213536069e-02
1.096479902261529027e-01 5.317405876113003721e-02 4.552750335793574049e-02
7.778423693231575897e-02 5.318720312074558948e-02 3.730180645366036607e-02
8.191047966409871484e-02 5.619541106760606031e-02 5.671672159780138944e-02
7.517902807841812807e-02 6.159503319015335876e-02 5.160570618445197572e-02
5.644691032051279977e-02 3.258924270949539737e-02 2.444839100630551501e-02
1.053988321364675573e-01 7.411285590918324784e-02 9.386611263036651054e-02
4.058140944189332633e-02 1.566900558663729751e-02 2.205428624150351791e-02
6.379531705703077316e-02 4.564639614447066340e-02 3.718116770382695613e-02
8.254170826708595587e-02 5.830392484024965460e-02 4.705380982490728337e-02
7.380846138625518638e-02 4.054268953983865970e-02 3.896024845225505573e-02
1.213912643120622220e-01 7.038182007097570914e-02 5.994007560120531014e-02
8.572154370493147157e-02 1.037273970119012290e-01 5.663161196876339426e-02
9.017085355555047588e-02 5.258522252694713961e-02 5.898379375693400123e-02
8.505016508394913632e-02 1.587162492521334844e-01 3.465563173262468932e-02
7.104714051762982263e-02 3.074242464515110351e-02 3.249619954964973884e-02
5.366734793915368951e-02 2.697378161033437555e-02 2.241289780823900110e-02
7.579165791628349191e-02 5.075777179241657694e-02 5.363247784145223213e-02
4.801943057331099080e-02 3.942796711111084401e-02 2.518558858554129781e-02
6.376025524827874658e-02 3.622054779483892262e-02 3.813927355473450964e-02
6.291734107141065679e-02 5.153368698784453750e-02 2.833565680546240584e-02
1.017350123491023023e-01 1.162705086608478156e-01 1.089919752232430539e-01
7.572296139119032155e-02 6.103066087142405838e-02 5.060936600484484960e-02
3.983599817460899833e-02 3.446238187061365088e-02 2.251504740728482029e-02
5.879561675105916124e-02 2.922106363024773446e-02 2.936029186202476077e-02
7.081078143380011014e-02 4.477650594437182496e-02 4.616098158468909946e-02
8.861189482528883388e-02 8.127731885518175992e-02 7.465626054807700251e-02
5.282722011761277481e-02 3.871540133085291102e-02 3.744522345894361198e-02
5.731177552740956971e-02 3.454522031539664778e-02 5.392155856180105150e-02
5.765202991680119099e-02 8.420363903122857208e-02 5.012679211506719523e-02
5.315053036009584342e-02 3.745604399229175707e-02 4.179960578153854578e-02
7.906278865434662739e-02 1.636753051275410820e-01 4.028095247655311822e-02
4.622351962923165747e-02 1.890480802889836498e-02 2.340484438001877443e-02
8.113945280729292775e-02 6.666196497931814458e-02 3.757902254743501064e-02
5.786893660912251908e-02 3.225106568604128865e-02 2.692831000359977717e-02
4.864462637618921503e-02 3.066777976901983310e-02 3.260089749744304183e-02
6.047954334515750346e-02 2.476112410843069392e-02 1.630517108004527274e-02
6.443039924545508612e-02 4.252604422150502855e-02 3.225092549250156010e-02
9.727516729750561308e-02 6.828722171418903641e-02 6.490701417186618694e-02
6.172031456127998611e-02 3.449943214355777332e-02 2.437130990240059247e-02
6.142017562559216881e-02 3.914942760265842370e-02 3.376068504392608360e-02
5.882381737835983698e-02 3.364124836007370556e-02 3.255299008630169189e-02
7.486536959310061135e-02 5.914540738947586529e-02 3.898955175276517388e-02
8.392813619372276046e-02 3.931810547932546029e-02 4.065425858232600553e-02
1.144698394236963318e-01 9.817773497382448200e-02 9.022127088551205876e-02
5.457915934999167662e-02 2.733406386592032722e-02 3.074566973249279883e-02
6.599599116691487466e-02 4.323924008508098216e-02 3.192869816145087192e-02
8.332696976127984545e-02 7.636020851271906051e-02 5.989307410931271614e-02
5.761295185493650606e-02 4.385714949985761862e-02 4.386746489651242864e-02
6.418224143083943456e-02 3.595854381905543018e-02 2.865240262010574843e-02
7.333838169554728059e-02 8.753263993063155335e-02 2.973589364456469958e-02
6.978203364607504788e-02 4.988060508430422479e-02 3.734318068802478657e-02
7.016039986424608965e-02 4.532539462920458923e-02 4.978005933354631013e-02
7.961849953935437596e-02 3.067708943684482187e-02 3.004921522614319510e-02
6.153367818860694394e-02 4.086348546924290642e-02 3.477848726142319241e-02
7.205288244405179399e-02 2.883928953559608890e-02 3.237299996629000587e-02
7.953786676056925908e-02 8.061783380766283924e-02 5.055599859456635925e-02
4.519567456242571529e-02 2.124207330783052516e-02 1.906673365163133460e-02
6.988926192548954031e-02 3.745154446152656330e-02 3.973747498468077621e-02
8.378321419799729386e-02 1.013141680252150068e-01 4.305975066050380523e-02
8.307477774535931836e-02 4.732985261917023456e-02 3.796294066206350182e-02
9.398448056376801363e-02 5.330823549011696333e-02 2.878150946252189951e-02
5.923811263246187703e-02 5.986548122590074766e-02 3.514093845204019351e-02
5.351810706058961198e-02 3.077262612815091086e-02 2.253341153045300763e-02
7.193369169425550824e-02 5.480811021657849835e-02 5.036373848266052777e-02
5.367689467892495375e-02 2.139046751502298241e-02 2.734405651132693418e-02
7.349433562047436030e-02 9.296634649050287968e-02 5.293648966935057820e-02
8.090173818954679574e-02 4.515759317548059815e-02 2.193428667078578531e-02
1.178916118592036044e-01 5.359606509639952554e-02 5.639895663079418087e-02
6.739108826164644239e-02 3.531681084176521018e-02 2.510402435299894514e-02
1.036249299711917010e-01 6.254529874325162608e-02 5.024281718711869765e-02
7.963520625632138084e-02 3.248940749197633260e-02 4.198759927736286923e-02
5.588991450895049867e-02 2.763265884578364542e-02 3.080874080422472960e-02
5.698621603101191452e-02 2.654692004981808184e-02 2.909737017895093827e-02
5.348745965945334024e-02 3.311914045227833808e-02 3.511006591971894963e-02
4.713865121517518686e-02 2.690134187277074679e-02 2.742439553091156196e-02
1.238346474906031613e-01 7.033016926860664875e-02 8.564722349001453738e-02
6.565974814896582967e-02 5.010226093273553727e-02 3.101189326339739288e-02
6.356002032851945649e-02 5.535529498931610060e-02 3.852356097660966650e-02
6.167155956544547596e-02 4.020966902105392593e-02 2.985270274194954179e-02
7.300334376669631586e-02 3.281502829250275421e-02 3.071211648978709741e-02
5.272239122467837352e-02 4.155063688164247621e-02 3.844839612379148674e-02
5.245185851465414967e-02 2.325179908237769502e-02 2.751266181660394147e-02
5.985606499463575619e-02 5.040230321844291206e-02 3.695660779162057014e-02
6.866510567365365081e-02 5.537431525933537990e-02 4.261260996234799564e-02
5.845959582933017706e-02 2.840178559225559063e-02 3.185108362442524294e-02
7.281730910196795858e-02 3.520841825573344658e-02 2.980503964423979191e-02
5.648283400698549811e-02 3.762043928938466064e-02 3.295713928679241955e-02
7.007338870739754366e-02 4.141337133606810134e-02 3.611604799578906067e-02
6.961606501536994618e-02 3.711782748122050002e-02 2.905046763082428860e-02
5.655594192625745809e-02 5.064030486469648512e-02 4.493276154038998438e-02
9.131519709645760652e-02 9.205714604387402189e-02 4.284306832942545024e-02
6.308523790824986655e-02 3.924050937673293632e-02 4.675895921941627953e-02
8.124780907264063379e-02 6.071466543118524128e-02 8.432152286352773141e-02
5.389682360753916823e-02 3.660277260347658684e-02 3.421719224251511260e-02
1.331964963079070585e-01 6.019995090067944976e-02 8.233382946175039907e-02
5.063972781696951531e-02 3.178104331718598768e-02 3.863254857687924843e-02
1.198266664904771434e-01 1.049660840603419965e-01 6.136707758390260586e-02
5.148943506858544295e-02 3.179563445196668947e-02 3.406862959518389133e-02
5.848156583097695316e-02 3.239319930238290790e-02 3.662387998344870943e-02
4.818893416575058264e-02 3.280542533487228185e-02 3.541711998089795005e-02
5.460817433542687616e-02 2.949919882541040747e-02 2.952413897137586354e-02
1.036593639948477641e-01 8.371812214722587631e-02 6.850369467039021942e-02
4.809685101685908654e-02 2.037381645287657250e-02 2.534702009440084267e-02
6.220762577066218241e-02 3.196408350523295000e-02 3.233572215968124469e-02
4.892442951795021588e-02 4.108446491934043820e-02 2.679278104986883638e-02
7.253488004443592319e-02 6.461238748793859954e-02 5.584535755286507142e-02
4.359504414096990188e-02 2.877644029670802309e-02 1.714680374768923210e-02
7.817574222108036874e-02 1.309474367320644927e-01 4.781737649999923817e-02
7.640954879343568595e-02 4.875943185888581555e-02 4.681750504581898981e-02
9.420276496698372359e-02 5.930547142282566880e-02 5.812070587060122473e-02
7.749205554090871084e-02 4.612640158301457849e-02 4.207735371152206832e-02
8.424559884507266949e-02 3.963554122599155516e-02 3.943987463949429062e-02
6.245810485644344434e-02 4.198803954973456126e-02 3.888480056590733897e-02
4.874908514948032151e-02 2.914184741745681068e-02 2.988445810567201891e-02
8.101283462009224723e-02 5.850476957227461472e-02 4.684832685719066137e-02
7.456539600470965534e-02 4.259414952104063901e-02 4.643801139461518901e-02
6.054657083301824561e-02 3.108008706730983756e-02 4.688704115574566372e-02
4.531711077983250485e-02 4.892401772928003933e-02 2.855000105885683453e-02
7.928547439923382123e-02 3.897273007096221931e-02 5.139968765709511389e-02
1.046086477655837343e-01 1.102538048363839590e-01 6.869956943572930186e-02
7.193220146654354108e-02 3.414813510013574999e-02 2.776943334348879605e-02
6.324692805249790273e-02 2.722906929012554322e-02 1.810730027447804424e-02
4.340479140254804163e-02 2.704904527407983247e-02 1.515723706455394254e-02
1.102552660599841056e-01 5.730795189859723415e-02 3.776911561845588960e-02
7.025008407872707084e-02 4.439138124046131118e-02 4.473192726662750945e-02
3.714712239412924083e-02 3.274863812346818365e-02 2.761691824512532700e-02
1.053878655889871757e-01 5.950772582462630217e-02 5.728354281873877102e-02
6.925574179237832528e-02 5.912733248044049067e-02 5.253858678270531546e-02
6.664733621285416632e-02 5.959170024116813846e-02 3.507620017137975943e-02
9.445653975879798880e-02 1.025796968498513539e-01 9.131688532719643703e-02
5.151061008681510900e-02 5.029266105408235210e-02 3.716664508680503354e-02
8.373410623678478881e-02 5.184598022360853431e-02 4.245261615864850263e-02
6.437145773063308873e-02 3.375154926291980273e-02 2.216577830647433259e-02
