2.306828570465164346e-02 1.526968888731779043e-02 1.080833862788159114e-02
2.550842866184756599e-02 6.864228429709886593e-03 8.277554787801117211e-03
1.775946793648126507e-02 7.056532474783331482e-03 7.625218852228833957e-03
3.526268561724442419e-02 2.200970983712927792e-02 1.654841294704344212e-02
2.339592871804286461e-02 9.426850089717086698e-03 7.996447243251141729e-03
2.774170615715891228e-02 9.328269448443065812e-03 1.465601247145804573e-02
2.553207883629538336e-02 9.238288817352325460e-03 8.042709786506044636e-03
2.622745586288797309e-02 9.636239857368620113e-03 1.384348046749580598e-02
2.386433238090054920e-02 4.359871609673436274e-03 3.668930780101163722e-03
2.715177490258720641e-02 2.570943992317715338e-02 1.643527180098232343e-02
2.104306498600313699e-02 1.015442248039445661e-02 1.524947815116193227e-02
2.775353773655855547e-02 1.800811354377318194e-02 1.054699485663836492e-02
2.712458159587070178e-02 1.906378293070417479e-02 1.399641930021931942e-02
2.250367879881089855e-02 9.960267337246819092e-03 1.301045205711283577e-02
2.304615085160660257e-02 2.246520452277317448e-02 8.832638414968358581e-03
2.130286586908500604e-02 7.558736581013986849e-03 7.062244548264585281e-03
3.085435095622001203e-02 1.330866103661016916e-02 7.457584428760322993e-03
2.424733358483813564e-02 1.106019147247721927e-02 1.859144836941594575e-02
3.002694862975736206e-02 1.173610764592196258e-02 1.953527367659741235e-02
2.742071402526244372e-02 8.674945657586309936e-03 2.172920334699789124e-02
2.156742424366206445e-02 8.907236694193569615e-03 4.530523668005212619e-03
3.053508039148547862e-02 1.771767477014067962e-02 1.071845899699199953e-02
2.401478933396680379e-02 4.722777634034604384e-03 4.215459083860537831e-03
2.365455513683580036e-02 5.057130938852153965e-03 9.659734860454108687e-03
2.431005534361986922e-02 9.981028434225085871e-03 9.319336578707376403e-03
3.530179011988981985e-02 1.074519537737124095e-02 8.302314960268302249e-03
2.587374084057521978e-02 4.753018660219609365e-03 2.320206667443846724e-02
2.133881575984769227e-02 1.547675659620531899e-02 6.048942443603361370e-03
2.733456951104377280e-02 1.725270092839152614e-02 3.200452750402055235e-02
2.724841606440247047e-02 1.198870394572301365e-02 1.321556650860450724e-02
3.415441624247227831e-02 1.426963772609705743e-02 1.364852006679885890e-02
3.047184413009036349e-02 1.908144367042485454e-02 1.264487270335857075e-02
2.476050634023966787e-02 1.077989247983546055e-02 9.690375267929367264e-03
2.676699295986629049e-02 8.898019344002153219e-03 1.041757761189618728e-02
3.352748056180952785e-02 4.275430348204837389e-02 1.687424853974409805e-02
3.105553710793137329e-02 1.711147203823695784e-02 3.196938959031256355e-02
2.678972437070800683e-02 1.881656585388710029e-02 2.740231774538379531e-02
3.670215368890741847e-02 1.154294002606945542e-02 1.037241429718793392e-02
2.321115900957739300e-02 9.332613204872299700e-03 2.125006959839292886e-02
3.116013389292048366e-02 9.745335241701061010e-03 8.436008497929291597e-03
3.193328376363172016e-02 1.548389578892864736e-02 1.356928334217555841e-02
1.559875153482173649e-02 4.514928018355747127e-03 6.016033287969692854e-03
1.813292120944183516e-02 4.135056775015235817e-03 5.219175535350248016e-03
1.852556415381455615e-02 5.479663561588913462e-03 3.318166744892036071e-03
2.628278025146594393e-02 9.976215870094569393e-03 7.371122462177772533e-03
3.045830046310561701e-02 3.176808386476547008e-02 1.447728096964836370e-02
3.222332777967126805e-02 2.584928761044240006e-02 1.477490744864193989e-02
3.011294595172825730e-02 1.469804329796668523e-02 2.116667450912805906e-02
1.783648742956655750e-02 5.519602496326114077e-03 5.862659601515786065e-03
3.302743595931272036e-02 1.414884924426495702e-02 8.339610649280883303e-03
2.161371277806246188e-02 7.234331167941591284e-03 5.439043490420416259e-03
2.623849316185116257e-02 6.217807191413193997e-03 9.767021640300880755e-03
3.484021549442890830e-02 1.139714534759068629e-02 8.982347064939156384e-03
1.700504749586168735e-02 5.688025299977425911e-03 1.446930836905484588e-02
2.339657473831690052e-02 8.817186813166316695e-03 5.080737776339375698e-03
2.425763446183407113e-02 7.388496379938179481e-03 1.042180147344470321e-02
1.875621196579895650e-02 6.975515723362116574e-03 2.551643678861876749e-02
3.919234215387881054e-02 1.656914412011183807e-02 1.685255687791803805e-02
3.772687770782498506e-02 1.598248163019365745e-02 1.509007602676678238e-02
2.227545900266961892e-02 2.222746819650214811e-02 5.504234838074018379e-03
1.358442495869963997e-02 9.063167163868832144e-03 1.903523939815464361e-02
1.930726129848665817e-02 4.829584075278258934e-03 1.379138112793513310e-02
2.621140830599657384e-02 7.907810930326776913e-03 1.632245235267551844e-02
2.570979331644097227e-02 7.074422904172711010e-03 5.775658241888063753e-03
2.638578612460351636e-02 1.436094523595192810e-02 1.406711566841873859e-02
2.383935702044651106e-02 7.390389504423258184e-03 7.075799845461870456e-03
1.902829954168250640e-02 1.049847818004756572e-02 8.508352569838869076e-03
2.037969123337143862e-02 7.244987387514577326e-03 9.474603310255028110e-03
2.079966536288206311e-02 4.260208881580004880e-03 1.621560765721768299e-02
2.586218414919008377e-02 1.281533397047095874e-02 2.802323030281591090e-02
2.582081921686084358e-02 2.303600488451758299e-02 7.084018080432394338e-03
1.892194947068895350e-02 8.257317808753515676e-03 6.256376779253555037e-03
3.341977203853388478e-02 1.233082464091594249e-02 1.109164362263634178e-02
2.501980676827345040e-02 8.098075283327810583e-03 2.062965205323893936e-02
1.684876263447223493e-02 5.877780246290272015e-03 6.472106244107930957e-03
2.561948202543394906e-02 9.452727763353145629e-03 1.931640418073707344e-02
3.118810548296273993e-02 1.825994716863228728e-02 1.970508993766342809e-02
2.611864199537428446e-02 7.996025334928982473e-03 7.980683774033521874e-03
2.592819319765971367e-02 1.063978313796482000e-02 9.530358432962102860e-03
1.977663535751333565e-02 8.508159157772417908e-03 3.450555497722111471e-03
3.739957099889672232e-02 1.752674260530157763e-02 1.328601112111800486e-02
2.434684025499123453e-02 9.791548188154631377e-03 8.504630680685340560e-03
2.423754179059802588e-02 1.218002583495805292e-02 7.025750887322042976e-03
2.260755526289249043e-02 8.407918245429975290e-03 2.006864584454823991e-02
1.765436457878997306e-02 1.343907195763643751e-02 3.792285725186424206e-03
2.501370273947201364e-02 8.830351683709710547e-03 9.954234340761260527e-03
3.339682159343666107e-02 1.264809699002582624e-02 8.925962677625532901e-03
2.335142272483846371e-02 8.888447860370660841e-03 7.695515447745287889e-03
3.399489110224174909e-02 1.031363584982657178e-02 9.179909363357266136e-03
2.062847374343361809e-02 3.553238043363603216e-02 1.142072437193213282e-02
1.982441469199439782e-02 6.164518196204299243e-03 6.423752738168030628e-03
2.096775167692889116e-02 6.134153903478272926e-03 5.951082725741489374e-03
2.379726093914971002e-02 7.051902640017282745e-03 6.738492293225932690e-03
2.523707268427742220e-02 1.133907567932195166e-02 9.137312157572527807e-03
2.541367698355768631e-02 1.628119077811472637e-02 6.735490512642702821e-03
3.229346696543491935e-02 1.426352953150598901e-02 2.758693524818226980e-02
2.297665001521951786e-02 1.204752622620519284e-02 1.108825497309654309e-02
2.204369566644467579e-02 1.204501149070417304e-02 1.022911966800346163e-02
2.025553516111216687e-02 1.127578709617226699e-02 4.723364675347380311e-03
1.711786375015166700e-02 5.634179603310748158e-03 3.603314605163464301e-03
3.383886622515964310e-02 7.539419862235652997e-03 1.006688066844612858e-02
1.909256342432804829e-02 6.615784745573413325e-03 4.658783947727982572e-03
2.701449206214315973e-02 1.465979202670233961e-02 1.034674617442921454e-02
2.659316212796608569e-02 7.729566542669876264e-03 8.797484202245155899e-03
1.817026602159755103e-02 5.346461349768814007e-03 6.422228151517982500e-03
2.873319896955623190e-02 2.705294085992286310e-02 1.639220815762397129e-02
1.954227211562267752e-02 3.752759261026578433e-03 1.346640775160674874e-02
1.577542153059705368e-02 5.285729592527839589e-03 4.898968475489526297e-03
1.453483180998711363e-02 6.141292140784862519e-03 6.266470763758858788e-03
1.978393797629139292e-02 8.504468300680693288e-03 2.291540096105711480e-02
2.943611465542612590e-02 5.753752183958022424e-03 1.328448711221271415e-02
2.325155669208035791e-02 7.373873473259448530e-03 1.869553725279546677e-02
2.734851440560815902e-02 1.102071530184082701e-02 9.271000643340378961e-03
4.585810078817396940e-02 1.960845916173332981e-02 2.066042102105422607e-02
2.275272494598568757e-02 6.246279566031384504e-03 1.527193534998182167e-02
2.331104925609952735e-02 7.696972263538623057e-03 5.873728607662804559e-03
2.257753682254912825e-02 1.130045099461283314e-02 9.256801830359422112e-03
3.009487251239743519e-02 1.990564954662871894e-02 1.043635393726039494e-02
2.419141489753379518e-02 9.651706411315633810e-03 5.641734854700423095e-03
2.269882243178714121e-02 9.542818617511106272e-03 1.360157418202043861e-02
3.911569914781322377e-02 2.019070651171980119e-02 4.042107896238590625e-02
1.787706643228229725e-02 6.754799289092031263e-03 2.182200536830669266e-02
3.105950357778509280e-02 1.765261380088738521e-02 2.301555873377958417e-02
1.898192817760316689e-02 8.833072510810328903e-03 2.389947044870730300e-02
2.335950130833854693e-02 8.024977301302983410e-03 7.560996245747384631e-03
2.071488914432795606e-02 9.501222356651154929e-03 7.968424349527557932e-03
2.453943072489822227e-02 1.451354651166004810e-02 1.207407389528276052e-02
1.961313164414706794e-02 7.402516200424753660e-03 9.685676670522249537e-03
4.070874510844698507e-02 2.188119755096175692e-02 1.727866319573968107e-02
2.672981535236510983e-02 1.434233343123554952e-02 1.213529823694116730e-02
2.733099704253548132e-02 7.036508227002015621e-03 8.409837173027373547e-03
2.737398302400029237e-02 1.346930429139543001e-02 9.807754133475741001e-03
2.474904774833540030e-02 7.333714168069576343e-03 7.132765135374720226e-03
2.091190381717437236e-02 9.760666480499245734e-03 7.347220644996401567e-03
2.290342085469967981e-02 8.617978250238888735e-03 8.143813514829277914e-03
3.184804708329516676e-02 1.767157772423216117e-02 1.232972180417350391e-02
2.015478411216934176e-02 9.882874055998098345e-03 1.952601115841570006e-02
3.412493526152856477e-02 6.751155212209308289e-03 1.262154766477079429e-02
1.740228428853163659e-02 6.052367162411938402e-03 4.658433476578172777e-03
2.058870262883961272e-02 1.154150147867591923e-02 6.895286920654124588e-03
1.933012928148756387e-02 6.224228785053203920e-03 2.160157830393169553e-02
3.568478579926585847e-02 1.112922393269172305e-02 1.750506649102985882e-02
2.212702270469985369e-02 1.477096945759737677e-02 7.090840941697778080e-03
2.000029430634312974e-02 3.972600861912053624e-03 4.224881217802357522e-03
2.650680455501360985e-02 1.047087113026217396e-02 1.035551812493010898e-02
4.137161429780140953e-02 2.153961469855642311e-02 1.805165181541270106e-02
2.098125361227987096e-02 7.850332817119758805e-03 4.826910559015910179e-03
1.816165048488302056e-02 5.416707085167601909e-03 5.626136775818631891e-03
2.428063363071160038e-02 1.117165863287359305e-02 9.394212337530415818e-03
2.649464374332213476e-02 1.089936354580778657e-02 8.801411629371886508e-03
2.328751630399941708e-02 8.624487614116802675e-03 8.604848723398523386e-03
2.547851409329794994e-02 7.403611961000345319e-03 7.637752306569588548e-03
2.347341792996607626e-02 4.473210588923490737e-03 3.926887177179599550e-03
2.448948426240673409e-02 9.961353525718780189e-03 8.835195148460763329e-03
2.883622089214914891e-02 1.088545825631861801e-02 9.627120173922381133e-03
2.483126025801083922e-02 7.291255759795294347e-03 7.751721353703779419e-03
2.719498995673255010e-02 1.189894454823568065e-02 8.472677223378854983e-03
2.953285615331103370e-02 1.132408387327511756e-02 5.210799686210586951e-03
2.187964983675945094e-02 1.103550657661873241e-02 1.215812465757739116e-02
3.397913843680212820e-02 1.832885530359989329e-02 1.503918689923310417e-02
4.212882175298683640e-02 1.875535796997423316e-02 2.007693549343331219e-02
2.556397257583443994e-02 1.486763024561790596e-02 8.119659728066590948e-03
4.161423752667850473e-02 1.623720099839488784e-02 2.126174679175411170e-02
2.474874208086601246e-02 1.117432528986256682e-02 2.237177401667798590e-02
2.172725916129070525e-02 1.053384836976404594e-02 1.913203380906053006e-02
3.433115529057632204e-02 2.597750666723307178e-02 3.678190527372571933e-02
3.308713233075931404e-02 2.073641133847679147e-02 1.358660995096174634e-02
2.396419188936571576e-02 1.566418920262489453e-02 1.734576954984739031e-02
2.157148495417738482e-02 7.981796117954371300e-03 1.176162987465104344e-02
2.920145448039015990e-02 1.346264393937886099e-02 2.543575451685813407e-02
3.867733298029722017e-02 9.973294173734648799e-03 9.506292617672162937e-03
1.886515276203863320e-02 4.045273941432376771e-03 1.495603974641158095e-02
3.005025883744152568e-02 1.606403216623694327e-02 9.781629862236814951e-03
2.179626680454026591e-02 9.692980512437955262e-03 1.117560463961006154e-02
1.577935755651931060e-02 7.305118450112271442e-03 6.776880844737029341e-03
2.283012256910575341e-02 6.579107165872959302e-03 3.134589081296794075e-03
4.332595719018798169e-02 6.746187143628387672e-02 1.741526412398633136e-02
3.040957287303022033e-02 1.542656603949469490e-02 2.548939360763672127e-02
2.384194691643685624e-02 7.813619857092137660e-03 5.701566684414552735e-03
2.308439833465675620e-02 9.665412957834155702e-03 8.245484148631770926e-03
2.594375862675204342e-02 1.552627266586761520e-02 2.889659943142859969e-02
2.542033351931542728e-02 6.606498906684408687e-03 5.183304952795720483e-03
2.213045876454731997e-02 7.653690672343325431e-03 7.111240139425439519e-03
2.045616631193278301e-02 1.091611164083338553e-02 2.376912792769455413e-02
2.598420052181619685e-02 8.971399695906922059e-03 8.352012444546750777e-03
2.708914159698339735e-02 5.987835196040158445e-03 8.235443174021257751e-03
2.548624457832086507e-02 1.157487743441989493e-02 1.100643740174980095e-02
2.829667524336961643e-02 1.170925480121365325e-02 1.588927647260166692e-02
1.798892672037504317e-02 6.265351517659942422e-03 2.306802474794582627e-02
2.605537036057210473e-02 1.441493002593161564e-02 2.428253558650296517e-02
3.803302299119813018e-02 1.328587009823581008e-02 1.637631857537228883e-02
2.547555933053780031e-02 1.885311394282822295e-02 2.113597547900443463e-02
3.426910801666991496e-02 1.479388342682222413e-02 1.250141698421012963e-02
2.857643952184234573e-02 8.665412133381447321e-03 6.694123179412111643e-03
2.764325984251155693e-02 1.732220046222348805e-02 1.883777331155499224e-02
2.576515780744949996e-02 2.290846131658660911e-02 1.129751863351022637e-02
2.305419297513413082e-02 7.340491675265146954e-03 6.165660264918428231e-03
2.562883509266739024e-02 8.567561818066470047e-03 5.914943842892512495e-03
3.076650150408186471e-02 1.131822231198003487e-02 1.028075860003378576e-02
2.353433788359196935e-02 1.016493177550703911e-02 1.074637939883734197e-02
3.034548564504150128e-02 1.027153012103982146e-02 9.741454470035335392e-03
2.477144417965763956e-02 9.735766309457754425e-03 5.467493052286566922e-03
2.301518107471258595e-02 9.370479998555024392e-03 7.572856290088303410e-03
2.915761519647737041e-02 1.262077031345164302e-02 9.786199508317428714e-03
2.676590812060749766e-02 1.732227946646253819e-02 7.441114022809622655e-03
2.772650325742423080e-02 1.058333386125412563e-02 1.253815401738615082e-02
3.427098600790690758e-02 1.478713273748661489e-02 2.267369456616894277e-02
2.653965240094978764e-02 8.194298687034027792e-03 6.716925254089229150e-03
2.277057450810600001e-02 1.157868140977499904e-02 1.299879076067630458e-02
3.122813347909522003e-02 1.146881827401675415e-02 9.536758797201047577e-03
2.877613550936709494e-02 1.077865964929930996e-02 2.030453215721319746e-02
2.334672912609049578e-02 6.780107481608062085e-03 1.355200506792530318e-02
3.318986464055412311e-02 1.460741599342992199e-02 2.207570459026325649e-02
2.493372426835014852e-02 8.760751679949021348e-03 4.442717740361881718e-03
2.703488677141665381e-02 7.676488953098681983e-03 1.436974924459711277e-02
3.305264338892992954e-02 1.098147708691155078e-02 1.545335398100581605e-02
2.167305040142751896e-02 8.737221683397206756e-03 8.666157387299219458e-03
1.706306340854176623e-02 1.266048246871593654e-02 6.017658378260428570e-03
2.346022336493023067e-02 1.262758987663716720e-02 1.087720763899342399e-02
2.338829692656503936e-02 1.298787405778932189e-02 2.463005717663651131e-02
2.706348068653227981e-02 1.160116169382195174e-02 2.760282723179681083e-02
3.010532270193237020e-02 1.739969203886075622e-02 2.760110463363263725e-02
2.210288091986110925e-02 9.782777949350524721e-03 1.807993946004324629e-02
3.048106555458607661e-02 1.247040117226401283e-02 1.272808901193231423e-02
1.797659481641733156e-02 7.783015935873053431e-03 7.312456312870065957e-03
1.840046287567039668e-02 1.197597918555429880e-02 7.388713013958545135e-03
2.892664925554796693e-02 1.372811805475216036e-02 1.449883656099584112e-02
3.051783514273127482e-02 2.145653892207442792e-02 2.094705833510466034e-02
1.766978195357025300e-02 8.849981679660293143e-03 5.976044007332089597e-03
1.673494430139420633e-02 5.339837607794405139e-03 5.901725123428857439e-03
2.484097718207510519e-02 1.167739716344210615e-02 8.808904213310524839e-03
2.485082495259352542e-02 1.135294264415129956e-02 6.862507300820573641e-03
2.437334991972479534e-02 1.241330455703191712e-02 6.698117090878616224e-03
2.543773551852035464e-02 1.219237452103717236e-02 1.130613294870172827e-02
2.417308903198158582e-02 7.203784333679403087e-03 1.872271971455751957e-02
3.296575559964310537e-02 1.302719142991597828e-02 7.686487452238448606e-03
2.619872991410705440e-02 1.055566245235091058e-02 1.021842628535158705e-02
5.056741276880585834e-02 2.709402012137131568e-02 2.724332535804294478e-02
2.904685406031673814e-02 1.273073209548167967e-02 1.257417725222637235e-02
2.343686944650927653e-02 1.229157540558426312e-02 1.590140961269742928e-02
2.014729128928174212e-02 1.450434766730085770e-02 9.399740345617739468e-03
2.546091480475826119e-02 1.297376156972209621e-02 1.219852577395422188e-02
2.750435803874098223e-02 1.800624012661406967e-02 6.468025073964673438e-03
3.365265697584234744e-02 1.516658143577791565e-02 1.198296469228849435e-02
1.866489469128007964e-02 6.794379449914123015e-03 1.002808027266879030e-02
2.195671396671533201e-02 1.508306456508712139e-02 1.179398834281679756e-02
2.984960950323100812e-02 1.761925509938752979e-02 1.285345837159928249e-02
2.366389202073562043e-02 7.793878246346370130e-03 8.954091359353167842e-03
2.723269088032446300e-02 6.740739416151142124e-03 8.713921097786308037e-03
2.869670772482639520e-02 1.076415772572025462e-02 1.146253526334633371e-02
3.023309163461555468e-02 1.444893750253557069e-02 1.655641686175339175e-02
3.401566113595812929e-02 9.514269115555780768e-03 1.993574916235361927e-02
1.723739662043263787e-02 6.128144686594960006e-03 5.162730672300617010e-03
2.231475812031609093e-02 6.204803149488939511e-03 8.057074011454839688e-03
3.400958360651219758e-02 1.425892264468416396e-02 1.517937219224206949e-02
3.215029373841130772e-02 1.465009539898952731e-02 1.061849957257466302e-02
3.614405167091017113e-02 1.402521645746918240e-02 1.303161004368360264e-02
1.990408703192681275e-02 8.722261679051190528e-03 8.579020196091269659e-03
2.721714668217633387e-02 1.029271534372889867e-02 1.082421674869877941e-02
3.210135868893374683e-02 1.277149999942995412e-02 1.234234913175250373e-02
3.484723304672689148e-02 1.304747369917225695e-02 1.262903647089121464e-02
2.398741274040117055e-02 1.121319686736615973e-02 2.141450345746676726e-02
2.616480813813842551e-02 1.334595676224489477e-02 2.159097244757410619e-02
1.931707919511118851e-02 8.871292311547675918e-03 9.081596261163959322e-03
2.255536010841291752e-02 4.147537637226255888e-03 4.282688547100243354e-03
2.667417975872553304e-02 8.556910425278304796e-03 4.401650024518862642e-03
2.673254243407337596e-02 1.080024869244327300e-02 8.114381873486564700e-03
3.582900342123797321e-02 1.254175214918332691e-02 1.313447373839938398e-02
2.934951512673187463e-02 1.438044885642906362e-02 8.466024041349586027e-03
2.730761460575322278e-02 1.525488237767834952e-02 1.153816078891816907e-02
1.650073609504359995e-02 1.050068041322166010e-02 5.741267870374936605e-03
2.396172690522281948e-02 1.148910896330210783e-02 1.657893781106188277e-02
3.239838318800798006e-02 1.243471616141380437e-02 1.100476775867014964e-02
1.986370272715386187e-02 7.314407784912473759e-03 1.709798176860568772e-02
2.269113676367880486e-02 7.703925016781481075e-03 1.028262846091580057e-02
1.792925689044798029e-02 7.755815264306567189e-03 7.248686608591473068e-03
2.345948477822192707e-02 5.738003097127124252e-03 5.873336638779882990e-03
1.629061395596122230e-02 4.499905351522136276e-03 1.944392331538953578e-02
2.832950233261284645e-02 1.581666349583673095e-02 1.555061269369742601e-02
2.572510046705515918e-02 1.048515072093396741e-02 1.996159762344826977e-02
2.081310397509327295e-02 1.850260453119460802e-02 4.721949672205502657e-03
1.666678168716138886e-02 8.320188727673261120e-03 8.817876311309121376e-03
2.447484667081555043e-02 7.307505447895017679e-03 7.149128550886542366e-03
1.790774170656554351e-02 4.406942608199392389e-03 5.754473502827060771e-03
2.680869321400209532e-02 9.411210337015729274e-03 2.138039178586587444e-02
2.537143514199739075e-02 8.486525272408666776e-03 7.602379732797067205e-03
3.294502303175641383e-02 8.885956485746856343e-03 8.836439881706553007e-03
2.547386295343968474e-02 9.875301352269581084e-03 9.633419971911642149e-03
2.427775950016714326e-02 1.130770128800796109e-02 2.390233391713382852e-02
3.260858224578670056e-02 1.376181138517982433e-02 1.079100560363237260e-02
3.401883159430030973e-02 1.645904965296948047e-02 1.531066109827545520e-02
2.627377369763686174e-02 2.046240932547759711e-02 1.072480831732330886e-02
2.462462580344963389e-02 2.709924540045806352e-02 2.351696107752450967e-03
2.239758509054586358e-02 7.959553351937443885e-03 4.334886006201324644e-03
2.519159794592162882e-02 1.603986241628661824e-02 1.203181257261259733e-02
3.989967772995148959e-02 2.144560442815097306e-02 4.821807593478151521e-02
2.932656992710029956e-02 1.228032437500105149e-02 8.466611365108050319e-03
3.243424879178410936e-02 1.005634285356007789e-02 6.941262020603937086e-03
3.056901429899273534e-02 1.499968925055136619e-02 9.970263300602360754e-03
3.420751410369254203e-02 1.671777175339468277e-02 1.958222932402408148e-02
2.484374804280831475e-02 5.227078601669236588e-03 3.842248989024058328e-03
2.844454631679692660e-02 1.404464294322095748e-02 1.049162898191450914e-02
2.359745594271318858e-02 1.110888577620745832e-02 6.008895652898261705e-03
2.188722647214159933e-02 1.164687318684780142e-02 1.497784792385196961e-02
3.012142066552261910e-02 1.124044777338084437e-02 9.816337835887457841e-03
2.043875565923641488e-02 2.819104682331645406e-02 7.861079312873548233e-03
1.573799290097904063e-02 7.889872340689113236e-03 6.836817933220176724e-03
3.009954072885416901e-02 1.628323486890244018e-02 2.714209912875780589e-02
2.543387164229076250e-02 6.593519848365102937e-03 6.175931388273919048e-03
3.445573755078461253e-02 1.862585682032625450e-02 1.809920185925600888e-02
1.736603314683327765e-02 4.588601968636130818e-03 1.765909659197952702e-02
1.821404428821520038e-02 5.447367347631356695e-03 9.256479988158525241e-03
1.756348380670312570e-02 1.640055026663765278e-02 4.950211178174210129e-03
3.032814564046203837e-02 1.723567099289024379e-02 4.960135178439727469e-03
3.515568145111280102e-02 1.599012653324901126e-02 1.570298237193611113e-02
2.984307827814704564e-02 1.050004808861637086e-02 1.101599492897767721e-02
3.136413646904625402e-02 9.834553760017371304e-03 1.083667238907701398e-02
2.253396382326231656e-02 9.652980863995311300e-03 6.575971866203120415e-03
1.995025186156167488e-02 1.097717729171063250e-02 1.185520788815692776e-02
2.539734008030585313e-02 6.833156688765783943e-03 6.337304304963159961e-03
2.286273390008232431e-02 1.361526686715373684e-02 9.797508987710392553e-03
2.758926526045320585e-02 1.262050481693725336e-02 2.912317286349782111e-02
3.523789142029391808e-02 1.709957094775568787e-02 1.657120451148813567e-02
2.165348793870532432e-02 6.841609849003971525e-03 5.873955804773545696e-03
1.868372811904800770e-02 1.162367291608502017e-02 8.254983791940477197e-03
3.665361613081369319e-02 2.167340600804034192e-02 3.531493827310433486e-02
2.955369155280064900e-02 1.185678924341856261e-02 1.201613025162007013e-02
2.661297723301873572e-02 1.507577027508470724e-02 9.236765933274031920e-03
2.218567011397179489e-02 1.985542424354538524e-02 1.021966602229140188e-02
2.163285520982905982e-02 1.214892715809463494e-02 1.105998739586934801e-02
4.093158290558700924e-02 1.535897947665821640e-02 1.521874749816088876e-02
3.328285122299561721e-02 1.508634616607644301e-02 1.080107590643674363e-02
2.668772661499545229e-02 7.538582611130068695e-03 9.509438997048067638e-03
2.774756429054109699e-02 1.872596321538741101e-02 1.089534344014902317e-02
2.460085865075259393e-02 1.282667662896614345e-02 8.155761812740060235e-03
3.381156530442652047e-02 1.011260227596579540e-02 1.065699214864643772e-02
2.879283878772978880e-02 1.061018924292848539e-02 2.407881999657490030e-02
2.237959986802569648e-02 8.557898906941400000e-03 7.559869554092487481e-03
2.096915321602487239e-02 1.464794239829777037e-02 2.162047851248160082e-02
1.551936160333127965e-02 4.099151978659875892e-03 1.695370248171552963e-02
3.388022256727078046e-02 1.447840156447081569e-02 1.643304228775441939e-02
3.023570404152694027e-02 1.591656343910145474e-02 1.026550866007342605e-02
3.183558103223934482e-02 1.206170739433125999e-02 1.428674544127988590e-02
3.494428494806355728e-02 1.160783830623405080e-02 1.424435084983939961e-02
2.365461730797835740e-02 1.377413995510960026e-02 1.074948916690013703e-02
1.765545814905232144e-02 8.934406222665560240e-03 7.455984670913237862e-03
2.250153601764830202e-02 4.612084251885964145e-03 1.212413903034552549e-02
2.281285167744034198e-02 8.123218683388628431e-03 9.553791540165248314e-03
3.536263595783912389e-02 2.126156788789806615e-02 2.928345584674183627e-02
2.794133911296257239e-02 1.054381145423172184e-02 1.658059055507730278e-02
2.749618322330697751e-02 1.429117995943315553e-02 6.510510093300154663e-03
2.441529795219683427e-02 1.916461621908253574e-02 1.014339348245045513e-02
2.652753684518046814e-02 1.277841170626275134e-02 1.171578203593176722e-02
3.874797487602112123e-02 1.181133093982692991e-02 1.046433081543462866e-02
2.663998474827137392e-02 7.632091314621142208e-03 1.098786440403759154e-02
2.392452287592802471e-02 6.879214060000277131e-03 6.111207909125887863e-03
3.058190858397466516e-02 1.800226720094295907e-02 1.263489179083453554e-02
2.190155987742963689e-02 1.135301206576263926e-02 1.724310018929385915e-02
2.085601678970499737e-02 9.325537806388102188e-03 6.367155813508945314e-03
4.103696913990568379e-02 1.736005275677826240e-02 1.412169225610084011e-02
3.349742273365705764e-02 1.756845615304868796e-02 2.853021261903338976e-02
2.257067726019142129e-02 7.379714219322043058e-03 8.111883183496235855e-03
2.760053497069454159e-02 6.235616855861313493e-03 7.006992312530403548e-03
2.902393729035998571e-02 1.094816774244066274e-02 1.119814939047314613e-02
2.149783344477632432e-02 1.040564087037455961e-02 8.973604362916137722e-03
1.970337187867512649e-02 9.619763181812516356e-03 5.100837622809713950e-03
3.051505383600440838e-02 1.003976585987382229e-02 9.602043004553913880e-03
3.007910091676542497e-02 1.302585417700511880e-02 2.937010639891939404e-02
3.223735455125733423e-02 1.402449091405417320e-02 1.334032034644990622e-02
2.540452225466757058e-02 1.715956182892248993e-02 1.457172852920202502e-02
3.542256939359816892e-02 2.492876196327357269e-02 1.388242156840495227e-02
3.096061679308888606e-02 9.279300570067171294e-03 8.310480571971836511e-03
3.212622338352724705e-02 1.445744100086967902e-02 2.543617744471243433e-02
2.340543366303241696e-02 8.090391711071988345e-03 5.269791144035178114e-03
3.168659151381732902e-02 1.279471399723443661e-02 1.284886297736007217e-02
2.851195396268723162e-02 1.170758811170686392e-02 9.473846170644013853e-03
2.038983692335262499e-02 1.096322760358207048e-02 6.448426718452330772e-03
3.462704210126500010e-02 1.829157451082100150e-02 3.056987646377398379e-02
1.905347465468504656e-02 6.809117219070714641e-03 1.692375347865641977e-02
2.146873294008802210e-02 6.430865469707550651e-03 6.437978213900843669e-03
3.277914883543433383e-02 1.666235609023576647e-02 1.261235819395252825e-02
2.619160275630313603e-02 1.073103398187043138e-02 8.743073014608974264e-03
1.987941588824841677e-02 8.069735134853836186e-03 8.712269180970129423e-03
2.287018075197033012e-02 1.401465512883623941e-02 8.747955508141509740e-03
2.714412965417755882e-02 1.517402582247378423e-02 1.078563186535667906e-02
3.052876833506786014e-02 1.078066882564468303e-02 7.258832132120919892e-03
2.781387654042441829e-02 9.498575409700189126e-03 6.268651742232195928e-03
2.054759698390305062e-02 8.086778922383592444e-03 7.695030614826495544e-03
3.232361752518058545e-02 2.428674406480604842e-02 2.620787741880426305e-02
3.120588512254461946e-02 1.770385839487625609e-02 1.428219268891087884e-02
2.558429222751541082e-02 1.287054521799431070e-02 1.445026318416178616e-02
1.692535196441264170e-02 1.062946505411039785e-02 2.446062706122630395e-02
2.230460688214164905e-02 5.686910714031497005e-03 8.880688282767341957e-03
1.980403374244636000e-02 4.448373809290711092e-03 4.494726029786594301e-03
2.817650314080342999e-02 1.041425307257934883e-02 1.160363743229313703e-02
2.783748913273154102e-02 2.025859871610054611e-02 9.953952396236059874e-03
2.457846520107950447e-02 5.292392036460607033e-03 1.267903677209124107e-02
1.365382464752635562e-02 8.456593812973631219e-03 3.405301421477565857e-03
3.544903731338030356e-02 1.762498242890114808e-02 1.567641540576765122e-02
2.794459399533867974e-02 1.515608754023270097e-02 1.664698977008682856e-02
3.293260306073786392e-02 1.379079828270764543e-02 2.992316505358601914e-02
3.299417452893187164e-02 1.689220551637028028e-02 1.332010818665338089e-02
3.231522293413836844e-02 1.488876441995443979e-02 1.326472571250356287e-02
1.937944743250670163e-02 5.490589598242075382e-03 1.728912984477757459e-02
1.991441649036386138e-02 7.066352892083075515e-03 2.052089593488990241e-02
2.657156358000602181e-02 8.997507784146038107e-03 2.064973009792711936e-02
2.618208484865202842e-02 1.373346895501613603e-02 1.214373419393153034e-02
1.880534392638331942e-02 6.843810293100384759e-03 6.963749376264466613e-03
1.744120405138045032e-02 1.079682472609304507e-02 8.307681195323312132e-03
2.589519340614332768e-02 1.744256450585720056e-02 6.387763088786220858e-03
3.142748809560145379e-02 1.872399456254721095e-02 2.615080616629664179e-02
1.473928318080893092e-02 4.229043878005079270e-03 5.854027786421945288e-03
1.930826408484069556e-02 1.197561461704389069e-02 8.107269268301731807e-03
1.754114371087432678e-02 6.878141268829517617e-03 7.240718861238945765e-03
3.408808763397212088e-02 1.095733241864649786e-02 9.435741904594856580e-03
2.598051009527744051e-02 6.878230816190534364e-03 8.242789910479818641e-03
3.054549684650574234e-02 1.322285517169245576e-02 1.974162739178822457e-02
3.043071416257747686e-02 1.487869953238558571e-02 1.471706705054044717e-02
2.629764701039383548e-02 1.099802376224839548e-02 8.885948269945946956e-03
2.757032120173182055e-02 2.214869452748625261e-02 9.751285569621617397e-03
2.572941173131470735e-02 1.271314958052817932e-02 8.538034388741639474e-03
2.509692206692403296e-02 8.387673043841224058e-03 8.471259529634780558e-03
2.884355984037859089e-02 7.686199944007225150e-03 8.332151087406657747e-03
2.582719160345509080e-02 1.073349429346189335e-02 9.002863327432478538e-03
2.370721895148270031e-02 9.989202749515646573e-03 2.559923959008152811e-02
2.037613054244174354e-02 4.686026443712298060e-03 1.362722498222959829e-02
1.918495254918007806e-02 1.185831348212789890e-02 8.071369699896536673e-03
1.582571972575278624e-02 5.717544095459698057e-03 6.853003079864954800e-03
2.392938073241923647e-02 4.728113686223622998e-03 4.250693368959509479e-03
3.219486999726550031e-02 1.437149293049704533e-02 1.206243452224862490e-02
2.360299023568921892e-02 8.800450933996619221e-03 1.165316509569272116e-02
2.556079257424949402e-02 1.032836803172765272e-02 1.041651152113462660e-02
2.277891430767917114e-02 1.048062080937538047e-02 8.163512972027029552e-03
2.139005710694931103e-02 8.865069445481876809e-03 7.340709745577348073e-03
3.236233971453216646e-02 1.183562847248965412e-02 1.303721600114772852e-02
1.698057472005870885e-02 7.662859770815477582e-03 6.420891118920468710e-03
3.205785806827374934e-02 1.352797988387806002e-02 2.450471336230512776e-02
2.817636068121776721e-02 1.695905299325210433e-02 1.107380930229285784e-02
2.115708643805910838e-02 1.193132135966289836e-02 9.821543891869018161e-03
2.769634564024162429e-02 1.178951041662389468e-02 1.137273448344180114e-02
1.606345128192426114e-02 8.498342800955930795e-03 1.390175338353647275e-02
2.497947888922353102e-02 1.447120842830795784e-02 1.467611598610294929e-02
2.747906285916748570e-02 1.453777427704516269e-02 8.327588881602754692e-03
2.628952140855514083e-02 1.229526183811977327e-02 7.785496589930485795e-03
2.469841509045593575e-02 9.018839906127855757e-03 8.617280551171018280e-03
3.443476566402556283e-02 1.806654835616466545e-02 1.950032108788368398e-02
2.890273399188427253e-02 1.388703785913376204e-02 1.021037536683512721e-02
2.686085689795127476e-02 9.421374420476585562e-03 2.477593352711012289e-02
3.511116256238744349e-02 1.839801116611688991e-02 2.067042217680209112e-02
2.855729488418339013e-02 1.110294944100186955e-02 2.718958544932845514e-02
2.471131891252651910e-02 8.401059022147615990e-03 8.581607029784388274e-03
2.663054359788349229e-02 1.766950787533101003e-02 9.041584331220960460e-03
2.940471726287481949e-02 1.051315449687065078e-02 1.390330644788718290e-02
2.547302958663250766e-02 9.565987688518982901e-03 9.704116098605233831e-03
3.240324743616618264e-02 9.356146172442993125e-03 6.170934736119819061e-03
2.215807229665235981e-02 3.472342903264103060e-03 9.608321943409287719e-03
3.376305912166651518e-02 1.031181119641316410e-02 8.633697352985648596e-03
2.457942116331665941e-02 1.904040468725572838e-02 2.405683578648451851e-02
1.534927787213317442e-02 2.938018726956405369e-03 4.781032060386124216e-03
3.387050521899711425e-02 1.304612630898794277e-02 1.070262329682911649e-02
2.374683185728870133e-02 9.322026155206579109e-03 8.638532769864825517e-03
1.749177220604063512e-02 6.873357746222072927e-03 2.187955185855704893e-02
3.193707821996417950e-02 1.628513458099216382e-02 3.121244640811380450e-02
2.462739522182136320e-02 3.846793339710647026e-03 1.141071193402622662e-02
2.285451277196075270e-02 6.193929843464581961e-03 9.035255841782521141e-03
2.365393647933948518e-02 1.089125561776497879e-02 9.801360565051086063e-03
3.548634125606087847e-02 1.495106354421869149e-02 1.636055651262107585e-02
2.750595291905565815e-02 1.009999110796277154e-02 8.318112029705022198e-03
2.532265489270678696e-02 1.371628389330186749e-02 8.371258946299014320e-03
2.335967427014783854e-02 8.033390744630414249e-03 4.640639114895561169e-03
2.324152338740169410e-02 9.947544707815902248e-03 1.185208965290196828e-02
2.436914934215455089e-02 1.167402532557895202e-02 8.689197511142724567e-03
2.141448263530963680e-02 1.159585786808232585e-02 1.375322347747441783e-02
1.993726899916548057e-02 9.512834033166252257e-03 9.659895778487238155e-03
2.546323704515327316e-02 5.792653117346783370e-03 4.697168821992038501e-03
2.790786429973567129e-02 9.427063923395543471e-03 2.265151013130882809e-02
3.024068484155312264e-02 1.416160146911441507e-02 9.472982970918980214e-03
2.204153450428399455e-02 1.017546009719866654e-02 1.123254531589548515e-02
2.571642986628739844e-02 1.235500282205398773e-02 8.901930825415054621e-03
3.032554843234109426e-02 1.615374863529523558e-02 1.551293745720458937e-02
2.925804452352573012e-02 1.489653790170517716e-02 1.691638843602593853e-02
2.418680750763408174e-02 1.328358727288481492e-02 1.783609042627653726e-02
2.588751720788534313e-02 1.059486334884651021e-02 7.634272288423516947e-03
1.663109093647099912e-02 6.433142504771578903e-03 5.020884938671013077e-03
2.499693674839005564e-02 8.406689801476855545e-03 2.199416773447246745e-02
2.512693174152219946e-02 1.897967893929538782e-02 1.344788841913671651e-02
2.596563142757694204e-02 2.866284019845994832e-02 1.429084305398670846e-02
2.234643798135986514e-02 6.332396327302956124e-03 6.003286263169687470e-03
1.816065887484348551e-02 4.744770233977197577e-03 4.055985885299608594e-03
3.889350668962396340e-02 1.178394605702028780e-02 1.196666039554683016e-02
2.322264496225144234e-02 1.221423067411151614e-02 1.262097520260073609e-02
2.918237500293539149e-02 6.791983431375119354e-03 1.342086341715226748e-02
3.838298721792474805e-02 1.432302918404145323e-02 2.305263875947287724e-02
2.734228764318230587e-02 2.030693745901278324e-02 1.255966416513897531e-02
2.031800257087086961e-02 9.132143819383150424e-03 5.452722021680051108e-03
2.470984481313098433e-02 1.742693487708566608e-02 1.344360688654287414e-02
3.209758167272790119e-02 1.242382311172174521e-02 1.118994412125062787e-02
2.218660108983973658e-02 6.440879210729437421e-03 1.062054415359696934e-02
2.695698358989289181e-02 1.095052924316709461e-02 2.218853362748438376e-02
2.469683021488498775e-02 7.384911579756335900e-03 1.240674382438269191e-02
