3.343473651252473061e-02 2.898810420945988064e-02 1.755923351891730891e-02
4.364097175471319534e-02 2.052390236272252921e-02 1.347713110180708170e-02
7.990667551793481649e-02 7.259534023802780012e-02 4.900038154846367289e-02
4.020110836912514640e-02 3.401965555061539637e-02 1.661254682555080367e-02
4.100488619741698981e-02 2.930942886748996723e-02 1.546414663446148315e-02
4.672726527970585270e-02 3.675772754071481713e-02 2.415362328888372156e-02
5.831629545411465276e-02 3.119348086639006645e-02 4.416750804575680228e-02
5.189479102795371834e-02 3.446026441102910398e-02 5.945182562923534419e-02
6.390166732110826031e-02 4.749952266558283426e-02 3.909617593196419022e-02
2.938827036233915974e-02 2.751492804204780721e-02 3.386602674921708467e-02
6.056460234490378819e-02 4.088955360117432075e-02 2.495553334926050443e-02
3.131941111166094277e-02 3.266399646059614525e-02 1.738948626719947002e-02
6.888293981247634035e-02 6.664410492871887526e-02 1.736685198817770059e-01
5.173826046194128503e-02 3.933465233505810399e-02 2.748710097264469784e-02
4.899461899551624949e-02 3.917933235708011969e-02 2.985672292333100067e-02
3.928186430675634916e-02 3.818582098474548187e-02 2.410043109038448317e-02
5.062269000171196187e-02 2.225066262460357117e-02 2.604691742000904073e-02
6.559476808224498634e-02 3.827403323287501685e-02 2.696805469855800830e-02
4.401378428237537332e-02 3.797558843899029313e-02 2.921611554464730726e-02
3.345362876805114960e-02 2.801490087574520782e-02 2.528575232044022805e-02
2.341419618241198999e-02 2.171920715685323605e-02 3.820972529398959650e-02
4.632324998039285407e-02 3.480038693605527755e-02 3.015190368818166516e-02
3.200796392631733572e-02 2.910060231997237817e-02 2.643943086268071493e-02
2.603117353753900409e-02 3.630885206652772340e-02 1.691746404972359688e-02
5.962916866734551541e-02 4.684843330359853703e-02 3.889395130164843145e-02
3.137680794321827393e-02 3.098423915635150835e-02 1.919611036858031444e-02
2.978289809997827081e-02 2.394838554431795441e-02 1.709353628373014300e-02
2.788857136790123120e-02 2.896279743337388385e-02 1.938004372842898337e-02
2.801655163513602428e-02 1.633566806259457993e-02 1.187344375347244331e-02
2.760545401329463772e-02 2.047898788696005459e-02 2.948477114823921247e-02
2.308036059167230952e-02 1.587268636779929493e-02 9.273610101311853537e-02
4.210811968796654425e-02 2.984138801861691698e-02 1.993714369190664054e-02
1.777756822804291148e-02 8.585014597732604918e-03 1.142507948048776013e-02
5.579350294668865978e-02 4.085143084718523970e-02 2.041973235536713796e-02
6.961727874081967415e-02 6.061446091391670815e-02 5.603118196577752674e-02
2.742113738529614736e-02 4.450495097675857825e-02 1.696860449884134842e-02
4.345438508866571181e-02 3.342942961451161876e-02 2.394948133976345858e-02
3.499043694276378347e-02 2.759834175804857723e-02 1.294995161245676360e-02
1.412150763544872678e-02 1.063109527693411119e-02 6.128081342216888140e-03
4.757824571388351298e-02 4.107466718660019583e-02 3.862176042360000033e-02
3.752360997350429744e-02 5.047385271354451475e-02 1.152121530192893178e-01
4.710638698269635494e-02 3.594503971004557596e-02 2.366142643016144048e-02
1.878696346661306096e-02 1.356628714406762568e-02 1.984790699107045336e-02
5.062878342751735844e-02 4.443088676434069073e-02 2.507112153958415343e-02
6.469433915534228419e-02 5.574796709550024210e-02 4.228725724398144092e-02
2.137412831848204547e-02 1.387990356236200491e-02 3.568071505375224745e-02
4.649969402158651843e-02 2.395827634902439676e-02 2.797686315063013796e-02
2.432560498691786754e-02 2.274591417848587788e-02 1.487937087261297434e-02
4.476593850594784429e-02 3.172921882037502139e-02 1.953653897441394449e-02
2.416559428992959627e-02 1.514628903285022803e-02 2.187498344249073912e-02
3.027555771008239721e-02 2.879607916299171261e-02 1.780711626587080237e-02
1.560486188565845742e-02 1.554018033318118643e-02 1.954789199061871680e-02
3.221281960372753689e-02 2.757448497834444692e-02 2.564615868112796182e-02
5.376856853815855514e-02 4.774225423774804133e-02 7.765968622963656531e-02
5.035351816654305701e-02 5.361857440060045776e-02 3.274399264520155839e-02
3.188157099134713429e-02 2.082464594954681891e-02 3.960219569075858204e-02
3.557789558191627038e-02 2.835434383433448058e-02 2.011363068154102193e-02
6.340800159900346344e-02 5.298160270976375041e-02 3.440245258598283867e-02
3.086743924625097446e-02 1.843705917586801329e-02 1.461763264833484607e-02
3.439993224920114695e-02 2.451443775962279525e-02 1.736260009162518547e-02
5.648591432545483487e-02 4.127722340049701233e-02 2.326627152864272144e-02
7.548718480981254919e-02 5.383767171421633552e-02 3.227888605787156140e-02
9.395115602347256512e-02 8.719113305549675008e-02 1.166837835410769603e-01
2.931030994978714443e-02 2.431809221738635840e-02 1.256965670342898196e-02
4.382996751795688317e-02 3.162978031447059857e-02 1.968011281711048305e-02
3.055800397561033235e-02 2.755442763921151297e-02 1.914047403970541364e-02
2.817125233429873185e-02 2.653920387596849992e-02 1.196675263146731137e-02
6.132842586436050569e-02 5.722733337030129486e-02 5.120733971236791221e-02
4.051433666907532094e-02 3.925144165809808100e-02 1.464967871706894346e-02
8.563684203003948947e-02 5.360449280341166717e-02 4.427934213347942821e-02
5.274938031214202599e-02 3.813864091139658463e-02 6.885691031020990671e-02
6.101817807497200707e-02 4.916475617255423869e-02 2.601948411605375586e-02
3.155868473485432674e-02 2.679620541105240394e-02 1.973905246593338214e-02
1.375018540999266466e-02 1.609451143618909064e-02 1.712081161690820821e-02
5.140837838434935553e-02 5.997789641468556643e-02 2.921423540990109036e-02
4.567394567644750270e-02 4.900251483102978367e-02 2.503466774769776484e-02
7.071636981775093755e-02 5.518032507517046936e-02 3.960184887550746019e-02
4.091905593402091201e-02 3.328309402655910826e-02 1.947886580594863914e-02
3.214466024004716815e-02 2.899227851948874696e-02 1.235713654835284177e-02
5.287171207871082385e-02 6.367395640609566088e-02 1.510963634655547172e-01
4.961501114356581255e-02 4.826581319865323738e-02 2.914401324316167816e-02
1.932663458884734814e-02 1.958515227144386195e-02 4.036134925922976735e-02
4.287963976650786130e-02 2.691383506491844962e-02 1.480793729594473591e-02
4.000046776543259713e-02 2.727991464933479313e-02 2.129783077267350527e-02
3.209915522996293485e-02 3.810379920851859892e-02 1.789432807612189105e-02
3.688284875586964051e-02 3.912459690339874230e-02 2.280910684632091179e-02
2.460885482371202165e-02 1.334980347484242616e-02 7.032747063568834875e-03
3.858853802396630672e-02 4.641754295171250655e-02 5.969424745865601484e-02
2.638501792547223723e-02 2.024440597763138561e-02 1.845501361495461776e-02
2.249922592005374616e-02 1.939846443518257468e-02 1.378853625741595368e-02
3.231083805980707047e-02 4.189276509510731633e-02 2.165277682383582106e-02
1.966206415237458510e-02 1.472444382876167933e-02 1.073009810499128518e-02
2.293339952531785533e-02 1.251499572964646749e-02 9.442707049042035894e-03
5.871060368574696625e-02 4.078023937480743100e-02 2.700392165908751391e-02
2.308896374214658084e-02 1.853130612932972140e-02 3.650682842874177630e-02
3.241438454001898534e-02 3.029341824915910558e-02 2.358527641187705901e-02
2.499230764870377652e-02 3.075615302582948227e-02 1.537460615115093798e-02
2.829576415627382477e-02 2.739422934874711710e-02 1.071981751012884322e-02
3.165604531765554147e-02 3.517096389453257255e-02 2.774505854770648039e-02
3.755337338789167811e-02 3.384428890653321670e-02 2.981955692882926751e-02
3.990440834904415701e-02 4.649203337859576790e-02 2.650303052724939379e-02
2.056564994390579909e-02 1.421584432027130085e-02 1.272831519146255114e-02
2.900420123885571327e-02 2.525373383892550935e-02 2.235689147523613890e-02
4.518903423598762126e-02 4.419988370632495223e-02 1.693834647837178659e-02
2.992385399830880047e-02 5.034300655072646014e-02 3.606171145038058329e-02
6.407022103273717073e-02 3.321429737105355273e-02 2.361147058738559748e-02
4.367906517633423497e-02 4.693994262686320557e-02 2.834617621581364197e-02
1.489002938287557753e-02 1.285773787519002044e-02 5.566117349500568877e-03
3.464583496186083439e-02 2.564258323185528848e-02 2.578516380260298391e-02
5.660636065863997035e-02 3.476192961542257792e-02 8.532688655229803132e-02
4.276574205421643238e-02 4.506381923632063469e-02 3.412165519816105080e-02
3.360930473107930083e-02 2.097604563902668792e-02 3.711289128314457231e-02
5.296004126339986379e-02 3.665113144649347066e-02 1.867678134772193799e-02
4.568791348959038573e-02 3.737799581573852947e-02 1.232723786759030576e-01
4.752098033569625984e-02 6.599905661412909519e-02 2.606298092531003988e-02
4.989339873469416514e-02 4.693696854893263104e-02 3.381978340161449076e-02
3.051992862791569686e-02 3.934004682599209768e-02 1.650203322300392711e-02
4.621602573682476872e-02 4.066237356576175854e-02 2.270594745073140075e-02
2.654599466186639833e-02 1.638071231606843398e-02 6.473910723502139530e-02
4.168231621035573681e-02 2.172232274143254954e-02 1.958760773292412757e-02
3.546662099769280069e-02 5.499894849843470213e-02 1.822348350280520585e-02
5.255273857844140056e-02 4.936789139327629750e-02 2.594031042927271921e-02
5.780981375677422818e-02 4.027742873962168735e-02 2.654845927054181806e-02
2.591449854253149998e-02 1.447534013639046810e-02 3.766581527438167543e-02
3.968998626120553291e-02 4.191220880317175074e-02 6.493738988979273763e-02
2.105875433940773006e-02 8.752328648841359304e-03 5.798935921379376468e-02
2.924068977703458971e-02 2.201311330475812233e-02 1.027108876908785634e-01
2.485036652301679874e-02 2.662928888862892834e-02 1.630678718551864526e-02
2.779780032819479871e-02 2.675204552616687950e-02 1.227790346369116679e-02
2.662836951814206987e-02 2.648161035641920930e-02 1.595479234407824395e-02
3.599487196095055297e-02 3.679971995928653372e-02 1.564089773972787700e-02
3.582263108350138003e-02 2.324915808240196613e-02 1.766107387265852813e-02
4.068407652848887029e-02 3.065699000013005771e-02 4.880849789384953535e-02
4.493135873450356671e-02 3.939923607139991790e-02 2.844046739471453936e-02
3.814950195450741988e-02 4.336218226570517226e-02 1.814051449993395529e-02
3.513091007560577295e-02 4.589402273353000716e-02 2.690895226692906206e-02
7.528056142443767529e-02 3.899608839006833694e-02 7.898639679667264490e-02
7.143542514440150148e-02 6.291120793841188663e-02 3.133648748462464217e-02
2.439698315428929717e-02 1.889532485464182066e-02 9.290830738303763534e-03
4.150077665553018186e-02 3.455550168632743474e-02 2.341953300355434711e-02
6.333245980149887489e-02 4.662006365406131531e-02 4.387390618655451213e-02
4.279423957558182307e-02 7.618761613746775907e-02 2.490164770499574826e-02
9.043199565990807376e-02 9.852919797939348190e-02 1.752396687872698755e-01
4.011746760318873894e-02 3.716968415381875779e-02 4.438645080437339518e-02
1.539045898935092853e-02 9.854419277550567277e-03 2.505729895856085784e-02
3.903150541115712330e-02 3.541358578104672472e-02 1.507486918453488853e-02
5.786912944273245318e-02 6.510924596445746837e-02 3.882986628557390935e-02
3.038546995605160769e-02 2.074543991730380676e-02 1.275332772233309098e-02
5.546827937090963168e-02 2.891792106881166738e-02 3.032074353691764992e-02
2.112340405538686711e-02 1.360163442909851500e-02 3.281113430156640948e-02
4.042166214254015733e-02 4.174991150883628627e-02 3.257850761703290354e-02
4.230722619471721790e-02 3.143984837437748675e-02 2.392796309541489475e-02
4.977858971432160690e-02 7.567940781158313812e-02 2.970926763458497932e-02
5.751447168477148708e-02 3.466680546792715728e-02 1.363194754753674631e-01
2.921993032666895390e-02 2.404759353210847786e-02 2.186069432949248534e-02
6.522074071957512098e-02 3.502927481283088507e-02 3.006934482178325388e-02
3.658624599169803954e-02 2.914998691991268695e-02 2.204198473158877972e-02
8.713452426321005584e-02 6.589733033333118606e-02 5.953874508809130911e-02
3.212395819812376846e-02 2.945829462581397648e-02 6.379164918433723186e-02
3.795091025299166670e-02 4.191285820015511893e-02 1.775014171308232983e-02
7.371535387590509580e-02 7.714063443533435149e-02 3.003169683270451654e-02
3.811101427966740590e-02 2.545843147169147766e-02 2.222545702055069711e-02
2.467801535678348229e-02 2.204516973621660145e-02 9.264404171208395072e-03
4.492207290650804957e-02 4.156391393930373990e-02 2.938530732217556687e-02
3.337069308940637802e-02 3.963252347830925615e-02 1.872585585045015780e-02
3.575594996183804192e-02 3.441484669624693404e-02 2.579519640565213628e-02
5.190054549482311236e-02 6.091755234388744611e-02 2.817185547619296612e-02
3.145075586206563106e-02 2.430611600914719256e-02 2.188720566360874420e-02
3.263166298639649104e-02 2.237783078365084000e-02 1.711504011018784299e-02
2.116166262709236884e-02 3.246100013655996153e-02 6.580285956413894910e-02
2.805616752167129288e-02 1.630498300941832235e-02 9.973767644488823123e-03
2.094296839520399731e-02 1.618048827616295343e-02 1.063022017591012114e-01
2.008115742413530899e-02 1.922207933132161553e-02 7.610753955373882051e-03
3.771032928855808791e-02 2.960089227901138015e-02 4.015996942888164223e-02
4.099377020822304873e-02 4.558057994766037679e-02 2.637305995348995444e-02
3.806024263890511045e-02 1.931124186924453034e-02 1.393240132166610572e-02
5.051691688673715097e-02 2.855814346539689227e-02 2.296148880281042789e-02
3.144014411351752497e-02 5.841476815328639632e-02 8.061340928256785499e-02
6.626372355805772163e-02 5.957531748248405534e-02 5.446818609240446085e-02
6.525731451031144270e-02 5.987123893107610534e-02 3.702662051357460266e-02
4.619972668700672580e-02 3.504657899020986039e-02 2.605573428900666982e-02
2.966487814664037562e-02 1.274097116833566509e-02 2.969276819354650654e-02
3.979087950253455686e-02 3.080937883589381782e-02 2.195902423239271331e-02
4.416020684403444002e-02 4.158260815074021899e-02 3.084142450491787757e-02
3.092913134316352050e-02 3.354766024550716319e-02 2.457410268147287163e-02
4.172179107884153859e-02 3.202215000161149489e-02 1.433017975811524611e-02
6.047776905032667405e-02 4.633151557358869410e-02 2.240146246542703418e-02
5.369512371546079910e-02 4.036932692951665513e-02 8.228475369477052104e-02
5.158445376204134208e-02 1.961019940577637261e-02 1.792785603812519293e-02
2.868701691604912118e-02 3.491713387230153953e-02 1.287579165728417255e-02
5.051517062298106764e-02 6.001883615034646346e-02 4.511274994629647928e-02
3.732898174276213371e-02 2.367699838666578044e-02 1.279279254394417170e-02
3.746855513561679618e-02 3.411146216582153223e-02 1.971214704842999890e-02
6.052855349034752530e-02 5.833218059170197645e-02 3.162325249613585909e-02
2.863658319071001046e-02 1.966224292397071235e-02 3.994900559909507487e-02
5.554583005357033310e-02 2.851111778151100076e-02 4.362409820154387885e-02
4.509527961738690749e-02 4.404653301122850306e-02 2.446005392566915834e-02
5.734553789491474152e-02 3.299864522945378242e-02 3.045738967553709639e-02
5.129787522110339226e-02 4.411312735765685056e-02 2.462487176463223904e-02
5.822805971474220160e-02 4.464025253883157490e-02 3.734231256612098593e-02
3.900247030074016630e-02 4.645246772227716592e-02 6.243808133108570690e-02
2.272823534320938740e-02 2.425771387711027349e-02 4.092476217244114811e-02
2.515401542798596443e-02 3.490409904875461239e-02 4.969744059968436711e-02
7.940180272070451739e-02 7.363866905130378449e-02 6.346858378285920310e-02
9.916123033153471933e-02 9.128314034253914855e-02 6.030006838434653210e-02
6.962935833422639886e-02 4.432299148204957295e-02 2.994929453803514552e-02
3.081161920192487455e-02 3.212512822861761375e-02 1.291239947137928432e-02
2.610024071981051699e-02 1.725436461649841949e-02 1.345296958158869946e-02
5.488046466424403164e-02 4.987210641933711996e-02 3.850273197801414027e-02
3.960817056535009123e-02 4.493337183368690396e-02 2.171928488232024654e-02
7.489701917584180857e-02 7.284050851065287935e-02 1.052524591246760677e-01
6.557446900275945567e-02 8.402569789043232151e-02 4.870895415073535351e-02
2.688501253726388943e-02 3.671198856459940985e-02 1.802160011639043422e-02
4.507867681492171152e-02 2.530154952737333207e-02 3.626379892173443170e-02
1.538953719396101913e-02 1.698031481266526477e-02 7.820055585960829572e-03
2.206868101946686186e-02 3.055458921095086794e-02 1.150911860701288487e-02
4.436712330954198369e-02 3.992338233967356736e-02 3.789520005849143086e-02
3.113127150313062599e-02 4.079573849392528068e-02 3.259756617930358730e-02
9.703813247320014490e-02 7.612507039977961520e-02 5.765362437603890888e-02
4.529318852255006383e-02 3.402706033488621384e-02 7.805001404755324002e-02
6.225315073772629687e-02 4.301524530379022271e-02 3.603722713321456245e-02
3.300414588150314688e-02 2.722629583168664769e-02 3.289863951753146942e-02
3.219913146646443541e-02 3.142374615785778480e-02 2.163145491072504187e-02
3.085704676784445724e-02 3.948087047133688743e-02 2.448257372878407528e-02
2.317403720002159453e-02 1.568958965940403863e-02 2.557292908334235157e-02
3.202161832611750275e-02 4.685500398379214421e-02 2.050252967533706949e-02
3.951725219812130679e-02 5.527719681890488901e-02 2.051518793945832433e-02
3.798088495949783483e-02 3.053769249964486537e-02 3.388948464047944475e-02
5.368629479547817884e-02 4.559587688190942095e-02 3.235331882223564659e-02
4.102400669693239549e-02 3.585367541223396376e-02 3.762865330459583268e-02
4.917373349530938104e-02 5.631663800346682625e-02 3.603081203550233258e-02
4.889837015530611175e-02 3.216121261511362128e-02 2.988176623731093884e-02
4.636515705821105809e-02 2.225824375748177569e-02 9.646095493249207120e-02
3.829165071723897307e-02 3.461457903955748872e-02 2.263258969327787071e-02
2.985473216423237611e-02 3.599224467665296245e-02 2.749334455037462724e-02
1.972368019671239675e-02 1.246670275613476556e-02 1.074485178647935184e-02
3.222205874570710504e-02 4.600911259527583341e-02 1.848514955972306237e-02
6.676793180987014575e-02 3.639271157003506896e-02 4.373716501351307406e-02
3.742137734310729824e-02 3.226768832849277735e-02 1.531491572132499118e-02
5.765766171877893115e-02 5.001869897469844728e-02 3.828113086585350350e-02
1.966830190464794945e-02 1.307737533448212822e-02 1.006263345365350503e-02
2.797167303775860425e-02 2.485988059692505886e-02 1.471321070711277372e-02
4.888301989412213722e-02 4.506120632131385695e-02 4.865856972180319928e-02
3.988563688883805386e-02 2.936795278007437934e-02 9.848701682671692770e-02
2.512726708730065803e-02 2.891763145222497541e-02 1.457227396310475410e-02
6.615926783257870814e-02 1.922266755508453967e-02 4.290995588640662828e-02
4.701242072106837783e-02 3.215304399784216921e-02 4.037767906382907362e-02
5.685184112194620332e-02 6.098413488308711272e-02 5.295386551512262091e-02
4.304467743787331047e-02 2.984088642791073859e-02 1.987835448621950996e-02
5.350713436805231565e-02 2.958195993993451359e-02 1.765146310533519114e-02
4.363080508025280607e-02 4.519884003626722935e-02 2.720671116773827614e-02
2.762292143784535539e-02 4.722497872908790889e-02 1.063114763540734184e-02
6.024017183209798981e-02 7.673229626694633154e-02 6.179490825778345686e-02
2.414838274912111879e-02 2.061106450587107952e-02 4.356970514248181825e-02
5.394938678697325934e-02 3.254125307205764372e-02 2.053527365542765631e-02
4.605754254122376712e-02 3.624696481836089945e-02 2.578029397129818351e-02
2.853042839564574190e-02 2.617579248564097516e-02 1.421994137203621764e-02
4.774729726740752772e-02 3.367520325391918506e-02 4.063305346829578640e-02
2.814173443454000625e-02 2.546599799127226976e-02 1.012099509649360823e-01
3.070497894929404004e-02 2.546409995115527652e-02 1.712502578472868339e-02
6.842170472590709818e-02 8.265708721188445851e-02 4.360640297829115886e-02
3.909354753214033806e-02 3.456096895793372287e-02 1.863203356874346128e-02
6.078881310834532287e-02 3.172190513028558256e-02 2.259054736445588810e-02
4.368593019628769919e-02 4.879129396607554542e-02 2.761212458735035416e-02
6.703121018591788605e-02 5.046187864180071148e-02 4.445276661422203901e-02
3.026904110617153337e-02 2.599877282938112960e-02 1.534748237638368720e-02
6.285760440333829080e-02 4.970469950173179996e-02 4.361741586959326511e-02
3.224390085896920027e-02 3.010307189218549423e-02 1.880543360646542289e-02
3.913343114662997529e-02 5.097464876256070643e-02 2.803086551167793122e-02
5.537513375372304925e-02 3.375468509511801024e-02 6.897510031128739616e-02
3.837947379565991718e-02 2.752895943489061872e-02 2.255551698955328768e-02
3.234362237769303206e-02 1.614716910874329503e-02 1.286083668910958065e-02
4.038110399461666833e-02 3.339454469922474578e-02 2.203229539634929401e-02
4.085325405304641999e-02 3.572889778454001880e-02 3.508442336972462938e-02
3.897997931204126576e-02 3.577995088619623232e-02 4.299645731823592554e-02
3.748119534180079787e-02 2.770829494354513575e-02 1.682902841247761044e-02
5.143925709280037367e-02 4.157358102578701670e-02 2.177980901337625910e-02
5.500459333686029406e-02 3.419138158767315305e-02 2.109466307030111523e-02
1.697148004201660260e-02 1.667479117125277022e-02 6.410270435422320626e-03
1.887008568340552486e-02 1.665993195587399389e-02 8.101674725946557756e-03
3.970278769680794795e-02 2.931030631846843343e-02 5.550014521391258282e-02
4.208615621852187377e-02 3.768877249831360798e-02 2.861033655256623245e-02
3.241132466680572005e-02 2.600112124408853267e-02 1.305819768118305670e-02
9.001962735954041617e-02 5.897293416644049796e-02 4.771869105192336202e-02
2.708478274263982633e-02 2.705717390240757955e-02 3.067391759294259626e-02
4.779185391475938849e-02 3.836457035849290959e-02 2.808279700712417587e-02
5.634923265091351663e-02 4.597047397749437492e-02 9.220011358863056117e-02
2.513721978858777725e-02 3.011625999955427208e-02 8.152037193044203017e-03
4.064750590568071836e-02 4.911589753490389065e-02 2.181332025607619907e-02
3.760229473490091234e-02 2.977441833831194831e-02 1.936602329837178171e-02
3.621540479400497253e-02 2.224923619456985885e-02 1.771478567862771331e-02
3.418931888860601148e-02 4.300069278873264872e-02 3.301448799332915018e-02
3.347692175860273595e-02 1.964785483605525560e-02 5.059913475422033596e-02
3.259419446547427712e-02 3.634630536509011328e-02 3.537468598962458660e-02
2.746982265358565226e-02 2.116580453383318933e-02 8.333266358267846577e-03
2.167953728165112823e-02 1.749841387754885041e-02 2.362590779127059920e-02
3.792625555091149597e-02 3.213550237891828892e-02 2.042899091882910065e-02
3.705470740094614357e-02 3.604630240473433167e-02 3.269567346577793160e-02
5.694339047579002888e-02 4.775975185405663404e-02 1.612029105925575356e-01
3.338532300979386858e-02 4.267451635583005554e-02 1.744602015301517303e-02
5.228514184260076025e-02 3.681932207841547011e-02 1.521949859484682428e-02
5.093559531885463038e-02 5.547998042482560344e-02 4.616951740054178049e-02
3.212153417035901876e-02 2.482322165373365003e-02 1.683008301492834938e-02
3.517514322468751065e-02 3.095945061738993725e-02 1.693147108700885500e-02
6.145000194252874665e-02 5.068791444567020271e-02 3.335747950310963272e-02
4.753676320909572955e-02 6.176023963508507630e-02 2.332822109815903613e-02
1.003131532587119706e-02 8.794498319853696899e-03 5.118716870827500105e-03
6.459403003225332174e-02 6.237440618001943715e-02 4.177786238085176573e-02
7.715553418651002748e-02 6.083617430149187988e-02 1.154791309574359770e-01
5.093084029268819118e-02 7.727844903474048732e-02 2.523039780109760655e-02
4.833861760690816994e-02 2.158831873502897042e-02 3.973049858345528706e-02
3.542395651209459539e-02 4.846918079287012432e-02 1.926461039617600318e-02
5.998446782851900999e-02 6.810237429081250626e-02 1.097169918260547800e-01
4.757743249181533435e-02 4.701498928867392513e-02 2.410195892012192628e-02
3.445617878791588234e-02 5.743553943785358051e-02 5.720413573837694610e-02
2.197701649819983061e-02 1.795238559595545291e-02 2.858001988118418282e-02
2.232984612662023208e-02 2.495931715064158424e-02 1.282696184689139166e-02
5.817237726377966212e-02 4.630809524613366257e-02 3.174441575246707281e-02
2.246349538218551239e-02 1.681857478320815391e-02 5.691291684909220716e-02
2.566113902294551996e-02 2.188752638771825076e-02 1.660574438713106546e-02
4.526578174022609369e-02 2.704108276715107978e-02 2.381664917286111308e-02
3.490842101095781302e-02 2.969310253516641018e-02 1.725462382974122383e-02
3.385075693647393580e-02 3.717554857602115709e-02 1.704838093204604638e-02
5.596418814264988995e-02 4.788745750149734498e-02 2.929851863916221183e-02
3.568159658951351038e-02 2.398349350152651979e-02 3.531740708244790472e-02
3.299835197437869100e-02 2.966189752979254621e-02 1.741046403638678644e-02
5.072331283529144669e-02 3.696207291840324094e-02 5.818752266849763072e-02
6.451685756095781876e-02 5.011141710533587729e-02 2.891424146519117749e-02
4.255524510700749857e-02 3.192798686181985701e-02 2.438666705355047037e-02
3.492428832662344829e-02 2.120688891612763222e-02 3.531462715968092941e-02
5.976758972657593427e-02 4.128902438668138886e-02 3.538340941386113742e-02
6.492520673254688346e-02 6.624588139893977656e-02 2.999807450299398631e-02
3.973860564392714401e-02 3.863423116124480028e-02 1.934364411636423781e-02
3.747873032066175586e-02 3.491493388740354864e-02 3.641424889069121151e-02
5.343923864974887972e-02 5.371418564714995625e-02 3.225487649892749137e-02
2.621594040578196366e-02 2.166904210229327749e-02 1.243965963379443929e-02
3.709349692376946034e-02 3.647892480341784205e-02 2.870536475506156593e-02
1.929803486309318930e-02 1.235384367773276204e-02 7.729470605158967646e-03
6.697605131105989484e-02 3.501823205685490603e-02 2.329098967061324701e-02
4.972699965748441503e-02 5.818684613094931429e-02 4.625536281101365332e-02
2.215464543852521673e-02 2.219714615183352932e-02 1.166022076658418914e-02
5.075348931145695630e-02 4.508875367207128976e-02 2.553158756624995807e-02
5.083667283823186528e-02 4.440472627837956099e-02 2.425816815429251289e-02
5.779567790456193593e-02 2.950728232127624098e-02 1.436316548210167243e-01
3.821177525559096150e-02 3.099734088808324406e-02 3.169652137160619554e-02
4.189111630479497306e-02 3.916588755355802920e-02 6.857175559616780769e-02
2.748712254157712614e-02 2.242548300904318934e-02 1.829164254552166982e-02
4.730978947681901969e-02 6.409318637424757381e-02 2.804132694605149939e-02
3.980814129970917936e-02 3.609947175474342851e-02 3.262439587173306121e-02
3.969535810528498215e-02 2.891098853430968882e-02 1.388034997316747385e-02
5.561816788718405152e-02 5.696452798937247375e-02 3.908919911453514334e-02
5.239501722706339792e-02 5.357330445261505869e-02 4.747763472245694616e-02
4.414736710586911195e-02 2.210810856342901656e-02 1.571524817978233943e-02
5.693557328982214866e-02 3.783916472591454527e-02 7.188741002392995405e-02
3.292828999286022407e-02 2.655280252057903856e-02 3.795285010416717120e-02
5.891415617739704375e-02 3.931649423560060891e-02 2.645174897189596364e-02
1.095453358598440091e-01 9.458427163622230849e-02 6.597229182443022089e-02
2.821012691182707768e-02 3.482064680335038298e-02 1.704213432513903073e-02
3.413014171947378883e-02 2.635068839680634878e-02 1.815808826623723990e-02
6.062180303987149688e-02 5.020133631810062141e-02 2.845802106823475466e-02
1.648838023474562958e-02 2.123938682736094610e-02 9.627479749428933392e-03
3.041087476760601788e-02 2.213446858905784853e-02 7.158985339137316842e-03
4.067949634118245283e-02 3.105847086046419764e-02 5.735351314140595125e-02
4.084807945315357958e-02 4.125328075972418268e-02 1.635094077783120006e-02
3.550892276815119375e-02 1.792436557068410180e-02 1.061021217173933884e-02
4.059138322651244246e-02 4.091980295366422216e-02 2.450701701884709996e-02
4.783694784003267308e-02 3.750989387778082274e-02 8.810890727082393292e-02
6.336675875728017826e-02 6.228056328147156540e-02 1.108546427834417036e-01
5.486259581046985800e-02 3.747389690251907990e-02 7.084829637089232190e-02
2.486356229893670750e-02 1.347344343622175478e-02 9.508333544281977884e-03
5.285027164678444273e-02 5.505772304856473842e-02 5.054221633332847685e-02
3.120438398137734964e-02 3.340238342622913609e-02 8.029916484222611450e-02
7.269913754903639669e-02 2.531252018770269868e-02 4.754191386996642343e-02
2.721679474453864850e-02 2.256910341499047956e-02 1.204636877290088740e-02
6.591412047315872713e-02 6.147557694963329267e-02 3.951996228346763007e-02
5.198288757878936212e-02 6.876193323090792897e-02 3.923625703857930302e-02
3.583313578229418983e-02 3.765115395197123072e-02 1.400031583260946851e-02
3.174708365780361252e-02 1.919224037100138863e-02 5.381547170460229679e-02
3.573974369535971168e-02 2.192691584083030637e-02 9.061234356254137257e-02
4.623142524855573809e-02 6.323997045090029578e-02 7.824168635392181326e-02
3.908491035750216031e-02 2.793014969880259699e-02 2.073041646925306500e-02
3.957327812457600569e-02 2.100601099973339880e-02 4.119134752861729198e-02
6.777598032337242562e-02 4.785093688003848322e-02 2.930577616134506097e-02
5.477306050070859800e-02 4.966117614803768066e-02 6.972174070764093623e-02
4.058960316421355435e-02 3.010625797568914144e-02 2.904249883600158039e-02
4.345309163905487077e-02 2.372983546923190801e-02 2.458411439054651940e-02
2.718186964616571902e-02 2.544530426917412241e-02 9.330444867190725022e-02
2.667180277293215024e-02 1.361938458169361342e-02 3.103092533688714058e-02
4.161587374174861159e-02 4.205508495480216741e-02 3.059624862616795726e-02
3.037702084447062301e-02 2.988644854760279940e-02 1.424013602130452978e-02
1.585718817694367622e-02 9.156577565376588373e-03 8.028223539504266912e-03
3.014366157161684628e-02 2.810516277560817788e-02 1.255251560370498724e-02
2.994415338361105725e-02 2.871045698066192198e-02 1.689313677206598363e-02
3.823181661500484746e-02 3.307707928471950026e-02 1.651481014421074880e-02
2.074463322783027044e-02 2.876380958921927883e-02 1.148613597878970702e-02
2.057049578073482862e-02 1.130617402382803720e-02 8.548950466905512122e-03
6.354970650593724790e-02 5.565012121875339418e-02 4.891614331381086145e-02
3.629469077060935162e-02 2.923195623549494637e-02 2.433829902136974005e-02
5.633527476384538046e-02 3.549188492827166919e-02 2.609933955117340471e-02
6.509750675127119746e-02 6.134974761159442402e-02 8.021757210592113385e-02
3.678398187126204893e-02 5.102694880464200833e-02 2.726060383385380675e-02
2.833308630894913749e-02 2.054896810203760832e-02 3.179040995081888060e-02
4.556724796526480381e-02 3.322269082822650044e-02 1.047921980722346380e-01
3.041996778957207007e-02 2.228200921192909773e-02 1.736195581400813703e-02
5.054518501025358213e-02 3.781323368265700896e-02 2.544179659904689458e-02
3.282752124417870343e-02 3.287992911819855035e-02 2.662888515558954963e-02
2.854021404011591878e-02 1.149180664709152991e-02 3.187111623541057093e-02
4.332024550207536767e-02 2.848557717266689618e-02 3.426280927742907101e-02
4.470618519262783280e-02 2.343968185570740465e-02 1.085668262574831545e-02
1.722016683742122467e-02 1.200813585460920423e-02 2.255292552350362037e-02
3.626645036433513020e-02 2.973988868878152045e-02 1.491588648496339556e-02
7.161418477152090012e-02 5.637051954173198653e-02 4.334414707839957109e-02
4.470095582164836101e-02 3.478128331234607573e-02 2.836876358974051854e-02
2.259136015542984391e-02 1.964828694589718094e-02 2.163124776248884912e-02
2.222996833460089833e-02 1.690961190860257313e-02 5.206413424190999006e-02
2.942415440256876749e-02 2.413937744101734076e-02 1.211489745746041798e-02
5.055938642949590195e-02 4.369538232369624131e-02 2.316271368646460188e-02
7.279629384273705872e-02 6.630057730495869661e-02 4.793474044114263283e-02
4.918237509270106944e-02 5.617336437073067179e-02 2.421481928296351574e-02
5.152545857675747132e-02 3.878373868258843532e-02 3.223346990607998952e-02
5.941036236998124831e-02 4.979711220290239382e-02 3.995272917694934339e-02
3.361400675878666727e-02 2.267257742539383406e-02 5.138396013278359598e-02
4.147899730430704146e-02 3.555360440046138881e-02 2.891937526535269185e-02
5.557788819480450476e-02 5.466886402099618847e-02 8.083839459247971204e-02
4.534031002618758854e-02 2.864647981844285068e-02 1.507111791016583872e-02
5.586434955662625962e-02 5.932788919789240556e-02 7.442688034937061659e-02
4.281015349794154573e-02 2.880597242882381240e-02 1.618664898322095397e-02
2.936317175170200661e-02 2.878251639889699287e-02 3.673280580032119158e-02
3.671411021112273160e-02 1.989231847289880950e-02 2.423319218823713483e-02
4.616897917752097596e-02 1.895154830532675555e-02 1.009831748864689627e-01
4.934261148231727789e-02 4.181312483176569811e-02 3.154305373226144044e-02
3.807364236471811464e-02 3.194451403259927769e-02 1.518184611988299473e-02
4.473924096384446214e-02 3.330010418625727747e-02 2.213035020097097599e-02
5.916211122396693167e-02 4.016176557835452604e-02 2.380199891635725179e-02
4.709113572348356397e-02 7.031034033652544535e-02 1.190679463277868333e-01
4.366949390635775641e-02 2.957844675485430536e-02 1.907203786468060838e-02
2.746313839440038887e-02 2.659471827813569833e-02 2.790168405296432341e-02
5.903703339185779192e-02 3.618132681337300760e-02 2.967004445889983091e-02
3.964365835378676206e-02 3.750793404591947627e-02 2.602211849577084485e-02
2.215174105891366471e-02 2.189834141580008706e-02 1.428155764191002541e-02
2.275584626350592166e-02 1.816699241020367644e-02 1.152144798084347131e-02
3.691012077894263721e-02 1.779551164503010569e-02 3.345752996739924379e-02
2.939645234927661804e-02 2.753817846179461987e-02 1.233014101268471580e-01
2.354853228497013479e-02 2.994127909768352219e-02 9.923965212836111452e-03
3.739809217637383304e-02 4.450374387872145510e-02 3.054007478336556031e-02
2.248501277259361275e-02 2.073021440177539448e-02 2.406867439702489037e-02
4.721577136482648512e-02 3.149312491892636984e-02 2.265545921033244869e-02
2.779240121367559241e-02 1.519683554185461208e-02 8.219068680846748284e-03
3.494925535749662804e-02 2.877341260895677905e-02 2.001625313407515150e-02
5.587125158075143677e-02 5.482681527335569321e-02 4.597077454387048234e-02
4.007773218477121702e-02 2.603926020405217256e-02 4.841219298723928310e-02
3.804139575840136123e-02 2.522173850097612566e-02 2.259233079850875292e-02
4.640143169130173106e-02 3.195166037313806884e-02 2.184453672998726281e-02
6.294469149234602212e-02 5.747495638262958839e-02 3.025585664084363274e-02
4.520871392084811757e-02 4.110935473369665971e-02 3.137359408137402328e-02
5.978241729084248640e-02 3.585650844687231914e-02 2.521544966843326796e-02
4.477987171565364632e-02 2.906114602387365950e-02 2.301513538627168384e-02
4.334570559890720681e-02 3.507851161344566204e-02 1.278512834014244523e-02
4.351038055295296247e-02 2.750077974789050944e-02 1.844551173935609148e-02
4.269889219809051839e-02 3.102268471029344735e-02 1.643646113438237619e-02
3.863444914133940672e-02 3.348552286179588833e-02 2.233622864397317304e-02
6.265985511338735547e-02 3.616229058509329991e-02 2.114664098745430709e-02
4.841229388305027387e-02 5.069822862265149083e-02 2.764229560641053018e-02
4.469551634251651973e-02 4.389121919205804523e-02 3.055550318071171417e-02
8.980138609565439800e-02 6.857952327956307048e-02 1.262059915104449814e-01
2.409255665619224052e-02 2.473635818305389145e-02 7.957637440097115045e-02
3.210430572229484858e-02 2.326804394655325112e-02 4.599047242401299584e-02
5.560982617051952320e-02 5.190936298934081816e-02 2.067382802924018839e-02
6.326290761263021756e-02 5.997759605146370243e-02 5.568775424211040020e-02
5.495065429335217050e-02 2.882841546296380925e-02 1.693222025186053373e-02
2.165707988109152535e-02 1.233946404208744255e-02 7.779664049773237118e-03
3.536508777754011207e-02 2.947169092871775725e-02 2.222957626097504455e-02
1.909436424554182901e-02 1.904859093592805794e-02 2.376444333897355723e-02
6.279286300749067906e-02 4.967187499152314611e-02 9.562132928077803073e-02
2.206447321216321866e-02 2.694405566000477453e-02 1.888059205623713460e-02
4.787842604906471927e-02 4.705314905150469879e-02 2.206051762145471926e-02
3.314522597831665029e-02 2.868713845077474137e-02 1.562259451495336474e-02
4.706058921697502812e-02 4.090885755187751577e-02 2.238996514843469288e-02
4.827089450003415466e-02 4.060277214870405826e-02 3.040071894015409018e-02
3.306639757292488546e-02 1.680693876669593634e-02 1.825688053333019215e-02
4.669815603992564373e-02 4.471665217178577567e-02 3.434434723207761830e-02
3.723117537504038593e-02 3.254580712435448803e-02 2.132102780981471463e-02
5.780963177123939201e-02 4.462210639912259774e-02 1.077810406447412134e-01
2.931210128317962571e-02 2.475879830683316851e-02 3.807912286343077823e-02
4.621968359653266106e-02 3.030146177620365866e-02 2.966756520101552358e-02
3.823219379923861044e-02 2.791381916650231138e-02 2.259146391541570070e-02
2.815601874654564962e-02 3.674819388351864557e-02 1.010649600765427779e-02
3.733265713228837296e-02 3.508011027242759206e-02 1.940013400066988372e-02
4.777923306284800192e-02 2.370526695976393414e-02 1.257189031702659297e-02
6.003104520901988983e-02 7.821073180672216685e-02 2.794681226806667793e-02
4.075636763148900860e-02 2.727008637529761484e-02 2.563432222174904726e-02
2.770288146191687145e-02 1.929558866998387634e-02 1.832342442274574601e-02
3.929102509682469435e-02 3.056677266281819863e-02 1.766301671841405407e-02
6.995244582130756561e-02 6.362962762830440266e-02 3.996126937422986997e-02
2.088388372078932298e-02 1.449137803534719313e-02 2.429179947243820248e-02
9.223765012432064148e-02 5.857291565858151194e-02 4.589528970353878856e-02
2.923327578704932803e-02 2.053275560281907219e-02 4.915807404155697613e-02
5.881389367045180422e-02 3.877252015098547194e-02 8.244678830913043655e-02
6.203932150312507082e-02 4.154393705048822771e-02 9.693402118313836080e-02
4.147162990656719228e-02 6.166393949550577624e-02 3.666746616077486837e-02
