1.015075805253927432e-01 9.051846384077907870e-02 9.058708514253156763e-02
5.785329210162026836e-02 9.629796871981950723e-02 4.195244456789200271e-02
9.957494188571706928e-02 8.894493606337627867e-02 4.396296385555091557e-02
9.590830750610861155e-02 1.289695087508804516e-01 5.786380999085433824e-02
7.282967073910449896e-02 6.892342403045620403e-02 6.493319032088595844e-02
9.383348602830821061e-02 9.499957877935832906e-02 7.771411785070760081e-02
6.442639738673597294e-02 4.309386518977551678e-02 4.915936816008691784e-02
6.028671427719078935e-02 5.396101467407176527e-02 2.086035849059789463e-02
1.249686113350568784e-01 6.401096388934930659e-02 3.897239773199157736e-02
9.414288482090661658e-02 9.909180925299448939e-02 5.536023085111958786e-02
7.913338511512596485e-02 5.849423794706549301e-02 3.066354131587449225e-02
6.645349774401804188e-02 5.557595532693407336e-02 3.103122690852924692e-02
5.780650503317687899e-02 5.819112593863205035e-02 3.546084647967865516e-02
7.359893258109197201e-02 4.790380110151970516e-02 4.820713753247072436e-02
7.589513094746622168e-02 3.992768690115331559e-02 5.345637756967962922e-02
8.661026309572829318e-02 6.297714108396519628e-02 3.897240530437797584e-02
9.516078937020872042e-02 6.289726648714952240e-02 5.072877141914063776e-02
1.114245519246126748e-01 5.189829578502588858e-02 4.289219503970431724e-02
9.083958784614910853e-02 6.769478573164743052e-02 7.387992263188186692e-02
8.054439379056718695e-02 7.047883326058292097e-02 4.218147516634347671e-02
1.339419455578342300e-01 1.005271452257434778e-01 6.740192304768984066e-02
5.759427540816688257e-02 5.929849638392872824e-02 3.801040360770948506e-02
8.262876242046846009e-02 1.975566972026692181e-01 4.124710208138997886e-02
8.929457756623031262e-02 6.183796215992925366e-02 3.170649581774530323e-02
5.997452658204143611e-02 4.945657072808490318e-02 4.346282512083187582e-02
1.346982993337273449e-01 1.406802875616213477e-01 5.293215138506230516e-02
4.205990594336109223e-02 4.634952314059489348e-02 1.849360305513522360e-02
5.744874644501338917e-02 6.045647367389496429e-02 2.573598081787951616e-02
1.453284435536438546e-01 1.054845130996541480e-01 8.468735999556011029e-02
5.383785779397196047e-02 3.660333398965977258e-02 2.778185057048169690e-02
7.457010277130737830e-02 3.799630318276496499e-02 2.215569063900944130e-02
5.694857333253020709e-02 4.506584733827950079e-02 2.858643252315284933e-02
6.705400163772236299e-02 5.160904944859680266e-02 3.434167241921958630e-02
5.108613568567025448e-02 2.212248681083952770e-02 1.422991105245162251e-02
1.057556008947955761e-01 8.521538614794964273e-02 5.580016282349170575e-02
1.245835211502508144e-01 7.091469052557883290e-02 4.517840866601664784e-02
6.559914105474737300e-02 3.092911501734138535e-02 4.565229599706223385e-02
1.217915041025331990e-01 1.093052094318073819e-01 9.304885798658203699e-02
1.030701170791431254e-01 6.219313081357482481e-02 3.923048143685151090e-02
6.335751499459682523e-02 4.153029433691038386e-02 2.801072932537389260e-02
5.904951847467708459e-02 3.139291458583041983e-02 2.962370415218287117e-02
1.659236120543422510e-01 9.761244103411523265e-02 7.774239193872600762e-02
8.209577417374025465e-02 6.401900640924747254e-02 3.376458149058596953e-02
1.507808609354025775e-01 1.071889443613070203e-01 7.290457961049924551e-02
9.983865726004545471e-02 6.300450146914748917e-02 4.852844315564074779e-02
7.862660272548235851e-02 6.119522438573857248e-02 3.840753827057988984e-02
6.789045397896846523e-02 5.517567571505611196e-02 2.770611363241587410e-02
9.580310489223640980e-02 4.698172754239164639e-02 7.196252752886328485e-02
8.608737353976624040e-02 6.878536978617233455e-02 4.602508793156053629e-02
1.152654065657538335e-01 1.220187780729757310e-01 1.080335991769728193e-01
6.205161571910304541e-02 3.930803166900034840e-02 2.819324980446663922e-02
5.345868565835656255e-02 2.898393820696861314e-02 4.964917869004302486e-02
1.056091438700834662e-01 7.597903809154910038e-02 5.504757538819189666e-02
9.879434460390577877e-02 4.768071658866890328e-02 3.015562991682050817e-02
7.867228937373825504e-02 8.828949481136441624e-02 5.345402495891735106e-02
6.453067131482750907e-02 1.095535912880099966e-01 8.675372414787319020e-02
1.042517518603731791e-01 7.898172884367522795e-02 3.478990355618859220e-02
6.216071471892616745e-02 8.591636076206005113e-02 5.091871694337209153e-02
6.908256567095834300e-02 6.991367046854132794e-02 6.340432082421386395e-02
1.285482678282988123e-01 1.305331580415976522e-01 7.231144228100888638e-02
8.212402371349862562e-02 6.625413742782680637e-02 3.963457218327503390e-02
8.351123558295259208e-02 7.979704094556606953e-02 7.258742306614097972e-02
9.568420755174855685e-02 9.687685671939116894e-02 3.876508948808150140e-02
7.141191425663881431e-02 6.883879939273414295e-02 4.397703583992629978e-02
1.687378786015616972e-01 9.599621205522766709e-02 8.564649700506848928e-02
7.831359564631976133e-02 5.819344803616049999e-02 5.434839082157794099e-02
1.002264642119241878e-01 1.033005057533729898e-01 8.189972482991435265e-02
1.682749476815293688e-01 9.134084458868316214e-02 8.220728784753940366e-02
8.740490105577466973e-02 3.377692928324742966e-02 2.159146546124843594e-02
1.366430614171434688e-01 1.271374241663788540e-01 7.699807819558067423e-02
6.357678019058365937e-02 6.045254302933872337e-02 4.039902260435714737e-02
1.245621022361424884e-01 9.570762877007746305e-02 4.802883078548435269e-02
1.861333207737114193e-01 1.422669650951086662e-01 7.571034215416500013e-02
3.929046182891059169e-02 2.663645637461484195e-02 3.553931905646441625e-02
6.762423744834600292e-02 5.119187348703722884e-02 5.249449958960428209e-02
1.109651757835805330e-01 6.546881570835078046e-02 6.373972337556035872e-02
1.075547004492077297e-01 6.732485854148581583e-02 5.024171343048313559e-02
8.774952859821756601e-02 5.485691933669827047e-02 3.476940365834112895e-02
8.687930215116448918e-02 5.612810120188527208e-02 3.880489103662109612e-02
7.252954583836074276e-02 3.341860252320360408e-02 2.332654389226749420e-02
8.676869386712023069e-02 6.838247961397572738e-02 4.625259438499591119e-02
7.235861764317866318e-02 7.229368598061507167e-02 4.968666217948879138e-02
6.698417433302539248e-02 1.041135171084128369e-01 2.300951936235799689e-02
1.765059786983906309e-01 1.032691669358100639e-01 7.855407399183031436e-02
8.894857457678877199e-02 7.207282923988329870e-02 3.728314103741073304e-02
5.497972306107995477e-02 4.094004059913331633e-02 3.604437580943037345e-02
6.938179684754118559e-02 4.811718118647624609e-02 3.254432917461612396e-02
8.032083581532790950e-02 5.266517893524351457e-02 3.470297568407985228e-02
1.641223872356562252e-01 1.511891960171344029e-01 9.140554400409676983e-02
1.122435654843862152e-01 7.205589610810210488e-02 5.025964692637231723e-02
6.724703485102796752e-02 3.197687153909228863e-02 3.029749675703324180e-02
1.819033637455099439e-01 2.343643166598158023e-01 1.185586858183709097e-01
5.911312665831473800e-02 5.269358488735082641e-02 5.752442924152810499e-02
7.025077740213854505e-02 7.696618950284332683e-02 5.553549815559318675e-02
6.510080314133137591e-02 6.743646428763329370e-02 5.530419513585758950e-02
8.762976700573774091e-02 8.018596603053794458e-02 6.990020853552132707e-02
5.510283901874396539e-02 4.862217012142100447e-02 5.240675019202611917e-02
1.202949228602322729e-01 1.118192436364682241e-01 7.858238998196863390e-02
5.236703207728224396e-02 3.721770453965868308e-02 2.678657512788391176e-02
1.202909957695764143e-01 8.712257137275164487e-02 5.101445544776382623e-02
9.418695562872927973e-02 6.376970124983455390e-02 3.406541460176314845e-02
5.938615003261257103e-02 5.133702487484066712e-02 3.095117320375426195e-02
5.500953082000391292e-02 5.667405389013464856e-02 4.248573131181376111e-02
6.023238073831602840e-02 3.527267130360325909e-02 3.726665565901007143e-02
7.511397195743016453e-02 6.457663857871220880e-02 3.987144334906132098e-02
4.876441325785763753e-02 3.022247015817373927e-02 2.735719522434445702e-02
1.457490240589834340e-01 1.227244731531216132e-01 6.038180453492897337e-02
8.834159073253468331e-02 6.724100587766448922e-02 3.623581955567119900e-02
7.121908045010541533e-02 4.687283755266656582e-02 3.860204917677898667e-02
1.266426519593821798e-01 1.529827716749613820e-01 7.472753925075205361e-02
1.399896472176236362e-01 1.557711044820099533e-01 9.163403682534312922e-02
1.170505624383657572e-01 7.115504284735325868e-02 4.489103442385716097e-02
6.943860278853758450e-02 9.048978994334967718e-02 6.113793852364237530e-02
7.061052068606674115e-02 6.830697301857475978e-02 2.878259728382362437e-02
8.272608518164620284e-02 1.090126647194577247e-01 8.699453477293449255e-02
4.830536667093482395e-02 4.915330310755895715e-02 2.594321607331290247e-02
5.207430892765539665e-02 3.497571609486646582e-02 2.109928073293110967e-02
5.686245948325767408e-02 4.238823406500706603e-02 4.211934218962805343e-02
6.291131479178020680e-02 6.670077361922761849e-02 4.801663822513654173e-02
1.124560318135109371e-01 1.315908207040894506e-01 4.792493708778741701e-02
8.279045173219627685e-02 7.499585849856515996e-02 5.330680582383289651e-02
5.388959924728249640e-02 3.550895434220809055e-02 3.373986997687224154e-02
9.323708416240979180e-02 1.115746371338168091e-01 7.310354613099476206e-02
6.967134193163829203e-02 3.585699536978352586e-02 2.249745517984127335e-02
8.487299208704557341e-02 8.429488478410110397e-02 5.891035849864766777e-02
1.084275080023277965e-01 1.118115438397773720e-01 6.350291025748479312e-02
9.277061839722496039e-02 6.374038035101166344e-02 5.182921423352669643e-02
8.659086816417241317e-02 7.293995534132606540e-02 4.849368886021642594e-02
1.347106465226427241e-01 1.469614699915731959e-01 7.315560065454021488e-02
8.838174171131334134e-02 7.903381470762203820e-02 4.806711843706863024e-02
7.661247127463052808e-02 7.483574874227205687e-02 5.370223054797646639e-02
8.691283976017379065e-02 8.331930138557194776e-02 3.777553815021895273e-02
6.572388105087847987e-02 7.638048640135408629e-02 6.401535136915822988e-02
7.496451004572826649e-02 6.145907236308043031e-02 7.274332957190078608e-02
8.586737556888909828e-02 9.592081685103470701e-02 4.099113326728674733e-02
9.254703227331606552e-02 4.712916244256920573e-02 2.999350141602247916e-02
1.007762363277203560e-01 1.236807911698708101e-01 8.108009933397501701e-02
6.469192026997051814e-02 7.011046837998598236e-02 3.967073126610656808e-02
4.808405477381740012e-02 4.000666439065465180e-02 3.408741289213321896e-02
1.096092451302852905e-01 1.278804623695010412e-01 7.683911430322841463e-02
9.730173239246783790e-02 7.341456371056137575e-02 4.735356982545396720e-02
7.241349494153372091e-02 6.673164881969206874e-02 3.783613575442053983e-02
1.243320582009357911e-01 9.726323840432081480e-02 7.105118911447003138e-02
7.367440740694812529e-02 8.540912578018655665e-02 5.435752893218218779e-02
1.052522185898411011e-01 6.845857396181820320e-02 4.892236944996989495e-02
5.740782685219723847e-02 3.878143782201676215e-02 3.032345968520091389e-02
1.511701207393318092e-01 1.406271573699824917e-01 8.253955533848142401e-02
1.020445786579607661e-01 9.419688476505358454e-02 7.311519359828459741e-02
8.142517571454856162e-02 5.496417143675656064e-02 2.304338724425637405e-02
1.011367118660740361e-01 9.241800143344705565e-02 6.650144620706142928e-02
8.369932723320208656e-02 4.460245029143242862e-02 3.046793551814805379e-02
1.480905210485534695e-01 9.443942189339543658e-02 8.233582026306841828e-02
9.155829634016354746e-02 8.087025034055864148e-02 5.891246244269883470e-02
1.141500949834861889e-01 7.229824120492124584e-02 5.029598075627042530e-02
8.624561079242448747e-02 7.652411326624465604e-02 4.883493936316972428e-02
6.768470801086251543e-02 5.360138587225803108e-02 3.120909662834527032e-02
7.565737611839998267e-02 6.984898567402259006e-02 3.723050156906515529e-02
1.257366191288401547e-01 1.083687751562090740e-01 9.131929386016363059e-02
6.599340582899217156e-02 6.749520429345327865e-02 3.787173591202563916e-02
7.259605157573395529e-02 6.177402184024184673e-02 3.888791472676869643e-02
1.104565014574625387e-01 9.632624158051301955e-02 6.080443406872896445e-02
1.149964058255542459e-01 9.774353696458815133e-02 5.640116708914851007e-02
5.710674350716800352e-02 4.193661500487484706e-02 2.810796696774825812e-02
9.945132204192989878e-02 1.075438733120842316e-01 5.503991949962047658e-02
6.647595954778877381e-02 5.655253750795059819e-02 4.064971234658706217e-02
1.065447284234365827e-01 5.697092548037328147e-02 3.360053442729655365e-02
9.942665495257425878e-02 9.323597185797023734e-02 5.275685583283860891e-02
5.198196897412447892e-02 4.083794381517928673e-02 1.916494656525454324e-02
5.157692868960445792e-02 7.758509792231391700e-01 1.988706892840367071e-02
6.067977339474386889e-02 6.549512687959216373e-02 2.834571187877655066e-02
9.218646890181164677e-02 1.029394388211515715e-01 3.830732575269488877e-02
5.533779661833006930e-02 2.953021661310013812e-02 1.993256580574836664e-02
6.124312589827095310e-02 6.005073205642626200e-02 2.305683518251362349e-02
1.074624661953496180e-01 1.013558210850805802e-01 5.243896399602771680e-02
6.189897960490723522e-02 4.884958386395465979e-02 2.909162400680576771e-02
5.382956531572977849e-02 3.678942099181570918e-02 2.227338465237375595e-02
6.439106855539239449e-02 4.073956501495290539e-02 2.655190600152576227e-02
6.529429576774668786e-02 6.997412407495633146e-02 4.215527327801816410e-02
1.126606266234343734e-01 7.264492450716991678e-02 3.931880542406263057e-02
8.053906519637123174e-02 1.423203753732910082e-01 3.762838445304506757e-02
5.343932527799782894e-02 4.037581167537206833e-02 1.207217845229449291e-02
8.986033522773198556e-02 7.440575638707423722e-02 6.478539729660481861e-02
8.491152978100863224e-02 7.382876358845304188e-02 3.389106230102897910e-02
5.780137429685279493e-02 4.005533894895930980e-02 2.343555023291270245e-02
7.456791245619061315e-02 1.375732758836274161e-01 5.654452769307619087e-02
9.132250778037145911e-02 5.698331077875026102e-02 2.035184584797311569e-02
5.220246320440797422e-02 3.202571193692643758e-02 1.788391039515870029e-02
4.500290265655645244e-02 6.873507310651344460e-02 3.214409254226637674e-02
6.208134970699882155e-02 6.670624462232767338e-02 3.497207034984304436e-02
8.435699372733436452e-02 6.372168865400837379e-02 6.311049659751595542e-02
1.124497251703092671e-01 9.877549027153753602e-02 6.397439301587545812e-02
6.510029609129570904e-02 5.923581201264831175e-02 1.604995433575887032e-02
9.193550327707665504e-02 3.945915112155357063e-02 4.367518076760175394e-02
7.090670459926527724e-02 5.631149636217522292e-02 3.605022204796349411e-02
9.089432052447841970e-02 9.826627969498319404e-02 5.750474653682281084e-02
6.767567032756338641e-02 4.639710022222789942e-02 3.800570018094828750e-02
5.030653642418864147e-02 4.473827568848802450e-02 3.041371201983327291e-02
1.695839788078414290e-01 1.103016000894845028e-01 6.597751412922121805e-02
1.480376368262825704e-01 1.288712837288785440e-01 1.050384639494958972e-01
1.105835971932985773e-01 7.209205019974419815e-02 3.497430127434840441e-02
7.692021488087288916e-02 5.076308599628077262e-02 7.743936094836005590e-02
8.754222406335145090e-02 1.042824965580477631e-01 8.897948529978449983e-02
7.866133705057277992e-02 1.096528915140820015e-01 3.958358424776573653e-02
6.691388557747715571e-02 6.995727217699709843e-02 5.049745215174354651e-02
7.822601093196829281e-02 3.193177224458767366e-02 4.248103316215068315e-02
5.377334334453176545e-02 6.535932350557567549e-02 2.507694950419377122e-02
2.031045448454062985e-01 2.012156631925345884e-01 1.255729270052803048e-01
9.295393751554945072e-02 1.067245228565657650e-01 8.333911693816344057e-02
9.904809968624449235e-02 1.075106967038329253e-01 7.662994727549544971e-02
1.603931406582514985e-01 7.383542480317982493e-02 4.504549771242444961e-02
7.621944732409900725e-02 7.463208096980226969e-02 5.690054839549112814e-02
4.985634006472838137e-02 3.023304688719926150e-02 1.628121319790962196e-02
9.972102120874323794e-02 5.963523195774038388e-02 3.056065082834398886e-02
8.239471771573010639e-02 2.414565202876431393e-01 3.826617562246378140e-02
1.188184615249547466e-01 5.122060340389790467e-02 3.635429690953118770e-02
1.044374071900684708e-01 1.063142639672983447e-01 6.253092145647019817e-02
7.275124175357863821e-02 5.120466248007667781e-02 4.034700703448414194e-02
7.115161432717870271e-02 4.354079783764838035e-02 5.748018581761979440e-02
1.023501897360859642e-01 8.728420461808464315e-02 6.737196438591779024e-02
8.338372150590607490e-02 8.546576062040089905e-02 6.389907836693564658e-02
7.273749374273454082e-02 4.517647443658634465e-02 6.285241368248858929e-02
6.173389557057173960e-02 5.675751008349098903e-02 6.961157777811513570e-02
9.432526436609353637e-02 7.299208582038918536e-02 4.387773967792289037e-02
4.326943926277043023e-02 3.424081435018457020e-02 2.422123074784782865e-02
6.384255886957035386e-02 5.463072893155516974e-02 2.926902807525235198e-02
5.255259761308579691e-02 5.475479722696480200e-02 3.433817684027494488e-02
9.253519585746787512e-02 4.983559542003863918e-02 3.427321297248944743e-02
7.594972631272077501e-02 4.863005579528092981e-02 2.920452457042282957e-02
7.117865177640800289e-02 3.604487693836949669e-02 2.099432744753506469e-02
1.382170407663927125e-01 1.031494346395286088e-01 6.707526064174221259e-02
1.381166987324535800e-01 8.290166628402573235e-02 7.511466892319204613e-02
1.176642785985626272e-01 8.098314054568296616e-02 3.830156742771997219e-02
9.535629441622595071e-02 7.219524835758306391e-02 5.255861040765179987e-02
1.352212863056260483e-01 6.949488310808563107e-02 5.169500437178205232e-02
1.035310399563240391e-01 1.096022832354517640e-01 7.206089792184210141e-02
8.137372396789742390e-02 5.901588158925945987e-02 4.661627786858064254e-02
7.125199658043585016e-02 7.066420720411226153e-02 4.688227735106643979e-02
8.479357934673241448e-02 1.766050346145684458e-01 4.504095362350468701e-02
1.330445936601297729e-01 7.341756841243515797e-02 5.408526977620931042e-02
6.859428315983701063e-02 7.290330479092016480e-02 2.953526603424109706e-02
8.721573071215117656e-02 1.049058452143331044e-01 7.163100276132983169e-02
1.033368115017788413e-01 6.678417705160324958e-02 3.865806202255209212e-02
6.749540427135969356e-02 5.032391374337619877e-02 2.947778563964690429e-02
1.348410581433273914e-01 7.371147447093689964e-01 6.834030316374006819e-02
8.776442135490258867e-02 1.233470252966003267e-01 6.455493514771777630e-02
8.104028612426993072e-02 1.237693842311892861e-01 2.890880717458613539e-02
1.025181407222639646e-01 1.201664373242882222e-01 8.322416624001130470e-02
1.174358752057655386e-01 9.634175971660534354e-02 7.131913251675485454e-02
4.055405956682667928e-02 4.345054536480857238e-02 2.587511077446301780e-02
9.137444278137152320e-02 8.330784550786719811e-02 4.543901632577927036e-02
9.745863698701136280e-02 7.460958582062364453e-02 5.077176625713338692e-02
6.277359740539462107e-02 4.226442329591181823e-02 2.717805672895491978e-02
8.009808567691771575e-02 5.768123404739371185e-02 5.027183331818656925e-02
7.034170689293230139e-02 5.213546668757600144e-02 2.302720631644880958e-02
9.973293912257484573e-02 3.715411278465986789e-02 2.664712533458234861e-02
1.380658200707088890e-01 9.442178070860120231e-02 6.297205202389144496e-02
8.080907630082366511e-02 1.222697326272564056e-01 4.266244527639618395e-02
8.687597946439619412e-02 1.266887352449536652e-01 6.240275622428486518e-02
6.915680531696577482e-02 4.019631592556065919e-02 2.909573937372679150e-02
1.028216062533443692e-01 8.805187691657606619e-02 4.227684167803197335e-02
1.141924814748169481e-01 9.593150059124186391e-02 4.445094018132038360e-02
6.924538543914442179e-02 9.837020093119533404e-02 5.238489120760930762e-02
1.492897162014690249e-01 9.206628295366256487e-02 5.938862451745154786e-02
1.665284586685793766e-01 1.106377930759164935e-01 2.497500567219269052e-01
9.498857197383059336e-02 8.406553505136220295e-02 7.047453732919892189e-02
1.442612833622692603e-01 7.670452460820140206e-02 4.835786888152165952e-02
7.086240833470094924e-02 5.090044140716293297e-02 5.007871276509173741e-02
7.512638313681842261e-02 5.085605763521069272e-02 3.128676801850079764e-02
1.121377019729307978e-01 7.827542625466517301e-02 7.567933345585803329e-02
8.345120363906489980e-02 2.823295633971242141e-02 2.599374839466526629e-02
5.781495325046025202e-02 4.897307299802863140e-02 2.463888389145992008e-02
6.425764749620377358e-02 6.223451211174121922e-02 5.015282485817908198e-02
1.247874638852047163e-01 9.386887855587014440e-02 5.058653770245687825e-02
8.052167682673103122e-02 6.318066033415119243e-02 3.555777112957266700e-02
1.123368159247140202e-01 6.401733489018879286e-02 4.876945123162788887e-02
3.250954689291349342e-02 1.816083958220048034e-02 2.397848649488240613e-02
7.404487870711508324e-02 5.132149158745803741e-02 3.550758204522309197e-02
6.777128396142202693e-02 6.280340389534841417e-02 3.248590719813369138e-02
9.432197471573480763e-02 1.047497104574112853e-01 5.458860273964160487e-02
1.475233826370078438e-01 1.021413655670607851e-01 7.065959087029625996e-02
1.190173061223155915e-01 5.746263422950667610e-02 3.687234251185429745e-02
8.471499410875674152e-02 9.499198191234213551e-02 3.438995228378061153e-02
1.039197069680573016e-01 1.242741816605755917e-01 7.899107200542043739e-02
1.399468666552146079e-01 1.055539029233416998e-01 5.938071668643863515e-02
1.118118244465223649e-01 9.658825363005411890e-02 8.952775222278488987e-02
1.797513888556165895e-01 1.090787943874209076e-01 8.926195531969742525e-02
1.046113317370333667e-01 1.188311581615070778e-01 7.108844693484903110e-02
7.931717933753124061e-02 5.451360508333573385e-02 2.613633604237935656e-02
1.119904497588514874e-01 1.181806989752571119e-01 8.253159015798165743e-02
1.371915638024448769e-01 8.516609495518416562e-02 1.020029989933786685e-01
6.658735584618739878e-02 2.921896405931889013e-02 2.827306027085156256e-02
1.018137125100906648e-01 8.284637930340636724e-02 4.569050724314478035e-02
8.412231443947361387e-02 5.933868145627670121e-02 3.530716319900344125e-02
6.142268490120038338e-02 4.274280827060189525e-02 3.247717768474204375e-02
9.910808916341785901e-02 8.856013065264381479e-02 6.692771356989117570e-02
1.033752327610136107e-01 9.514740163976811993e-02 6.390907855987622288e-02
9.204756742843890616e-02 1.015611400019159616e-01 8.191406901498443638e-02
1.207839697332907108e-01 6.329243996350934764e-02 3.774127465283112770e-02
7.345827618491909683e-02 5.293298906953149141e-02 6.295537027116096529e-02
9.267722930647923074e-02 6.151470161394439334e-02 3.690463122398668361e-02
4.410622489465440554e-02 3.108519574884373304e-02 1.894395521221359235e-02
6.916440976118952422e-02 6.315470154861282936e-02 6.153016410848798773e-02
1.055353264187692680e-01 8.680256106147876682e-02 6.592446736856603928e-02
1.112498714328076510e-01 1.139735944872615203e-01 1.073216805388874928e-01
8.409401707353328370e-02 7.249544938449019316e-02 2.190802604316838820e-01
5.852285490506576454e-02 6.522086065235505048e-02 5.227396456332358832e-02
1.071830770917198278e-01 5.859523925685788254e-02 3.456462407135232895e-02
8.749917269722010116e-02 5.569162768280037923e-02 3.919866946020942461e-02
1.098400899268115322e-01 9.624477956412565149e-02 5.758398924594846507e-02
4.031078237387372698e-02 4.418499017109580457e-02 2.061091647552322145e-02
1.110221818394065696e-01 1.049747910112344140e-01 6.784712347209637118e-02
7.341673195435793886e-02 4.899685366641657464e-02 1.840948147723520112e-02
1.171537500118443181e-01 6.578985719941583821e-02 4.230855148227826573e-02
5.399758280747755240e-02 3.414369235712648443e-02 2.252190060836476923e-02
7.807927558564171922e-02 5.265517208665090182e-02 2.592421463280864327e-02
7.849214426190069538e-02 1.745509351781860397e-01 4.165195730374401245e-02
8.768521934881104429e-02 4.026555488388509907e-02 3.792529174434813855e-02
8.211284936156097725e-02 7.032436043828677041e-02 4.189194979669128016e-02
1.241649497308215389e-01 6.768340889619156586e-02 3.243639202795776250e-02
1.396489240860275260e-01 1.029998993914121724e-01 6.381521218316860145e-02
7.404745621324826388e-02 7.305018500059078101e-02 3.654327050187471115e-02
7.082441002487710469e-02 4.965678960576044160e-02 2.719719382354514325e-02
1.901066453447890214e-01 1.272703374112361119e-01 1.265003399588110478e-01
1.130606839580959866e-01 8.315768265884553034e-02 6.305994167185377530e-02
6.696433101979948344e-02 8.044900253448249161e-02 3.578618868684810272e-02
5.939913733145789354e-02 4.521664407725868584e-02 2.578211070418595305e-02
9.851050439580491536e-02 6.491724929518272180e-02 4.420611784060294452e-02
3.884376205594887443e-02 1.618272273780746451e-02 2.119608306689864038e-02
8.021256930871922819e-02 4.658819382698750622e-02 2.862968979012731063e-02
1.416146777796863099e-01 1.249957928729138606e-01 7.522993558508579703e-02
7.390207235524190454e-02 5.793472441399329098e-02 4.753039634668353858e-02
8.159372281066187838e-02 8.526714261138154671e-02 6.543794933781789391e-02
9.780676136611908544e-02 8.118418064441443316e-02 4.157538027244408324e-02
1.018593676712611640e-01 7.108233472656497187e-02 6.630139566550009855e-02
1.050581594860103413e-01 9.192180933658132547e-02 6.346963507318650888e-02
9.804273902262825025e-02 9.602548479806330417e-02 6.998513124267589924e-02
9.490842985669221965e-02 1.223339329388703628e-01 4.101381389503336306e-02
1.084764343702266653e-01 9.713496383240106946e-02 6.964667338466890012e-02
5.404678813205489318e-02 5.066399262730424818e-02 4.042484504060851053e-02
8.569201841735096803e-02 6.569669067078300062e-02 2.664542489575873543e-02
1.280706707593949889e-01 1.279414856469541228e-01 6.408386517168414287e-02
7.705307061499651333e-02 6.648610055707876443e-02 6.136948835533022339e-02
1.290524348655064935e-01 1.200375951762156640e-01 1.015689044966525678e-01
8.581865262577513531e-02 2.848681729825179934e-02 4.932973252684139109e-02
6.071343560341704165e-02 3.210398906868927593e-02 2.375881906610441408e-02
9.232395036660158427e-02 6.666654361961957265e-02 4.436639287891816497e-02
1.328264482421465387e-01 8.715928423186562746e-02 9.425422096628573165e-02
8.822998953609065276e-02 5.643396075920324717e-02 4.914245018948962956e-02
1.316685956083839537e-01 1.896599113148133564e-01 7.225752243591114510e-02
7.416090545845803461e-02 7.053752441788005423e-02 3.016573229266803977e-02
6.805975861260524229e-02 5.588551417679705341e-02 5.190550681176865633e-02
1.163318008908352519e-01 7.730683205858018825e-02 4.937416504611451262e-02
7.591516379069945808e-02 1.223153554771621437e-01 2.189532457317898417e-02
9.582849444848461073e-02 9.743396329993830873e-02 5.219491256418302277e-02
7.233793216814447813e-02 4.195847016662757056e-02 2.612684154826279762e-02
8.557758845354590527e-02 8.508319467419167559e-02 3.171816380673164737e-02
5.476239603749230578e-02 6.836899197770478220e-02 4.261987248839686770e-02
8.653940287165089174e-02 9.996492657368789836e-02 4.244418807148008649e-02
6.889068200094042305e-02 8.748964966480581029e-02 5.819935647685129526e-02
6.627232340150976397e-02 7.159150165442040858e-02 3.954707734009706155e-02
8.299505880319307805e-02 4.910867027039940436e-02 5.059248763476838218e-02
6.843692862396047460e-02 5.985027006625527612e-02 6.584058831563055492e-02
9.358577082173828721e-02 5.402688566732904291e-02 3.341771948804910658e-02
8.575916644472163231e-02 7.006147092510293939e-02 6.741244747183471053e-02
9.826832210200592277e-02 6.608568476165380123e-02 5.327119091460486011e-02
8.100101140464596727e-02 7.574262009134122287e-02 3.732855275161302278e-02
9.909220640869693952e-02 7.880755743483545961e-02 4.873097477996161941e-02
9.189426687761437229e-02 5.334980946267005308e-02 3.246296129276645542e-02
6.136159146167158990e-02 2.837211640506322879e-02 3.909120149799025917e-02
7.218647989590994130e-02 6.013751412521461948e-02 2.746130382879310300e-02
6.634159799691749515e-02 8.046257340501515587e-02 5.841815638678565792e-02
6.454737405356167357e-02 4.654914305449755346e-02 2.958632686023623601e-02
8.769238322483097203e-02 6.976112646083827695e-02 4.962604643328642762e-02
5.027895127791091878e-02 2.288118412464162921e-02 1.628491391158552737e-02
8.869937536938009293e-02 5.925511998111249179e-02 4.248700284323200099e-02
8.022702109520082892e-02 5.525764538541168280e-02 4.058574793310667367e-02
1.334814043246174975e-01 1.137158075127063794e-01 7.385378972138435805e-02
1.270517654821418652e-01 1.191148707876251434e-01 7.517156400555523310e-02
4.926816421349676511e-02 3.168846552865615951e-02 3.100506977158736313e-02
4.619656574050019088e-02 4.039669025159691590e-02 2.769355984968451326e-02
1.079489963454462603e-01 9.598308611311265337e-02 6.113218333719323827e-02
1.092865398944376787e-01 8.902891609572398390e-02 5.744252492862226417e-02
1.000355824216728473e-01 8.623737596031440245e-02 5.736632322955255436e-02
5.625544918042255788e-02 3.189535156373316666e-02 5.527335155561327595e-02
6.727582586347612137e-02 5.777167357440503997e-02 3.142027303236603203e-02
7.363009221498675871e-02 6.869317065649217791e-02 4.132329566412530630e-02
8.402539255154194142e-02 7.905949709933074443e-02 4.839132017224834909e-02
1.082162868332479100e-01 1.405180258668317639e-01 6.205109308534712681e-02
1.324606305128466222e-01 8.852031890455755447e-02 8.917411425423631133e-02
6.614564713410937824e-02 5.528575812252521648e-02 4.028456900166411947e-02
7.678792421699046078e-02 3.376797400320167425e-02 1.949142253024111621e-02
1.155664049623572470e-01 9.850365249587977878e-02 6.287227206757116382e-02
1.024337026071184820e-01 6.900220226619956099e-02 3.945694010760156245e-02
8.462973711645606356e-02 4.031598750619948962e-02 4.512284140543331573e-02
6.885184054316351165e-02 8.239259065691820205e-02 4.724389139484909406e-02
8.248929497656096177e-02 6.267155358170332924e-02 4.294819208936200006e-02
1.243508670683279721e-01 1.081633698944348410e-01 8.331776965491516362e-02
3.562061109148442067e-02 2.854407691768523492e-02 2.638320824796479974e-02
1.217120324448815599e-01 9.235999265560124183e-02 7.214228948615264425e-02
1.081866785343406911e-01 8.212855822702366804e-02 4.487494090527729962e-02
6.889800034771281778e-02 7.393815881604245965e-02 3.913371546810482521e-02
8.268349420246053072e-02 9.137952971488078058e-02 5.624400452260002597e-02
9.712671533105229904e-02 6.218520992993446794e-02 4.153004517670205731e-02
7.986618636690254180e-02 7.689542694270892764e-02 5.204139108118025631e-02
5.216887327694441634e-02 4.761255320728931956e-02 2.919699603043766911e-02
1.007578094258845536e-01 1.499915808299686848e+00 4.187582448039868510e-02
7.987451988114510626e-02 1.687022025661323865e-01 5.233131267645789453e-02
9.480353830442071750e-02 5.169807761782514721e-02 4.066647005434356754e-02
1.312547376598187376e-01 1.146392663396919587e-01 7.970988950571371301e-02
4.980732810939188931e-02 4.450725400594419262e-02 2.139551335643088623e-02
1.139429067816919300e-01 1.482909398560953440e-01 9.919105505650978316e-02
5.756160290313293987e-02 3.438126589492626617e-02 2.730023544972360466e-02
1.540395016662447214e-01 1.371260312690024685e-01 7.215033356030522982e-02
6.749111299399757069e-02 3.039159600727305011e-02 2.965927093699548267e-02
5.257506174519881170e-02 7.609360820480590148e-02 3.732813082222553869e-02
6.514809885554349866e-02 4.521428442058816888e-02 2.573474589566162110e-02
1.092866081065334977e-01 8.850240082641978867e-02 5.246635879456564705e-02
6.109467514997868332e-02 5.886408086480235391e-02 5.312366049117598493e-02
7.615864880425922412e-02 8.489036033448162100e-02 6.655161605803303071e-02
1.283113054476894555e-01 9.270133255947837769e-02 5.940859467347123918e-02
4.481088794900620759e-02 4.568098990276811544e-02 2.484086644843654795e-02
1.028149836767893455e-01 8.763964989254842408e-02 5.728108971675641842e-02
1.845924093030291702e-01 1.415216876327690942e-01 9.537475617517912618e-02
8.214360566622078141e-02 3.762456655452193349e-02 3.002732862566165339e-02
8.010316322401404843e-02 5.605282068228812503e-02 3.143367891009306997e-02
7.943131684840459839e-02 8.575215168221733686e-02 4.925187916537985405e-02
6.410185570883321360e-02 3.559341613163279072e-02 2.368243031999997528e-02
7.877471392044198273e-02 9.277085264348028382e-02 4.195258949723075503e-02
8.424295012359221679e-02 4.895517079365942215e-02 2.959508787904639032e-02
9.204098818901759738e-02 5.795263049105135733e-02 2.190404956588998947e-02
6.771142714421821140e-02 3.809457633052254488e-02 3.083048770989962536e-02
1.727948439754449228e-01 1.121126678009438660e-01 5.533001399623543870e-02
1.311206752064430769e-01 5.931126145813506167e-02 4.512674118079007535e-02
1.355617003642735352e-01 5.704076893299817042e-02 4.869080890571116094e-02
1.191479514195899342e-01 8.114133916449295381e-02 7.390083872083504091e-02
6.278362616041649469e-02 6.295064152697654736e-02 3.726848360742623240e-02
4.117171513285172030e-02 3.032716058238060439e-02 2.292403758598568486e-02
1.210964339644080151e-01 1.109794059014186235e-01 4.833066082583467593e-02
6.995980475056572112e-02 7.629827643609107812e-02 6.046230129470388237e-02
7.563695523243413321e-02 6.380944927756976304e-02 3.528192363497282408e-02
8.111605161021802346e-02 3.694480115532877001e-02 2.552431701292978000e-02
9.530690369060397515e-02 7.780468799513010070e-02 7.329669623099777098e-02
1.260370850514240249e-01 6.451411034865696392e-02 4.196614479843029794e-02
8.076585915930648008e-02 6.234607857805815612e-02 2.994085936636815132e-02
5.907073354046697700e-02 5.156458401998186003e-02 4.257965035825878736e-02
9.124237451365485585e-02 1.075143474370825469e-01 7.166468136206900763e-02
8.519992135212157980e-02 3.397629500710945549e-02 2.090485324912887480e-02
5.532604652552190749e-02 5.478824403476979799e-02 4.585647438863639513e-02
1.070544717161409226e-01 9.270364226084509829e-02 4.174113924484802729e-02
8.549149253057029829e-02 6.240631509536040400e-02 3.836650195627749893e-02
7.577478962284563135e-02 6.401568651859297632e-02 2.582948799697083048e-02
1.010609108809351203e-01 8.794690455994180756e-02 5.062983513748259973e-02
7.236998899071814262e-02 5.236359290327524674e-02 4.192079903366130456e-02
1.022392491848064799e-01 3.982843021461959093e-02 3.145841529622205729e-02
5.847209832215745362e-02 3.346052788331619482e-02 1.404210293150250956e-02
4.693595056345143540e-02 2.967635269416676186e-02 2.422325639583519652e-02
8.104721130122526096e-02 8.004058404859204501e-02 3.946062692068758038e-02
9.049139682554693809e-02 9.465232650915761381e-02 5.875268301468181131e-02
1.029984721168105966e-01 6.983982768203088332e-02 5.269011133434925442e-02
8.649951012485307400e-02 1.056587528241327428e-01 4.395158878506914141e-02
7.419875528711619705e-02 5.377820224037994923e-02 2.526794961973256523e-02
7.901878258705410940e-02 7.914112511824392127e-02 3.978640667961695632e-02
1.026036907087117672e-01 9.314935281632766295e-02 5.958088138197537020e-02
5.789429321459604177e-02 2.233479424956782977e-02 2.424223917387875391e-02
1.663860204431247547e-01 1.449746185847323454e-01 8.441113076039416518e-02
9.080400100401987695e-02 4.644972956778074813e-02 3.178686391299829356e-02
1.084146528385401126e-01 8.569811867976857844e-02 5.267204337121876578e-02
8.900785866657369427e-02 6.684346664934125160e-02 4.888984691108488184e-02
1.704126957033189893e-01 1.449658281179660724e-01 7.362520181536044706e-02
9.387572333467447683e-02 4.161941775670776472e-02 1.918897749948602488e-02
8.088883292221088483e-02 6.124355948209195266e-02 2.375052423484852460e-02
8.096772502133940674e-02 8.504746296433307595e-02 4.809350985765718095e-02
5.701506613380663557e-02 6.656258833017003607e-02 3.803413587721136968e-02
7.556730071012819627e-02 1.522344335336816290e-01 4.156749706547822193e-02
7.079243465108717159e-02 4.880651969855500510e-02 3.730345193612370075e-02
8.027566726594138891e-02 6.678818133698628812e-02 3.861011050105409709e-02
6.935196612308630604e-02 6.206945975746941402e-01 2.918212820887519307e-02
6.454507268986796331e-02 6.109022589688850591e-02 2.409204605442210462e-02
6.133329444106520173e-02 5.913303745030983744e-02 4.912222825282074046e-02
2.226569127845299811e-01 2.386547141411262674e-01 9.722393603138486384e-02
5.738602749101816280e-02 5.529038543620637403e-02 3.819205150593938530e-02
8.789326119332797893e-02 5.616367717305805612e-02 4.374316208131115435e-02
1.052580256944508769e-01 1.464548465533198063e-01 8.164756845413838338e-02
1.204990554201572639e-01 7.870753246694517369e-02 4.630857320677914113e-02
4.380633238331352319e-02 2.188218337181149428e-02 2.405707207398766201e-02
1.131329353844529872e-01 8.915415373748597494e-02 5.978425759299686726e-02
1.357666891287480360e-01 9.843487509550707948e-02 7.000547558630360045e-02
6.160769314976292932e-02 3.571314733002666636e-02 2.729014587259794011e-02
1.223080186385774870e-01 9.156353405694156455e-02 5.142837814814571473e-02
7.407020965527777445e-02 6.100695010940491991e-02 4.438128316623805858e-02
4.221192253326353644e-02 3.182391841693905932e-02 3.690464027001047476e-02
8.479772055380344065e-02 6.497179562672096564e-02 4.633641652791701399e-02
9.306306328443328391e-02 5.816202318643067665e-02 4.119701434929232825e-02
7.881294676528696752e-02 6.785491825252114306e-02 3.611522531703315053e-02
3.846816678069701206e-02 3.103244788711117391e-02 2.416645838861856271e-02
6.877935486569951296e-02 2.839469510733630755e-02 2.699077307742330997e-02
8.836510792615186183e-02 4.567254550122745033e-02 4.666275920047627257e-02
1.131670162570704713e-01 9.878289726616695798e-02 3.951934162204683021e-02
7.078831758160626653e-02 3.620920080554154707e-02 2.967721569082337404e-02
7.105576958634179929e-02 6.719229713849023122e-02 5.270567001463812018e-02
