3.038224776793817597e-02 1.664345170326164344e-02 1.139455151021309155e-02
3.067582043955342438e-02 8.428861462919063491e-03 1.095201207817282640e-02
3.630858239844874519e-02 1.245189844038721919e-02 1.008303391307449441e-02
2.681825564450148955e-02 1.373600776344981352e-02 1.478226169941782887e-02
3.440941890368302142e-02 2.077090756150784187e-02 1.611590310750115815e-02
1.899037241373403156e-02 1.261826223252556639e-02 7.897533899966354895e-03
3.105297453291587517e-02 7.348166163622842431e-03 1.108129412390300959e-02
2.411460187954143214e-02 1.445115368275956026e-02 1.133179227362089703e-02
2.799383186168621224e-02 1.853621316611942307e-02 2.924698570570246486e-02
2.685726393213781413e-02 1.593210876709543616e-02 1.313343122919595832e-02
3.710192857873421263e-02 2.775038159967108120e-02 1.572570387451071097e-02
2.584791386931710455e-02 1.603065349075026569e-02 1.654987092790831046e-02
4.084712448351642683e-02 2.201913043313476898e-02 1.889050507658009831e-02
2.021495238138384248e-02 1.120143364317548358e-02 1.317352303706969922e-02
3.502604413583303156e-02 8.683688450572817075e-03 6.173718922369133243e-03
2.638596327802962896e-02 1.380242064601283625e-02 1.157994152244149443e-02
3.790891890861239344e-02 1.903290572933532404e-02 1.554597929731035486e-02
2.304150128539683012e-02 9.118083531827275712e-03 4.353773118631592415e-03
2.871145027969741748e-02 1.087618872528145313e-02 9.919099337780351230e-03
2.902737211619214885e-02 1.527279041599838294e-02 1.409486646560982083e-02
2.432459952624451555e-02 1.544628592961841407e-02 1.056086789047204662e-02
3.105165675737547870e-02 1.517050101398028858e-02 8.024647344974019172e-03
4.020315776342723441e-02 2.228626959507737024e-02 1.982122837844338403e-02
3.326837489686809007e-02 2.132152913762659641e-02 1.086145734145057412e-02
5.426557272490352413e-02 3.297820191406934665e-02 2.450593838921793360e-02
3.719617358322912376e-02 2.583598773820483530e-02 1.867538793113626000e-02
2.730563572843094922e-02 1.376283968109223363e-02 1.003189914318139420e-02
3.022094717848367723e-02 1.534403209271760493e-02 2.092673094562431946e-02
3.236608310427117885e-02 1.906138750729358816e-02 1.369740377095044447e-02
2.086650613150813419e-02 1.034790255337981503e-02 1.060607490645379403e-02
2.188027606403577033e-02 1.913340137655764397e-02 2.158762551395128348e-02
3.599294386393233486e-02 2.693145153603406644e-02 1.321286577820463513e-02
2.513561739229138933e-02 1.919243304903547540e-02 1.251357857158789597e-02
2.755641578244630990e-02 1.792164398326335714e-02 1.306656240117834433e-02
4.521582208916068157e-02 2.802034660687391723e-02 2.632203478366281976e-02
2.787127506134330288e-02 1.840068538994948238e-02 1.671805555690853221e-02
2.958511883285849450e-02 1.424897714092328294e-02 1.056851570455594018e-02
3.109760935871435164e-02 1.656933067960596542e-02 2.611712260033114893e-02
4.021043530705566832e-02 1.305061883709777992e-02 9.113763398559985782e-03
2.578307789926191987e-02 1.017246418643143538e-02 7.742835954259641787e-03
2.105026832407395215e-02 1.238137057263946975e-02 1.464473135792235432e-02
3.813440136983616002e-02 1.838218870312847628e-02 1.384978186375754663e-02
3.953707566941176005e-02 2.525820570134602872e-02 2.193893777089385780e-02
3.862505119327014347e-02 2.930767465482515821e-02 1.997561185401429754e-02
1.064214119114789692e-02 4.442471473104361163e-03 3.998081427853849255e-03
2.913626613263978898e-02 9.769520945285645186e-03 1.079154680639462897e-02
2.404252244644117936e-02 1.039643559903218918e-02 8.476017526491221032e-03
3.262631317951323467e-02 2.683476163133030612e-02 1.137620202496292601e-02
4.044545773821171808e-02 2.044918150816497915e-02 1.598202092238640293e-02
5.348093100854608289e-02 3.330282989280215766e-02 2.379948303874596452e-02
3.212451344327186403e-02 1.638711777267511105e-02 1.472086257088012738e-02
2.662062046523401906e-02 1.372889620447444864e-02 1.277842081940078547e-02
2.565338994979647624e-02 1.201679071333122337e-02 1.545272480257247130e-02
4.037183235002925891e-02 1.878565323319889707e-02 9.058403126517698689e-03
3.653688266843035243e-02 2.196019390585694439e-02 1.512112724453512462e-02
2.283246175798137392e-02 1.524910322933263618e-02 2.022690876281595801e-02
3.769285663372100303e-02 1.527219757585325695e-02 2.004412023214596772e-02
2.129637428955799897e-02 6.705420873586161873e-03 7.710654098338915949e-03
2.033948706053866073e-02 6.035018484959107227e-03 4.085657556673642429e-03
3.235588559906241168e-02 1.593021953877519700e-02 1.302253425858871695e-02
3.194217991087638236e-02 1.839712903896476709e-02 1.291870014198993541e-02
2.351894675764031051e-02 2.244452180243830877e-02 2.019339600676284610e-02
2.183320144356932710e-02 8.769522625524569723e-03 8.570380316767305801e-03
2.189595987902191385e-02 2.092544606683102715e-02 6.293564537127744815e-03
2.364830063836944121e-02 1.812377544756331449e-02 1.730715448206900792e-02
2.100847709120493012e-02 9.951782342647185961e-03 6.018773755486107532e-03
4.056720759801990539e-02 2.255729347903137963e-02 1.680789073789780083e-02
2.999497538566988156e-02 7.024435612011806218e-02 9.851621165211914971e-03
3.667915270707415576e-02 1.550356111613280206e-02 1.928407440213878582e-02
2.166541032799629285e-02 1.162356847536273260e-02 1.324985126487931465e-02
2.515134450337249902e-02 1.224185755088410058e-02 7.699409326265951696e-03
2.127409426707638565e-02 1.835971262188758335e-02 1.510046677795680650e-02
1.798340936085148986e-02 9.827800660713070444e-03 7.250017235218080350e-03
2.638641821821550645e-02 1.787372164759704063e-02 1.244125900039555824e-02
2.501508456445848683e-02 7.373926855957509997e-03 7.743660881306897552e-03
2.132460559237187026e-02 1.439336222914967649e-02 9.686343815328506135e-03
3.103361577705955263e-02 1.070295022532798297e-02 1.252223905514058058e-02
3.135068664383174747e-02 1.398051159824949263e-02 7.872805726463785042e-03
3.211475303435697148e-02 2.843394415081711146e-02 2.048640221293061142e-02
3.195622418001905357e-02 9.891732338663607876e-03 9.799179569155932329e-03
1.910521796775545636e-02 5.696462745689178167e-03 5.794963632044254805e-03
1.735337890626957591e-02 1.260231943986471134e-02 1.567301340358410316e-02
3.470158797867942818e-02 1.845245845803231144e-02 2.248228580387493306e-02
1.157983992986666606e-02 7.153693543108903367e-03 4.425635300140084473e-03
4.034731578254430184e-02 1.840260749053422226e-02 1.565602491011514052e-02
3.144095061634114702e-02 1.783409889139773996e-02 2.000033396803314184e-02
3.503771523041827179e-02 2.102104672706190530e-02 2.924616225333263181e-02
3.315576029365795846e-02 1.738490307698058179e-02 1.151590060075649569e-02
2.583083867312577220e-02 1.207617892256911477e-02 9.174900855545833553e-03
1.831840942623613744e-02 4.649018250613091464e-03 4.208140703505541987e-03
3.008778918434803010e-02 1.673482632787576946e-02 1.181903016225709091e-02
3.155312456678639049e-02 1.450349572954723505e-02 8.821717155468377508e-03
2.171655616775676478e-02 8.480979483180311335e-03 1.409390659025152107e-02
3.093537338329110931e-02 1.627871643094909795e-02 1.378173261479558737e-02
2.293579681190047875e-02 1.798621622007537391e-02 7.574053583306186201e-03
3.302410621754989922e-02 1.338253507944698467e-02 1.487826148136356039e-02
3.237111326582878257e-02 1.514727297277936556e-02 1.796814288284269423e-02
2.732610724081516521e-02 8.713022768913288030e-03 1.393423935222092881e-02
2.072986906142001637e-02 3.054051392654406286e-03 7.019223676954711687e-03
2.704345717095136756e-02 1.519607949031647788e-02 1.613536991827481046e-02
3.712970319148171244e-02 1.853761661524025786e-02 1.229336016485189226e-02
5.318238912734377793e-02 4.642685462829054810e-02 2.761983479851486123e-02
4.424712723482302629e-02 2.805816029303507750e-02 2.882955396790137445e-02
4.619675383237641098e-02 2.629789259499072662e-02 3.204927556894290874e-02
2.536626175637184122e-02 1.487818107238196227e-02 1.903781392331857156e-02
4.460010017022189577e-02 3.690264800540454804e-02 2.951050614811769057e-02
3.383848991436527731e-02 1.627018057284333741e-02 1.139738209781844189e-02
2.599978201957150667e-02 1.257698967631091722e-02 1.267696885275131774e-02
2.090435322242654298e-02 9.582395836551491769e-03 1.593382596133589152e-02
3.190958018299078908e-02 2.930001156472075013e-02 1.416680393802114551e-02
2.902608245757001826e-02 2.226925756977310086e-02 2.054950026027420329e-02
3.304254440199681786e-02 1.709011847514619459e-02 1.129966202664950403e-02
2.664156743970965552e-02 1.732932889536707016e-02 9.923565608786516501e-03
2.783162375629094631e-02 1.001234513838131744e-02 8.083722620945256801e-03
1.640388880818241871e-02 1.117277991168679450e-02 5.765679375208181481e-03
2.644751572931741679e-02 1.055704887790651081e-02 1.077192869543556336e-02
3.240720012107548009e-02 1.852613322804225193e-02 1.414838605720036141e-02
2.306511011920758109e-02 7.878805822846043916e-03 5.013804400682611399e-03
1.873433325365554333e-02 7.382043887900252045e-03 7.024364436851880146e-03
3.202307556850399195e-02 1.947108437416345331e-02 2.469627877866958227e-02
1.634564458842891962e-02 6.903559515508415553e-03 1.006691130067191575e-02
3.079191137490472005e-02 1.154695694566453858e-02 1.014313951595693410e-02
3.383194288911908071e-02 2.419017421036842933e-02 1.835071124307712659e-02
2.889150072214090315e-02 1.277890004742912415e-02 1.471775696949682334e-02
3.608445757163165207e-02 1.970631295198602834e-02 1.860193897108404493e-02
2.579197252368559817e-02 2.501745430835611295e-02 1.709304424005107792e-02
3.428219880679279907e-02 1.675628883756308599e-02 1.801492864188155435e-02
1.687280248706836058e-02 7.237332223675792264e-03 8.635405787690684024e-03
3.738324041878557380e-02 1.814452698080020951e-02 1.615135517531888706e-02
3.032091687262314025e-02 3.666001582065178677e-02 2.306670815702362154e-02
2.721669073155152593e-02 1.772111027952467249e-02 2.262017453966831335e-02
2.703848119804789021e-02 1.235606663157033831e-02 1.271749777561019361e-02
2.726785250905682315e-02 2.464072252799114418e-02 1.395812030515870307e-02
1.802000488498834915e-02 1.411768383007343079e-02 5.142145674104909789e-03
2.601962904585690753e-02 1.647482308386963301e-02 1.004007910993616470e-02
4.125250747522226508e-02 1.556122151033168498e-02 1.353350364654531957e-02
2.884046810400588481e-02 2.219670947037069575e-02 2.674238488143661566e-02
2.858574558599960916e-02 7.814147763007399036e-03 7.613318163438273327e-03
3.031298756455382687e-02 1.639365225748841415e-02 1.081234119863145639e-02
2.601294000544381729e-02 1.655589825532913922e-02 2.409306175574770642e-02
2.869054243543078114e-02 1.731541413588837119e-02 1.325159599218213823e-02
3.434705690721732291e-02 3.210035778090482295e-02 1.613326697201916335e-02
3.623689371294526451e-02 1.705438110190225440e-02 2.750799209575819845e-02
2.515642940569998848e-02 2.258090207897382393e-02 1.343050528557102920e-02
3.077709000787025306e-02 1.806241940746387137e-02 7.490777610907033840e-03
2.176757435944953398e-02 1.562961684594552786e-02 1.450590094080319269e-02
2.456074111126475140e-02 1.195137331546037261e-02 1.053388062163744879e-02
2.377216221518770045e-02 1.075159633002652389e-02 8.973705565163048528e-03
2.303260744935332546e-02 1.302846600410784497e-02 9.296317299604950346e-03
3.592270837978907283e-02 2.319980303909102010e-02 1.653761435895000770e-02
3.986047607682050714e-02 1.263283146598108420e-02 1.006357675840149901e-02
2.087680005107994674e-02 9.707132070177825617e-03 1.589686764705686844e-02
2.604884096453987524e-02 2.075465993995930999e-02 1.450822443012888055e-02
2.121662748248344388e-02 1.403327790644981303e-02 1.190344219990356785e-02
3.086287136462782452e-02 2.017796736299121846e-02 1.316478268254689214e-02
2.339909576439246769e-02 8.214609294403551337e-03 1.104791607803043245e-02
3.895602308105960976e-02 2.512001465564733804e-02 1.849075630513183702e-02
2.580030737320606476e-02 1.232196326964938096e-02 1.582475377207176112e-02
2.233644161625374103e-02 1.065117598002240408e-02 1.114682525840052403e-02
1.797870649196280785e-02 9.084471801952240938e-03 1.195153380165098894e-02
2.946326672831136445e-02 1.203573319584144707e-02 1.657758177085986648e-02
5.734213140959572297e-02 4.535398794217968682e-02 2.475971573428624797e-02
3.300803196915586685e-02 1.786356627347601700e-02 1.050278506781389919e-02
2.619376697776083784e-02 8.734624788168329074e-03 8.544834214828338562e-03
2.772511431464497883e-02 1.549800111960802050e-02 2.537541019853912019e-02
2.085714081012914403e-02 1.320754270471847375e-02 5.805947147528411900e-03
2.286562432861872010e-02 4.569469362267813278e-02 1.139123804530564089e-02
2.915026114348992850e-02 1.492745416609509920e-02 1.318651891182106260e-02
3.558724700652075162e-02 1.229250307668845917e-02 9.401610362295854256e-03
2.989325070795102735e-02 1.360253531680699970e-02 1.112241752639089344e-02
2.325890061368034167e-02 1.006268354162941255e-02 1.264792003566103315e-02
2.936125027523049311e-02 1.599095613545095662e-02 2.493436970713769352e-02
1.997523746381499321e-02 1.151139522151453133e-02 8.538645128895995529e-03
2.322548528969413037e-02 9.686240627890210786e-03 9.035284522218642658e-03
2.720618888953606901e-02 1.004449373030540799e-02 1.028230936965748160e-02
3.305052238631625561e-02 2.089677948084468773e-02 2.422740815749850618e-02
1.940313008975714723e-02 8.008766457757171206e-03 1.321366559533865281e-02
2.643027618352997848e-02 1.380206347719102090e-02 1.127816598161779371e-02
3.231024877554623115e-02 1.434878711772647614e-02 2.294071426375873454e-02
2.559407112176122212e-02 1.111538438810337308e-02 1.183341925228587749e-02
3.036705698850791779e-02 1.466810705866537085e-02 1.202444349812892277e-02
4.201903749007900035e-02 2.103146336036999797e-02 1.807348339003262555e-02
2.535371912501807254e-02 2.688153772432015642e-02 1.456821363887705542e-02
3.526517561916946153e-02 1.852359373268303716e-02 1.653356294392308370e-02
3.416852498375699820e-02 2.378470918764893915e-02 1.761960505854669873e-02
2.180216024489483803e-02 5.048692669035780359e-03 1.265986754187809794e-02
4.411443407053737553e-02 1.914459251178105351e-02 1.990975443245067769e-02
2.034796439921682937e-02 1.462373138181159715e-02 1.480091517812339233e-02
2.895981172475506002e-02 1.882308236335590926e-02 2.145164569674373398e-02
2.594771692560418272e-02 1.122635459890855558e-02 1.693513697270503104e-02
4.710120470984410085e-02 2.781087351620836756e-02 2.455964376313401337e-02
4.466700302446859061e-02 1.969078823283734736e-02 1.544325850270551921e-02
2.583713070963894465e-02 2.534430097790286301e-02 1.292129871324815965e-02
2.886742000114927639e-02 1.679491807621073807e-02 9.759058534088127165e-03
2.927474198097313254e-02 1.574033313290355493e-02 1.138318391688079509e-02
3.580699282688721424e-02 2.810395228074074464e-02 1.888055742526977693e-02
3.287475726029099460e-02 1.606528070469961586e-02 1.362530275881800902e-02
2.497219834281692169e-02 1.252598202396357566e-02 1.337277236368972395e-02
2.624416127065488935e-02 8.204465306463262081e-03 1.153650548919838391e-02
3.081783946382439174e-02 1.639691990574482575e-02 1.557155922964408891e-02
2.555701165014053616e-02 6.958594938418208829e-03 7.094926997219094290e-03
5.333652537054460463e-02 2.883768185956894076e-02 3.572696936134132917e-02
2.543401894393884990e-02 1.560344749997293230e-02 7.244281523997695045e-03
2.580812338545340409e-02 1.192390199492300920e-02 1.292970163563972319e-02
1.699771466698577621e-02 1.145068959156256803e-02 9.119722183467512261e-03
3.160743618065166988e-02 7.520538799637965441e-03 9.780410170568082026e-03
2.811337046600398751e-02 9.312729763303856378e-03 1.070890117718746593e-02
3.206458117986752537e-02 1.920064626634881977e-02 1.988569173799164397e-02
1.473110087620502044e-02 7.991081880065246945e-03 9.495058257733998003e-03
2.721884581596030819e-02 9.955998605142284130e-03 7.220574709473509892e-03
2.182827780057603612e-02 1.051541492418860482e-02 1.003041691917802396e-02
2.953994439650561160e-02 1.983768566552530921e-02 1.413109008729947907e-02
2.747735675205152314e-02 1.569362342721793147e-02 2.317833722993064421e-02
3.148097760236519965e-02 1.621869104184195387e-02 1.398548855950467081e-02
2.104121426462836689e-02 1.800051636180780706e-02 1.086693243705258785e-02
3.944541684108899410e-02 2.261099477267619964e-02 1.605330181625522559e-02
3.196211333545817546e-02 1.302778973018027531e-02 1.409165499831673343e-02
2.251670750665430570e-02 4.679311761222996330e-03 6.580928298841940555e-03
3.811039972197603071e-02 2.300885649390723917e-02 2.792823984186236855e-02
3.022148914996396554e-02 2.798169379019790903e-02 1.814786069272645089e-02
3.249377779813988898e-02 2.139533614890755386e-02 1.540948121499839327e-02
2.511447134175705254e-02 1.377077795835353856e-02 1.041744418989065148e-02
4.567366340516974821e-02 2.236043744374409392e-02 2.184541220492033919e-02
2.820653864469642447e-02 1.616593495138943237e-02 8.596966405425086888e-03
2.549140483487043890e-02 8.116558768291457643e-03 3.766686251013863333e-03
2.295668062290839861e-02 1.552701054609615175e-02 1.050218078057682178e-02
2.838529426574987191e-02 2.792936188414030935e-02 1.024529337117400379e-02
2.218576973996421245e-02 1.437073661818479876e-02 2.038085330134558476e-02
3.622862773246932760e-02 2.908629072100320928e-02 2.292172218361370611e-02
2.589629710264630680e-02 1.216592661257354102e-02 1.403948314387761659e-02
4.109547821998399408e-02 2.152044434977191598e-02 3.442246905739743124e-02
3.848530395846812974e-02 1.228450128237144542e-02 1.211563270296089900e-02
3.657982632710760768e-02 2.678931695127274512e-02 2.834483157078273446e-02
3.113597582679726930e-02 8.688317046031377583e-03 1.730019076446093207e-02
2.506655741228057052e-02 1.006972575965721893e-02 9.474551204582853589e-03
2.756358666888854975e-02 1.806391604437456583e-02 1.086744919365861643e-02
2.996367535424478493e-02 1.008050357577341093e-02 7.049110836467385732e-03
3.618301209940856522e-02 2.885687664292218430e-02 2.235411772912806322e-02
2.155759152786487429e-02 1.283873418339480550e-02 2.044422125901389914e-02
1.994467521858979409e-02 1.047727765025996058e-02 1.378733356481659858e-02
2.388253882562220085e-02 9.461483039524792860e-03 1.264381522253638958e-02
2.883548992151859294e-02 1.437995757149746270e-02 1.785137891656339570e-02
2.862965637321983337e-02 8.964789033743267646e-03 6.813461152882263963e-03
2.734870882366080558e-02 1.562885212432444521e-02 2.132003866095058195e-02
2.649057177862019011e-02 1.579870210983975662e-02 1.216703729101954561e-02
3.782700633554493541e-02 7.750833101778813183e-02 1.014749036863487469e-02
2.851264866355516028e-02 1.819725872936027444e-02 1.274091746838433917e-02
3.120338228798519992e-02 1.408173168142626622e-02 1.183223324329848308e-02
2.601563032947207948e-02 1.736653576257273651e-02 1.355506450044118016e-02
3.017261887123742423e-02 8.366834125560145691e-03 7.872237186383334792e-03
2.492490002219394790e-02 1.283943567346288589e-02 1.002733387303728248e-02
3.218527751212489629e-02 1.325655164128915556e-02 1.575169098995560929e-02
1.949392730048062072e-02 8.123020387120677421e-03 1.035080714582124577e-02
3.247667976175666604e-02 2.229609861556561962e-02 1.478107111577098461e-02
2.230679602585780227e-02 5.081061388375713965e-03 8.012784441925302134e-03
4.044509241147978273e-02 2.502458056717693502e-02 2.496373538066842465e-02
3.754273778810291590e-02 1.691364563809317698e-02 2.167059077212971085e-02
1.530267850385077719e-02 6.401925631966638025e-03 1.277598211139806955e-02
2.190016830296001929e-02 9.044797487165214672e-03 8.947230097312042565e-03
2.194557055270863685e-02 9.416438714907649637e-03 1.207730147428003747e-02
2.444968743315743820e-02 1.193385321237794630e-02 9.354219146064920998e-03
3.692771150173779909e-02 1.222839655869023545e-02 1.322600904027983366e-02
2.721196858710186670e-02 1.518059104130244606e-02 1.577705172031639014e-02
3.446827915013955801e-02 1.377606384169256445e-02 1.170387172943603352e-02
2.312700638079834975e-02 3.966704373086012148e-02 6.307248064965634976e-03
3.874691218514159791e-02 2.588353173662642434e-02 1.822402217146891490e-02
2.237835031190059734e-02 9.617034135731608244e-03 1.383706772952305111e-02
3.445517211121160855e-02 1.355911442937380966e-02 9.970253511771663343e-03
3.402797733939307012e-02 1.665200401188700330e-02 1.594644343750086998e-02
3.491815370417395564e-02 1.057219773538854712e-02 9.758648290978706383e-03
3.614186618445237170e-02 1.632327363539254339e-02 1.398486637647740512e-02
3.039739399511321230e-02 8.204036966816251678e-03 1.234021731253328973e-02
4.295718084050744595e-02 1.525156777872536430e-02 1.337027591078074340e-02
2.750463830884481917e-02 8.510873030564801087e-03 9.404731313686083560e-03
2.351458480358551567e-02 1.044884980800032601e-02 1.437251540131571567e-02
3.692209137993903573e-02 1.680950934722897153e-02 1.418539340365057057e-02
1.858032891819060006e-02 8.598916627130279849e-03 1.172046625067506287e-02
2.544214693115186970e-02 1.352182759925226602e-02 9.850466365547167619e-03
3.314361708733293277e-02 1.532349138454401974e-02 1.021967573680290092e-02
1.398033588510707616e-02 1.239916116657669050e-02 7.263781542296600391e-03
5.234566800525527336e-02 1.806612190028305739e-02 1.816131407408818482e-02
3.015023918104279763e-02 4.083785073276376826e-02 1.956742004215723113e-02
2.707625693073896153e-02 1.336608653382960303e-02 1.271395518621304052e-02
2.180858371860385295e-02 6.871179632861572004e-03 8.333974217786080038e-03
2.699305790764903665e-02 1.782053565706879367e-02 2.113454855666620918e-02
1.838631335087004270e-02 9.854009541627323232e-03 7.660497437102985370e-03
2.345178392799291550e-02 1.168677570381598980e-02 1.128178253238344871e-02
2.320003753761731152e-02 1.364691005020737119e-02 1.290408339932141123e-02
4.025881200727605275e-02 1.307743333122174563e-02 1.421104113322495949e-02
3.805025022342139324e-02 1.676237988709548127e-02 1.130969175604063480e-02
1.947631570707254733e-02 7.544394151492260850e-03 6.648228045385630967e-03
3.128862088670886915e-02 1.391291657988350319e-02 8.450133228941390448e-03
3.285156967611221196e-02 1.090226661319832445e-02 9.870741426175271005e-03
2.228151784704235708e-02 1.851300900014191120e-02 1.474630104334654843e-02
2.403468493527616962e-02 1.374316999948198455e-02 1.921345813313360060e-02
2.813816756702931104e-02 2.202780722610235206e-02 1.777756020646881555e-02
4.090768688957285848e-02 2.672452822320246779e-02 1.376320705170398090e-02
3.185494502772667075e-02 1.338345225908900774e-02 1.007942965318558114e-02
2.075248140614480152e-02 9.883270592440268273e-03 7.154383464640121787e-03
2.034235150258090902e-02 1.293342114993244370e-02 7.685214803148242464e-03
3.345535648158341757e-02 2.363595631951246473e-02 1.192805510528847576e-02
3.035912007713311225e-02 1.650329896532586049e-02 1.445650793804767291e-02
2.748008952761061066e-02 1.683564523888523429e-02 1.997482360266880641e-02
2.851690221771409003e-02 1.541907488566019412e-02 1.814532976862746547e-02
3.598744845079950710e-02 3.128085238428785636e-02 1.515576821505149746e-02
2.593419473835505487e-02 1.221427006450403162e-02 1.068121980801593936e-02
2.001798858823536365e-02 1.105243763534630164e-02 7.293262104304996940e-03
1.845609041305007123e-02 1.178215155014446583e-02 5.520442954211185298e-03
2.475641326533133124e-02 9.353624204858291408e-03 8.661522325958138577e-03
2.847100241382421321e-02 9.350645478294110358e-03 7.546846403187157555e-03
2.303065417426718511e-02 1.015810089122504492e-02 7.014097570938114881e-03
2.405446249966348635e-02 9.395533169684694430e-03 1.434469899845115977e-02
2.877979819089293220e-02 1.569338942728894931e-02 9.775212792943166126e-03
1.754330768467461665e-02 1.899925896487538596e-02 8.887035168691208298e-03
2.959964618306134415e-02 1.789154376998886020e-02 1.162509373813871115e-02
2.397747852530884849e-02 1.883112643330823663e-02 9.024473144690920573e-03
3.024120517585788745e-02 1.183172304620573080e-02 8.877702373973811456e-03
1.622743503469034967e-02 7.356207960936445023e-03 1.210611285294327898e-02
2.247864424749202242e-02 1.788621061128508466e-02 1.700425784526355885e-02
2.136246395584707330e-02 9.248505305903268608e-03 6.638531999759321803e-03
2.652074000980632340e-02 8.870741737559303258e-03 8.042064891093792314e-03
1.741541765829717966e-02 1.514992588900565887e-02 1.662185040232919825e-02
1.660610207532976432e-02 9.845674550819090431e-03 9.588414031294562392e-03
3.471801068247757499e-02 2.033068868397298889e-02 2.310634589431675989e-02
3.317974526442907246e-02 1.875021068614491498e-02 1.552165101108988685e-02
2.387641918929005874e-02 7.761989119187185683e-03 7.015910772701760417e-03
2.550749316494079280e-02 2.131474334777518770e-02 1.834755326096208436e-02
3.018053707648241102e-02 1.493329418777152376e-02 1.377080616365282222e-02
4.201723591684414921e-02 4.060069202064842814e-02 3.503920727805030777e-02
4.065221329753633539e-02 1.846101685910830556e-02 1.521325587837131857e-02
2.818510124760375407e-02 2.506531172335216620e-02 1.657763585416151958e-02
3.028771714802101431e-02 1.077794189275303564e-02 8.879013530275915028e-03
2.388563396020362481e-02 7.420726994217573605e-03 1.027522627169778421e-02
3.803558587173132277e-02 2.516058669170642692e-02 1.887724659170561536e-02
2.707811360252449298e-02 2.944101940201935066e-02 1.862608643733936614e-02
4.144505202648923053e-02 1.761454716682409744e-02 1.696387311847057794e-02
3.150405026957375093e-02 1.895357362835136186e-02 1.821994702654812850e-02
2.801134193132945316e-02 1.220350467783816104e-02 1.414563580290610634e-02
3.119339383800870391e-02 8.134647565547162978e-03 7.832827630242206185e-03
2.781384946737329097e-02 2.089087476795812096e-02 1.307888118545720221e-02
4.153391886031408686e-02 3.676214093084608642e-02 3.292195380703777374e-02
3.152648188228199949e-02 1.426603226530587416e-02 1.061997166918862180e-02
2.561928994924063743e-02 1.621376934414242577e-02 1.196884425599256500e-02
3.109914297665494418e-02 7.275168510503350790e-03 9.836012603149391423e-03
1.901020693297939337e-02 6.415642356471773153e-03 4.136529654930051932e-03
3.395176238914139610e-02 2.006139708133814273e-02 1.455251559076170195e-02
2.429379403778684013e-02 7.455055274871902511e-03 7.389239714140831243e-03
1.954141252615780242e-02 1.477277415667442237e-02 1.517166105876182128e-02
1.738773634536407153e-02 1.338385586478209321e-02 2.336201019678936161e-02
2.585888111737053366e-02 1.795036356110207496e-02 1.343642691159992533e-02
1.720438036419950217e-02 7.971210192784308757e-03 1.451636444954966867e-02
2.484644560147571471e-02 2.655288966989684946e-02 1.142075221047776992e-02
2.895554750550711001e-02 1.092110459168885855e-02 1.072344218998578201e-02
3.287072992931980991e-02 1.422598406347721361e-02 1.605738497368277770e-02
4.992478621465614580e-02 2.069518989263416375e-02 2.126607248511993078e-02
3.331718552868976474e-02 2.139350789385578017e-02 1.431160705450961260e-02
2.266882784586989746e-02 1.081018246872644112e-02 1.119297050959895158e-02
2.872780282163099608e-02 1.620493201186105556e-02 1.051402494805255342e-02
2.494910733737111183e-02 1.298707271934176899e-02 1.821614897590618370e-02
4.348229263214333645e-02 3.148198151525657962e-02 2.725147137002857309e-02
2.248237250421379271e-02 6.896462698661410748e-03 7.040360190994585446e-03
3.712689383565762752e-02 1.764153379858424825e-02 1.785483221275421459e-02
2.383375536617924131e-02 1.789923408629990470e-02 1.241074053580840802e-02
4.709991154341862385e-02 2.698525610979324654e-02 2.738603873000243841e-02
2.913287130568922856e-02 1.260770301049248844e-02 1.216779323832681801e-02
3.945960547686207937e-02 1.545736989176967405e-02 1.498163643219839122e-02
3.034488612170718400e-02 1.865434826511970859e-02 2.160166739179810586e-02
2.909167691943491743e-02 2.253653918086547664e-02 1.505299784022960143e-02
2.148316162061769674e-02 1.135307315354627637e-02 1.031976573027387073e-02
3.052995008492653817e-02 1.736213545376640716e-02 9.666622205646492605e-03
2.827113410332882104e-02 1.795614884404075906e-02 1.028612239118960846e-02
2.097247153214032434e-02 5.458146161102990848e-03 5.282588282462433171e-03
2.773791765342596347e-02 2.582407334895901047e-02 2.107284095624830170e-02
4.141140153293711157e-02 1.154732730471965882e-02 1.224660817699390128e-02
3.890588144562212580e-02 1.898616550056156718e-02 1.411600331752723043e-02
2.263533836278104616e-02 6.194144119718950417e-03 7.344901800435192987e-03
3.309312175578382753e-02 1.569462356852490206e-02 1.641970141028315996e-02
2.879057743372120601e-02 2.468126201817278167e-02 9.085465381191024092e-03
4.575565807488169573e-02 1.435366751559032442e-02 1.094709133160593276e-02
2.876909388293765607e-02 3.080494304434211461e-02 1.562436718503282945e-02
2.972248281422492505e-02 1.319345490877285067e-02 1.536716100185142944e-02
2.634487753477085178e-02 1.214642859070949772e-02 1.775221380050051589e-02
3.262405494646022225e-02 2.045366676447826423e-02 1.660075247602576382e-02
2.855083589107812458e-02 1.569328313071938902e-02 1.145482292587732091e-02
3.253288648756767071e-02 1.269156200339634742e-02 1.005345130487643110e-02
2.233736210509440143e-02 1.517236628194310738e-02 9.590022655588711920e-03
3.443299150883586540e-02 1.539389247145906726e-02 1.546393448727005973e-02
4.176665165356901327e-02 2.736305723369039308e-02 1.736203602597766182e-02
3.114971163498704218e-02 1.764768969755552488e-02 1.615566710657985461e-02
2.509756834174321771e-02 1.109492180253455335e-02 8.239204173790839331e-03
2.417295288636861841e-02 1.554417212141425558e-02 1.754264786004733692e-02
3.251799269565376627e-02 2.203754011341325231e-02 1.934859849699714640e-02
4.010253802720843003e-02 3.052923488303121297e-02 2.469186425443432517e-02
3.097517012006465592e-02 1.611691536109898654e-02 1.798804825364144419e-02
1.819375026041284218e-02 1.451686372692444910e-02 1.182465168088442202e-02
2.770523680180178583e-02 1.667626508007478622e-02 1.323255349999075819e-02
2.411074674985375435e-02 5.564532346815054611e-03 6.274526063572111005e-03
2.196876014598489815e-02 1.379289657726742377e-02 1.501100732070023182e-02
2.237071482077705037e-02 1.050119663898062272e-02 1.254798670921537622e-02
1.907216254982886661e-02 1.298681036358328988e-02 1.213611367194026430e-02
5.350971983068616988e-02 2.895025939382648780e-02 1.872566845100449850e-02
2.619658235485720563e-02 1.543611414500980356e-02 1.408259185729753525e-02
3.246228984607695683e-02 2.903955875982365889e-02 1.194013665843653670e-02
2.273952739415865260e-02 1.310566293928229487e-02 2.029887465911648509e-02
2.352186461428879341e-02 1.626877040426426974e-02 7.890891728847762229e-03
1.946589873234677928e-02 8.639413138242641593e-03 8.433306606497100594e-03
3.774256133695456927e-02 2.458397087091265115e-02 1.958610736741783070e-02
4.273606229448174282e-02 2.321395109078824848e-02 2.315838235393359937e-02
2.674652072015901508e-02 1.048751939855252675e-02 1.244088221663927456e-02
2.255301455249497655e-02 1.279960348008168589e-02 9.968722297044180225e-03
2.052143915356565221e-02 6.127708642768701919e-03 3.370942132613028667e-03
3.157358227364299302e-02 5.740204493041259348e-02 1.355588430754777612e-02
5.717047444426939795e-02 4.574985232006409386e-02 3.608822874050229834e-02
3.015703774490731751e-02 2.085600037672432489e-02 1.859386092798916840e-02
2.850025716345228402e-02 1.173631824831206961e-02 1.139209363224286120e-02
2.144983385126419256e-02 1.210128749360144147e-02 5.441365564535228551e-03
2.821469665632048152e-02 1.359391900948335105e-02 9.459655033904423513e-03
2.877791877665095144e-02 1.378474202486989000e-02 1.528841914196273077e-02
1.738530016992829996e-02 8.145396528726804586e-03 1.067610620948572855e-02
3.446052236472178093e-02 1.482687840525645333e-02 1.006565821941495312e-02
2.524602317076432914e-02 1.739923351255951572e-02 2.119604657487818289e-02
3.150619634197274199e-02 1.243248904683973317e-02 1.285873178681837432e-02
3.288440268013483048e-02 1.536037529439522424e-02 2.405947708224418641e-02
2.836911201281930653e-02 1.363250284605017210e-02 1.075342659570578674e-02
1.824475439798109444e-02 1.248951482354026393e-02 6.824953516599590285e-03
3.459172861932154758e-02 1.807905410290715567e-02 2.076272343259937328e-02
2.568136020336484610e-02 9.353056694015029690e-03 8.410854399360520942e-03
4.146744415551614771e-02 3.383180544354055796e-02 2.746034444832668939e-02
3.547336972068098476e-02 2.326971106273193618e-02 1.590356856351094611e-02
2.031219387637256749e-02 1.244043953118840681e-02 9.196077735745681811e-03
3.561177687003362624e-02 1.580498185372650188e-02 1.472563840425896234e-02
2.652669619484614161e-02 1.043032852038398850e-02 1.612703286674274650e-02
2.668493846917539825e-02 1.079960576065623623e-02 1.293407188266078658e-02
2.553810761781491120e-02 1.490511975861186916e-02 1.074596045915514851e-02
2.531510038672667509e-02 1.027055722592664332e-02 7.381842216185633201e-03
2.282169630139921010e-02 1.266824918118432571e-02 9.520519877424412497e-03
4.946920976387644137e-02 2.406965159708156568e-02 1.997522133462328875e-02
3.359868635200280451e-02 3.218910914407468321e-02 1.963670365942715018e-02
1.994949960904501829e-02 8.533228693506811346e-03 8.438256036707149355e-03
4.162577086180972025e-02 2.008734964087769900e-02 2.869076208032314210e-02
3.101677798396210162e-02 1.405266406822204550e-02 1.334648277581315483e-02
2.795590349969192048e-02 9.487989059468057707e-03 7.259110907366556932e-03
1.856111421396086647e-02 9.676432407816522308e-03 1.069235992264879614e-02
2.816586728144280724e-02 1.583369599651057030e-02 1.524276725655124634e-02
3.978534707046463281e-02 2.718193439929342953e-02 1.757163069412066847e-02
4.455134832373117137e-02 2.044526120505755357e-02 1.757546854890921356e-02
3.520321544000114267e-02 1.914320301586721826e-02 1.912728197827106430e-02
2.810246957328765144e-02 9.585773513976015084e-03 7.900991106341055323e-03
2.573528035401426162e-02 1.241234850397337879e-02 1.092431662976820622e-02
2.077652164643590746e-02 1.533744775973056376e-02 7.380428836627984934e-02
3.002733121172329600e-02 2.165263162951830411e-02 8.891135063606088809e-03
3.633928641039725627e-02 2.598437767717788269e-02 2.808295096340947261e-02
1.603015282203643435e-02 7.414616476736028000e-03 3.790956999696750134e-03
1.862317449042819387e-02 8.631483225484494481e-03 1.145758049375395979e-02
2.290055460175596802e-02 1.317935226299113763e-02 8.469629921045326165e-03
2.605818673903792168e-02 1.543879341933915815e-02 9.407444245272391856e-03
2.379017211819981978e-02 7.577027331791831924e-03 7.010092678608376843e-03
2.229339918290867278e-02 7.050890923825428244e-03 1.140965832751806089e-02
2.739728670181527936e-02 2.415824418118543357e-02 1.164620138026912707e-02
2.620716962663553751e-02 1.015620834846124067e-02 8.756870072271150801e-03
1.706826744664071555e-02 6.527165181168666577e-03 1.154869913166270932e-02
2.400785961345594521e-02 1.881687349272140319e-02 1.114091042697416996e-02
2.333737318056595955e-02 1.448675864191112730e-02 1.124564902403855753e-02
2.382233898303395131e-02 1.050476872464355810e-02 5.522007086474592895e-03
3.124434950721073287e-02 1.475411078140401178e-02 1.460280924642098910e-02
3.113149898595684098e-02 2.262465581428969516e-02 1.195089735025420437e-02
1.958341114886282333e-02 1.773971879495794823e-02 2.253485381839821083e-02
3.079363155911437472e-02 1.170774423325878638e-02 1.127460237849643547e-02
4.139324153151548863e-02 2.421175237729300198e-02 2.436394319886026061e-02
2.979068999007352531e-02 1.728366220881549092e-02 1.338469778043541517e-02
3.262465415079301989e-02 1.202617349237451727e-02 8.670339692486319152e-03
3.609393649950895511e-02 2.174156971303300642e-02 1.543369815915309265e-02
4.101653257630430427e-02 2.711172160357157301e-02 2.244570115638267610e-02
2.579180254628364935e-02 1.019471418195134864e-02 9.097898944846390459e-03
3.824298043757858728e-02 1.782848032749391812e-02 1.180177787968952029e-02
4.730337429087928813e-02 2.583347422726376894e-02 2.324735265714992019e-02
4.415884822003601773e-02 2.337747238706462671e-02 1.874592689937830056e-02
2.570249497256173882e-02 1.826551965402071348e-02 1.204471580680029248e-02
2.399307222296569175e-02 9.133470500458170868e-03 5.637292196558444345e-03
2.981591177843804022e-02 1.730717065826629930e-02 2.020617122037573002e-02
2.821429003196493368e-02 7.712223153170165608e-03 2.244120484560014131e-02
4.046419516199249028e-02 1.402343370213344348e-02 1.178665465178370397e-02
2.947831836817601039e-02 1.880484862539124127e-02 1.229459332960657070e-02
4.133355369759966064e-02 2.804743967674865751e-02 1.843046264762896597e-02
3.388950873197091318e-02 1.529651529011506229e-02 1.180028688168500116e-02
2.464225123494014416e-02 1.528868135035430821e-02 2.335337395963345969e-02
4.866616501089265218e-02 3.176031428236712750e-02 1.823360763353007799e-02
1.547735312254019599e-02 8.018946336190740931e-03 1.418485310543593850e-02
3.291999783405120950e-02 1.134469955604691313e-02 1.245185985364667160e-02
2.794309099351157538e-02 1.551298012436489945e-02 1.162930008045647695e-02
2.995732739506834150e-02 2.424290081780139036e-02 1.171843089989403619e-02
2.907397343515642774e-02 8.476143932789028529e-03 1.161069036045229291e-02
2.671729866671605433e-02 1.850910988707085009e-02 1.028298928041218585e-02
3.197667753990582340e-02 2.023895959344807968e-02 1.775780156927455819e-02
3.880298302618954975e-02 1.693344395351662965e-02 1.152841916302461793e-02
2.698428769345000491e-02 1.865452094514166367e-02 1.468148332332623769e-02
1.351811601932933343e-02 9.882105479701124712e-03 1.359992111142318758e-02
2.552770131340787590e-02 1.742554336783302960e-02 2.438162870553855013e-02
3.163490772004153712e-02 1.628829585572453068e-02 1.253340026633464367e-02
2.182126362502081335e-02 1.122653850986710111e-02 1.154932231344524100e-02
