5.031013562761860874e-02 2.849381653177032736e-02 4.633357960663008618e-02
4.224815632180024122e-02 1.876420224728584524e-02 1.299726789317104045e-02
6.110642620837140188e-02 4.070280470163645942e-02 3.281935332115990672e-02
5.771886442297300551e-02 2.545478470736653454e-02 2.145703623952110312e-02
6.204900992977917251e-02 3.115410360402230336e-02 3.532792466819059674e-02
7.754138876337050845e-02 4.513619387973372143e-02 5.192717903470813606e-02
6.512304327736039011e-02 3.020400170941933693e-02 2.631271059639212276e-02
7.025529992193588202e-02 4.804808045170313319e-02 2.969255027831317617e-02
7.257562312950116556e-02 4.072755329571984412e-02 3.452956114979591901e-02
4.168056994965767953e-02 1.417219295577320723e-02 9.258522483272293643e-03
5.565653631314212979e-02 2.647755733403092324e-02 3.533618009619225037e-02
5.406578304836529014e-02 1.719411628511570422e-02 1.746333606012009931e-02
5.322611703915276771e-02 2.159589147947326912e-02 1.489115192943267149e-02
6.763183910652696695e-02 3.539655718907790821e-02 3.236833598871693973e-02
7.427690914999950100e-02 3.901925493746378343e-02 3.490866522095033286e-02
3.815147856062816450e-02 2.233789739236269334e-02 1.580526486147670190e-02
6.463785149825795884e-02 3.350388455000372773e-02 2.792824172273363978e-02
6.743391440691602623e-02 4.234752712228834898e-02 5.252504176965350907e-02
5.875437244147514726e-02 2.276765632554133417e-02 1.634268810457832274e-02
3.108157594058558529e-02 1.280646355411047682e-02 8.760511156253626697e-03
7.321053784766837214e-02 2.607156072617441284e-02 3.047218452909414288e-02
4.837906482244976741e-02 6.049050043312670377e-02 2.543785374032818056e-02
5.088058244248562512e-02 2.264826714883071829e-02 1.529254208267549070e-02
5.487697345832891205e-02 3.230856020932124095e-02 2.417074369248990023e-02
4.923509980518739337e-02 3.008259383600207088e-02 5.870632772870425925e-02
6.312809978904057595e-02 3.757851073788581048e-02 3.704499436294292347e-02
5.967866151897568971e-02 3.148496378854723221e-02 2.729990530178545705e-02
6.138983691959404992e-02 2.399986375713888606e-02 5.316649929640340777e-02
6.739093737691492780e-02 3.046287968745851893e-02 2.699101366536296037e-02
8.715387303845681388e-02 7.165559537982733873e-02 5.708898794765901452e-02
7.527154589855702960e-02 4.615817397674396028e-02 3.409162179563529627e-02
3.957586233797311115e-02 2.946328037215383694e-02 1.759789340575753508e-02
5.720208994716293599e-02 3.344534262731933133e-02 6.357553141691743570e-02
6.345144631789308154e-02 3.293886068063585359e-02 2.708685965673002932e-02
8.228196213510884094e-02 6.347593701002010591e-02 4.256070806723048772e-02
4.465818167380822268e-02 1.751368299163936007e-02 1.163249616169648344e-02
6.540099085130000878e-02 9.967046271827950665e-02 3.490241836495888705e-02
6.237464206214878015e-02 5.984881353183191255e-02 4.145525898760532568e-02
7.049829923009166832e-02 4.766025404191521347e-02 4.220164330955351872e-02
6.082076507171695762e-02 3.316329924223719583e-02 4.315898131481968325e-02
6.487162234554851026e-02 8.825805175825390814e-02 2.441862845022629847e-02
5.635242958655872769e-02 1.197925276512447901e-01 2.497947413272144646e-02
3.672114119950018601e-02 1.349339075947776287e-02 4.159389352927795463e-02
5.205986109406308265e-02 2.694285702730519691e-02 6.112267168719433263e-02
5.717433930964154615e-02 3.157422697597823957e-02 2.043302003724106752e-02
2.664703994390918082e-02 1.153436389183043996e-02 1.050211414530931656e-02
6.861491425491496321e-02 2.904826043697852564e-02 2.699556903401404556e-02
6.195933834367895604e-02 3.662620088732566892e-02 2.537290193414111494e-02
1.087080689431404318e-01 4.492356664781231579e-02 4.213444113775457328e-02
7.245171954361008526e-02 3.945999327740668666e-02 5.393579479350345263e-02
4.937386312437584690e-02 4.732961087990483762e-02 3.452961057144837698e-02
6.313256188483976072e-02 3.974989471525360724e-02 2.743643911643418518e-02
6.303752635097313595e-02 4.824283237762525683e-02 4.381307824535159157e-02
5.519097256884413633e-02 3.224925335934618331e-02 4.502687487191458365e-02
2.109914713610967774e-02 1.679415040477334059e-02 9.499490481601105540e-03
5.195203081613886803e-02 5.059919571519200937e-02 3.539993725605556502e-02
7.800664799626534640e-02 4.392489581600742682e-02 6.140939538303416545e-02
8.427293641450048223e-02 5.908191982072100168e-02 5.271883389647140372e-02
6.426588882669034830e-02 3.327268600957723754e-02 2.347921954298770597e-02
3.236011204144816078e-02 1.552369321850309743e-02 5.948034674158489063e-03
5.714110960127945921e-02 3.764240323514711495e-02 2.306994904151600523e-02
5.336513728608491963e-02 1.941617442307870534e-02 1.709481028154729437e-02
5.408815590973795745e-02 2.126993300918597271e-02 3.368558955242241526e-02
6.624511114919902355e-02 6.113214532110662625e-02 6.397079311811582070e-02
6.735130918964546409e-02 3.403860893907249829e-02 2.052228496681459541e-02
5.338511245855988990e-02 3.196005144965196471e-02 2.403798639683737276e-02
5.794465392018000038e-02 2.579846620498859808e-02 3.248862288564711986e-02
8.832137734444225896e-02 5.225157062725827722e-02 5.369852216740762102e-02
4.970958785327173057e-02 3.131161109452702818e-02 1.820619650655044483e-02
7.455829105805159007e-02 3.141021853331056601e-02 2.742484796046058479e-02
6.598549413424920074e-02 5.609448490136507981e-02 2.410955704017521753e-02
7.997204951122437178e-02 2.251915912890565391e-02 2.254478233620802949e-02
4.459904816579061265e-02 1.930134171713794589e-02 1.574799446231957278e-02
7.189591384078611314e-02 4.633213745261004213e-02 8.614662667396862095e-02
4.169476077564912564e-02 3.048135466444372443e-02 4.379566902757416058e-02
7.074347494128704894e-02 3.206669828469749239e-02 4.462619668316984006e-02
4.437655316870479233e-02 1.219584655770938886e-02 1.069610171032365706e-02
6.365237028837102129e-02 2.828097844876994310e-02 6.122367113124581317e-02
7.646575085290491236e-02 3.470471937494823411e-02 2.775139509706661678e-02
6.225539158582345245e-02 3.185001855199871834e-02 2.528041653231227065e-02
6.656631514932610794e-02 4.140392127615598328e-02 6.710493164687529599e-02
6.050586408269395533e-02 2.514805211996450768e-02 4.251736774563157073e-02
6.418877233026941409e-02 3.228970411874372559e-02 6.936653487192925849e-02
5.281415421391896792e-02 3.710631093469565073e-02 2.875995759678063105e-02
5.416803593275319739e-02 6.064651268192630673e-02 4.303328749900000444e-02
4.431392073513269747e-02 6.866938639071232253e-02 1.937594114212002477e-02
3.835263577493312065e-02 1.637514865334750366e-02 1.442173514807520984e-02
6.780738000877103988e-02 2.653155145614693317e-02 3.095199299853224756e-02
8.255020312673057303e-02 5.269503021580104751e-02 3.856755202078176320e-02
5.620281969773847919e-02 4.666814517253000533e-02 2.898267620075773918e-02
7.713446555781550140e-02 3.348548605365261888e-02 6.807918696755303756e-02
4.133089930839115717e-02 2.728870339617534002e-02 1.289989990782417113e-02
6.223452783748963102e-02 2.634080647292154700e-02 1.981753053229786191e-02
7.505254436606507984e-02 3.093999788679437091e-02 6.692765077427367815e-02
7.182945311460281479e-02 5.978758264902195307e-02 2.436791193882171386e-02
4.015717399953050437e-02 1.987253807565854402e-02 1.215239626982685811e-02
6.095333199752481224e-02 1.967226839485584564e-02 4.627152773960784699e-02
4.131274482216971966e-02 1.474043214310164808e-02 3.556267396453536428e-02
6.822871538256174151e-02 4.121403353271264197e-02 2.869132596348639846e-02
3.729565666131510332e-02 2.435495461615372684e-02 1.503212729800315270e-02
7.698256227060837342e-02 3.020652203532644270e-02 2.956082884368086902e-02
7.367579316899629249e-02 3.032282683710990981e-02 6.052389796666271526e-02
4.705477511187282358e-02 3.942442761981726496e-02 2.744077564533547661e-02
5.523804615573889298e-02 2.307801210194878119e-02 1.370751491711584211e-02
5.075659374588964434e-02 2.744706118609535617e-02 1.792774420124271934e-02
6.190338351353612267e-02 2.594852503931233123e-02 2.090582831304285336e-02
4.495036601500020101e-02 2.166859620796456748e-02 1.847618304537266068e-02
5.983183722727043047e-02 1.684702534412093472e-02 1.488254332474530164e-02
4.815367762777948701e-02 3.329376002265698603e-02 6.302790587806814115e-02
7.332204218488372338e-02 3.689254685548510465e-02 5.173898354416292533e-02
4.643227638094094001e-02 2.279975517350621775e-02 1.816408156373379434e-02
6.638435668828487901e-02 4.501887552910711909e-02 5.999286612337238755e-02
7.438393228851292172e-02 4.566789208782983528e-02 7.210938724452917170e-02
5.552442480699616018e-02 3.478125800329916195e-02 6.309556481550072926e-02
4.313771156921352573e-02 2.885884724129830423e-02 3.891105079244698561e-02
5.541751505509784348e-02 3.890362668937168145e-02 3.664157904889926709e-02
4.341582413659692691e-02 2.274424136024586623e-02 1.646052506406991967e-02
4.776359499035174455e-02 2.639229150218779657e-02 1.095659965163812630e-02
4.507674198245543301e-02 3.265373652513520880e-02 1.577840070854429413e-02
5.972459020970818239e-02 3.302959301253318575e-02 3.317170222342862018e-02
6.444662496361150406e-02 5.216438556714079328e-02 4.014695710793846073e-02
6.617524116001131940e-02 3.860143155177310492e-02 6.153695770343742266e-02
8.433618290715974575e-02 6.696530054137685151e-02 4.018778013493346651e-02
5.363021849755395670e-02 1.614299635481360531e-02 3.549487452800269283e-02
7.765975615339694438e-02 3.860085105922544946e-02 3.468885253584843426e-02
7.254394052551720040e-02 4.755679210346182989e-02 4.218958218534443749e-02
6.236856944751169307e-02 3.189773876100680111e-02 2.330714076066537493e-02
6.463406636407072192e-02 4.640880441569400494e-02 6.311435822888612768e-02
4.727777806034191149e-02 2.351506587632816447e-02 1.686247102717971721e-02
6.327977095293732535e-02 2.453279595269002716e-02 2.044094830567456597e-02
5.223417611174706321e-02 6.236067562167543071e-02 2.158416592531412631e-02
4.917327312432528963e-02 1.905207789814412564e-02 3.965185189238345370e-02
4.105860517718244035e-02 2.023845948297865738e-02 1.825640573671901204e-02
3.778405394777353127e-02 1.159138970669390534e-02 3.445909749627912300e-02
5.200624115341778708e-02 4.093358662141621807e-02 2.438125663212939095e-02
8.400060511781372308e-02 4.830274765172820617e-02 3.889890655167268368e-02
6.649195655286299633e-02 2.063153489101235069e-02 2.519681684303885089e-02
5.213037128998868064e-02 2.194359878629430563e-02 3.665242208827038106e-02
9.331370280545757401e-02 4.500399138931797383e-02 4.473096984088235917e-02
6.044130274161888666e-02 2.746285299623773407e-02 1.893046772392151245e-02
5.588294782210596195e-02 2.745465051410974494e-02 2.065250579854186613e-02
1.298548116990341783e-01 9.433592605209012438e-02 6.909137181917698878e-02
5.633554496363828157e-02 4.451034868025297020e-02 4.905038511449007904e-02
6.358910727803684937e-02 5.139648121853121476e-02 6.296225702264923729e-02
6.176842492034520515e-02 2.757827229648088241e-02 5.379154582977558469e-02
5.008470251814090002e-02 3.703710379230609057e-02 1.700896569599716010e-02
6.049627784716787859e-02 3.487096053680727864e-02 5.856855516555507096e-02
6.375911360194359834e-02 2.897128157541436350e-02 5.792062576572973992e-02
4.780546140070734279e-02 1.919413728100325192e-02 4.884001847050272599e-02
6.032748252074967427e-02 3.849225448877022226e-02 2.531585196746681185e-02
7.596653789807200630e-02 2.489212994157367562e-02 2.742468642904740198e-02
7.025947581435849909e-02 4.422519198066617030e-02 3.109053251486839503e-02
7.197882588150963934e-02 7.908779660059872541e-02 3.543718221300722060e-02
5.692962056422741501e-02 2.395489909483755619e-02 1.686835316350357786e-02
5.454290427773196559e-02 2.935235145646291482e-02 2.703749692572956706e-02
5.825958120750360930e-02 2.415293347028939566e-02 2.556469467062824283e-02
4.652645926963785983e-02 3.164453171162576878e-02 1.616346910300783465e-02
5.719795776381089020e-02 3.771167234304651644e-02 7.595163569443152962e-02
5.160335529195972382e-02 3.064905925431485670e-02 2.071466450128518419e-02
5.804715693673609400e-02 6.419661402736479006e-02 6.463324018871413612e-02
8.809285540755054655e-02 4.498324970086209351e-02 5.629137643170724348e-02
7.007873836866646000e-02 3.841189426124042017e-02 2.690538685339466385e-02
5.678500661807097533e-02 4.063699189684945312e-02 4.901672795055229265e-02
6.764799528369301596e-02 4.704499437982601062e-02 2.519218189914659498e-02
6.042741230675328229e-02 1.239693693530170004e-01 6.361694703928987005e-02
7.964717560692881337e-02 4.627315516765635045e-02 3.241245914516120707e-02
7.761751368275052188e-02 4.694077707750626827e-02 3.639020304571118081e-02
5.405921229760234786e-02 3.414648982378529207e-01 1.880564584774073109e-02
5.650737131202885483e-02 3.842410953233948295e-02 3.557349616473431952e-02
8.015758318396322413e-02 4.033755368675324970e-02 2.733113971669950959e-02
5.886314564135805560e-02 7.728785684608005524e-02 4.550552188014303501e-02
5.154424770178573506e-02 1.925613868169779447e-02 1.368963224108072502e-02
5.722970747518897616e-02 3.281278632875687939e-02 5.122807406510930528e-02
4.937372697179257669e-02 2.212276808693255589e-02 1.871305981551233538e-02
7.830055260141127738e-02 2.409381441027657125e-02 2.192059742700191993e-02
6.446311571437499111e-02 3.356302611848591827e-02 2.759387514542041911e-02
7.378167613102662448e-02 3.812360893762513359e-02 5.763658519952120224e-02
5.540226070911297152e-02 2.700623353662963411e-02 2.134859438021188133e-02
5.698026536755932542e-02 3.195805439081185473e-02 6.230634926937234086e-02
6.845578017392769943e-02 5.525234751833063562e-02 7.107074717894305838e-02
7.116686793592780225e-02 1.382719185892410940e-01 5.801552608613881612e-02
4.458334571788533096e-02 2.255406753836994294e-02 1.558237353377005946e-02
5.256914016494688285e-02 2.868760643322818688e-02 2.250879899774384935e-02
6.057904047416683840e-02 3.509641954119756962e-02 3.555468310515762231e-02
5.308631284845070908e-02 1.015257018511198928e-01 2.632628291153987082e-02
5.016209614500437980e-02 1.015684518211155407e-01 4.430180744078100752e-02
3.024985546404730663e-02 1.141620888570748366e-02 2.216042688700074412e-02
5.841138038662341270e-02 4.446479256925033041e-02 2.619466061616466251e-02
5.707260615267379517e-02 1.637298577565528962e-02 2.296030723460809261e-02
5.742068938182209870e-02 3.208234466843040700e-02 5.693915781411403032e-02
5.916286564088024669e-02 4.014108854022935269e-02 6.276346587129537358e-02
6.565074636808745923e-02 3.712025409012056909e-02 4.287186255702802457e-02
8.249023870188226804e-02 5.156764355597855121e-02 6.917700737971013702e-02
2.825772125099065141e-02 1.373904811685481078e-02 4.593617662647521416e-02
7.153420415445864433e-02 4.462269097500771997e-02 8.304077631496152578e-02
6.569187888610092396e-02 5.829302124449849132e-02 6.724229405891356259e-02
5.697838317253352963e-02 2.429757293284823261e-02 3.148345855213395550e-02
6.084463019394828476e-02 2.635182429512580166e-02 2.070676042767455663e-02
5.105071675125868319e-02 2.118004890557867101e-02 6.305599570343803362e-02
5.389227820795563367e-02 2.931083814179780492e-02 5.028645633139398885e-02
4.383270522012578524e-02 2.096272416283568099e-02 4.554298316874975938e-02
2.738002121332491767e-02 1.836238175729806854e-02 9.808244273114285344e-03
5.142766221117821973e-02 1.572044108180465499e-02 1.149651282380420234e-02
1.142930606766627555e-01 5.710664802617132496e-02 9.069670326446835351e-02
6.433263405127009893e-02 3.275766759545438445e-02 2.770657003241039362e-02
4.333810367575580136e-02 1.399902597822915047e-02 5.659929521282546644e-02
5.865288399794569424e-02 2.518398346033815655e-02 4.627411887392923751e-02
6.151593580471897971e-02 3.029836326520358308e-02 2.187338941686277349e-02
5.233859216819993637e-02 3.305623646302181112e-02 2.286325389951903916e-02
5.040602237553521575e-02 2.748683006002463139e-02 1.876291479018014907e-02
5.144776198768017533e-02 3.406492150057723045e-02 2.299639686350989087e-02
3.908188169827481878e-02 1.243783967454585929e-02 8.451497288331654215e-03
3.553255524371386892e-02 2.371339073020624702e-02 1.782839787143808419e-02
4.964825115086964752e-02 3.162435795449167197e-02 2.323867540426547557e-02
8.242818054912441628e-02 4.012913332818050793e-02 5.737291517427771381e-02
3.385291139653474196e-02 2.801436325357952936e-02 1.230300061365021541e-02
4.973595824368282070e-02 3.545505278437869473e-02 2.164632294427219078e-02
6.758011105789572814e-02 4.046437190232018283e-02 5.218621467257691243e-02
4.873302027711249457e-02 2.383832152410024496e-02 2.170164168381887027e-02
5.556438519965189310e-02 1.492752673793827818e-02 1.394305339774643687e-02
4.317525641303241596e-02 2.006238487850284247e-02 4.237328027824096427e-02
9.415731930406165406e-02 4.361448722624623048e-02 6.701396379610466414e-02
6.673071136714277263e-02 3.719441830106762908e-02 6.587585980922681939e-02
4.643129412710216009e-02 2.525178027173506645e-02 1.839726468672336218e-02
8.705096407330144281e-02 4.577349872180265511e-02 3.022330499692896938e-02
5.621698272868610319e-02 2.429127502864166649e-02 1.845499314247688732e-02
3.320276793258607889e-02 1.365445909145673875e-02 1.179567253621138789e-02
5.876091432346802756e-02 2.859663208869812553e-02 2.126873989806905840e-02
5.330752984922228210e-02 3.277208886986348463e-02 1.487475592422809675e-02
5.439437994288937733e-02 2.700111779771841719e-02 3.958678288997226347e-02
6.313644685106906129e-02 3.188822585361610756e-02 5.396254261577398958e-02
5.712267533316518764e-02 2.685153204651938644e-02 2.695479127920421755e-02
5.040265061270157027e-02 2.569382316112688025e-02 2.040682688193536098e-02
7.979581723989766229e-02 4.839405467858314686e-02 5.759513571995572567e-02
6.126878453638072430e-02 3.401713994794589024e-02 4.699417427602667341e-02
4.338566703341791009e-02 2.347412203866197297e-02 4.405077388281317119e-02
4.140332558394426571e-02 1.702790942759393328e-02 3.952041008308880554e-02
5.475184898859060401e-02 1.379990481055850746e-02 4.490875849792603375e-02
6.076372265521790689e-02 2.888266414274286153e-02 2.523920950712925382e-02
6.631871688079993277e-02 3.249097092286275246e-02 3.625025052967579403e-02
6.965868635598300440e-02 9.570037697459710113e-02 2.668141113041443829e-02
5.967585140235814184e-02 2.677444997142951547e-02 3.366004328826760483e-02
5.398060388009549848e-02 3.935346188208607016e-02 2.209262949367268858e-02
6.712931766444381332e-02 3.798005553539492152e-02 3.482610565716609541e-02
3.942459032994778678e-02 1.714825022159925660e-02 1.356786939537575794e-02
6.591293243911412747e-02 3.221997263957796648e-02 3.106779167139295250e-02
7.261616204344686909e-02 3.518267531449942309e-02 6.159629103722805837e-02
5.871327120430720747e-02 3.014945323092137891e-02 3.994717749699302350e-02
5.239004917524595767e-02 2.222734365683456947e-02 4.763077834368981828e-02
5.231200112096354854e-02 1.826109121968630747e-02 1.640736335498066759e-02
9.718660050548075247e-02 6.678742738217016695e-02 3.564833420442127532e-02
5.516762196756939962e-02 2.338160081594394327e-02 4.142850868659249397e-02
7.925146518183891209e-02 2.835236455805584949e-02 3.482013232226035399e-02
5.125274138767949711e-02 1.557319166385422171e-01 1.850011175825000756e-02
6.941754272031372408e-02 4.761441306908818089e-02 9.927968678119825086e-02
6.282502446472477964e-02 3.421554927401156826e-02 3.158384492575808111e-02
7.786290597315013995e-02 3.816227689935708378e-02 3.203328862407646416e-02
5.379562416371315436e-02 2.005707994379650472e-02 1.454889546798313407e-02
5.939352268324749051e-02 3.412840388835575167e-02 5.316102262626726249e-02
5.608514548260408461e-02 4.137303293580392449e-02 3.121585374877827029e-02
8.028914605254376669e-02 5.354938494616778843e-02 4.131684604823589180e-02
6.221491472197887562e-02 3.849165071087978784e-02 4.514333553345389188e-02
8.338896941861571876e-02 5.811680738926756212e-02 4.462306524497576532e-02
6.483854474097154597e-02 3.862737316336001259e-02 5.561065579721777286e-02
6.754632630781198799e-02 4.892280861249317242e-02 6.815403874643335969e-02
6.262096454239472754e-02 2.585450398493923524e-02 1.788899567732396903e-02
6.367294450410183881e-02 2.680400575189167620e-02 5.106688572277348626e-02
4.694343221028411672e-02 2.662557848936882715e-02 1.940906644974074030e-02
6.755516073836036195e-02 2.468495143686306320e-02 2.091251445281042121e-02
5.692065192723869127e-02 3.530472097783976526e-02 3.651828416895379348e-02
5.002681900358880301e-02 6.600545911236790908e-02 4.297972193871812951e-02
1.084041977972986931e-01 4.664353674441246156e-02 3.464806628870193556e-02
6.725355302771782173e-02 2.534068862274878667e-02 3.938721881954487802e-02
5.461252909197319982e-02 4.865169284058523669e-02 2.127482504696030091e-02
5.600596082008495874e-02 3.360930146326054219e-02 2.508135311790959249e-02
6.900453162249893524e-02 4.707611227803845666e-02 6.059921341422862956e-02
4.540670175203490727e-02 1.410677574874579475e-02 1.327610507071979792e-02
5.116880860661814079e-02 5.655561610081294432e-02 3.424178901208490416e-02
4.335858465013603391e-02 2.195320394181748958e-02 1.894950686848831736e-02
6.049128234798575865e-02 4.930581034497712178e-02 2.281648741762465349e-02
6.026312894086807703e-02 3.905219951368792825e-02 3.038088039429019671e-02
7.071242747651143579e-02 2.888197254995423374e-02 5.924008704299459083e-02
5.735689835024627981e-02 2.930019563525471105e-02 1.110734372735832851e-02
6.521158932749135384e-02 2.132074778741335080e-02 1.939189237245475886e-02
8.797540349653409919e-02 5.833990827616894470e-02 3.608254139671211030e-02
4.286623510572570850e-02 1.788225359710361034e-02 5.568516319783835267e-02
8.080134931322902059e-02 4.214038290842109236e-02 3.496112333597730520e-02
5.316316686965932847e-02 1.737491579818035980e-02 1.570470759058510690e-02
3.912233232440291697e-02 1.840195961331153249e-02 3.524474134673587916e-02
6.926413846839386823e-02 3.446699591868820911e-02 3.048125324248233611e-02
6.272997250879996933e-02 2.614887555746720979e-02 1.925597383408927249e-02
7.470994725412320736e-02 8.880136155991817659e-02 3.377814656487344858e-02
6.288874840027515456e-02 4.781259609586818032e-02 3.401851050030759577e-02
6.851289278130692773e-02 2.821240757289868867e-02 5.361867575096255362e-02
6.608394688801667860e-02 3.795813745780961951e-02 2.798151098957334104e-02
6.239092918420206108e-02 3.082995590283844900e-02 4.486123728537319555e-02
4.050315049240309911e-02 2.288295893507725359e-02 1.736706187463784093e-02
7.184007837815557795e-02 3.104215301288335352e-02 6.948368461856062328e-02
6.224359299389343320e-02 2.949701792084259352e-02 5.520677594976630687e-02
3.405373697877740746e-02 1.468918408096399168e-02 1.276412352702167505e-02
4.705650184870131120e-02 3.126035286415014547e-02 1.321957962991050436e-02
7.359417028219553125e-02 6.116293594370428299e-02 4.057598099557904736e-02
5.768635999351604676e-02 2.396930020380946824e-02 1.793369550191999465e-02
5.606400309058037074e-02 3.130377600215009104e-02 1.838730913591157465e-02
5.611711520900775074e-02 3.590972312351047024e-02 5.986696526306146265e-02
6.316366219163918605e-02 2.237793453287917692e-02 2.398908644473183790e-02
4.961037834404449093e-02 2.178098151556750323e-02 3.193125517895721577e-02
5.242891116266382157e-02 2.376152772513189654e-02 6.095810534292601252e-02
5.413180354656933757e-02 2.594552152978328238e-02 2.158081069484601988e-02
5.091840565770748561e-02 4.037874590953465653e-02 3.238914133965431486e-02
5.068337497391819241e-02 2.006221668507050110e-02 1.697600243270235704e-02
4.421376219358241072e-02 1.786714489955998006e-02 3.257151353069712152e-02
8.319711547616784331e-02 5.489289061641318412e-02 3.421000254788775230e-02
7.713636216268582313e-02 3.549446221444545191e-02 3.311247920458909588e-02
9.127588721327384302e-02 6.304642480484459743e-02 5.453958181879856038e-02
4.432555693410027836e-02 1.561070635447894296e-02 1.430318572252065740e-02
4.221467389078877031e-02 2.549457159227154490e-02 5.151027872689865200e-02
6.438603085894346878e-02 2.668892440160590060e-02 2.297147308952017866e-02
3.537520525001504323e-02 1.980171833354461147e-02 1.789564966995475792e-02
5.195641256792832979e-02 1.684445888497419080e-02 3.281921542352616433e-02
4.736359388643101437e-02 5.208438496295328748e-03 5.887340713936813769e-03
6.503460167341369724e-02 4.675567869092336903e-02 3.859676151323552379e-02
9.199501611579559424e-02 4.631927587445986566e-02 3.613890433776640460e-02
6.457886490840895888e-02 2.230550103795117534e-02 5.304083366569196933e-02
6.565058619862181033e-02 2.259311664212751772e-02 3.631147711226390129e-02
5.436739562668102543e-02 3.041547472026870022e-02 2.222769368501156459e-02
4.815927182560656578e-02 3.320855647144321104e-02 1.848708837145108391e-02
5.761444264713080216e-02 2.315400885481622151e-02 2.087822484151959437e-02
6.616192124066332114e-02 3.131007866890531122e-02 2.765964387523462548e-02
4.439281524257841782e-02 5.734759219046167700e-02 1.683340463035057702e-02
6.136101145261669415e-02 3.370032107493739493e-02 3.254941478682793488e-02
5.854138484141963722e-02 3.091801017706120175e-02 4.933439001622955816e-02
7.156962934523598829e-02 3.780039580972559959e-02 3.296021978119012541e-02
5.524484303735211627e-02 4.281014937494272143e-02 3.251736270510535015e-02
6.537439392526271653e-02 3.095871217751992865e-02 2.670209562717341945e-02
5.457933422460983786e-02 4.016512476414976079e-02 2.710206518912314580e-02
5.828017218456505583e-02 3.239262754422022467e-02 5.517762443402841194e-02
5.879516481056206584e-02 4.190074934784773775e-02 1.808456583342846202e-02
3.923444319339946390e-02 1.692311480971287266e-02 4.286785401558190073e-02
4.686976887680748688e-02 2.779848009036470224e-02 2.054429566786223488e-02
4.820434783910579335e-02 1.879982357419610756e-02 3.541867078910346245e-02
4.280120111573691016e-02 1.667809498668599080e-02 1.396484290578750391e-02
7.874332546994253224e-02 2.983844807936856039e-02 2.908459876096957872e-02
6.292947477189150818e-02 3.550479323809443283e-02 6.098929619234447902e-02
4.579434074678563615e-02 2.275050048893076729e-02 1.632717365474266324e-02
5.558838991660063067e-02 2.219845798832286235e-02 5.536661682677975621e-02
5.386609051217091521e-02 5.287067146313169375e-02 3.259857266325084935e-02
6.555365222307120432e-02 4.092316834540483256e-02 5.545906034505596743e-02
8.225192021848011514e-02 2.177786621032868145e-02 3.103506122397896305e-02
3.813582187406741597e-02 1.600377914518360395e-02 3.899751901586787778e-02
7.648182383474805279e-02 5.395121253808012052e-02 8.462203235415236002e-02
7.040526506978998789e-02 4.426395035598796462e-02 6.357719161803986052e-02
3.944046111665952536e-02 3.491848740465973433e-02 4.240218057883389513e-02
4.791576513318804298e-02 2.709428598873933267e-02 4.527897601276611311e-02
5.040094242417278436e-02 2.964642440598454221e-02 1.898567378156072044e-02
5.524298035168925119e-02 3.150038967757529118e-02 4.662583831619630803e-02
5.546121931402839961e-02 2.276490019896730554e-02 1.352337130640785846e-02
7.422211834377107076e-02 4.281106037395835534e-02 9.006067763365310785e-02
6.384646450379898031e-02 3.716317466856935287e-02 4.636522016274834124e-02
6.663005435700931900e-02 2.260004442722394341e-02 2.191066238378614611e-02
5.948302245802701560e-02 4.104316328373786016e-02 2.714484045243294869e-02
4.438664463785797765e-02 1.324713804994608057e-02 4.010045172690162446e-02
8.983066137369528914e-02 3.898774177434412291e-02 3.767856826691568656e-02
6.321666372554372859e-02 4.882425636532770896e-02 3.162682807203239660e-02
5.426170350297990219e-02 3.631370958693862921e-02 4.489558857362072747e-02
5.489536741488561938e-02 1.829942670182559475e-02 4.215389999107438390e-02
8.041795571862377090e-02 7.182459482731307077e-02 5.451519105766060996e-02
5.119404885583588027e-02 5.361141271381814760e-02 4.513424117964814214e-02
4.913418996646713027e-02 2.378278820309870367e-02 2.010594827072471891e-02
3.812478124647191574e-02 2.100156086513553857e-02 1.384205301006418559e-02
7.134069239322927969e-02 6.784235459794091261e-02 3.401951290012304036e-02
4.908995707083740195e-02 3.675803755161223541e-02 1.693943577657762434e-02
5.927413368587383657e-02 2.863401510854761065e-02 2.273395520421720578e-02
4.826245593334389100e-02 1.779927428343001244e-02 3.809752125971314213e-02
5.879568781741223438e-02 5.381776397519176525e-02 2.413114003545503011e-02
4.394961074680480556e-02 1.528091751917926705e-02 3.427747874046879056e-02
6.197516414593631090e-02 2.751805120922524994e-02 4.669859134740628193e-02
6.509746437028811339e-02 4.103871375736408561e-02 5.603768517045215614e-02
7.373855310412349984e-02 4.925932025568575262e-02 3.390940143833211240e-02
4.328948520532132499e-02 1.633479559614813351e-02 3.989912514069985511e-02
6.474678826946085597e-02 5.570303231135462219e-02 6.672726672865091080e-02
7.957589430772164796e-02 3.891078827237407639e-02 3.246512305993462522e-02
6.001133369015793778e-02 2.759960115581385626e-02 2.615400352470526393e-02
7.126434148230841037e-02 4.122744375952681894e-02 5.782425091891457702e-02
9.175389022578217535e-02 1.371538318942383261e-01 5.190622367706124174e-02
8.190693824360648079e-02 4.678548925917355022e-02 4.839655142014714917e-02
5.925007409362112454e-02 2.663560516163195058e-02 1.957423996205408245e-02
5.581955010679708756e-02 2.452414022331416213e-02 4.182952946471155814e-02
4.478167616589148747e-02 1.653540690059975352e-02 3.708256315095082023e-02
4.217694117760766026e-02 1.854857469133066109e-02 3.518444152332911995e-02
4.853325636626154571e-02 2.159744832396383318e-02 4.965294784081181884e-02
7.109406448709895687e-02 4.101894018040068424e-02 3.282202219473966120e-02
3.867679574572002732e-02 2.504934999784831293e-02 1.310546486313887357e-02
9.061420314427702516e-02 5.622522504115505526e-02 4.870895659132228050e-02
5.199781557622162875e-02 2.000314879925686046e-02 4.270499573953632361e-02
6.763458246609771463e-02 6.558252726145138989e-02 6.723959291961274787e-02
5.637664166029708601e-02 4.104759051015965249e-02 5.271368966804633460e-02
6.421922819378610148e-02 4.296798245951408135e-02 2.980817112187233303e-02
5.077450550854190059e-02 2.438692622493111514e-02 1.643706179036455092e-02
8.420903623026475271e-02 4.288224830885904032e-02 3.006233033058866577e-02
6.991937535375035428e-02 3.673729716220652114e-02 6.732070287732704050e-02
5.019632271740881446e-02 1.909530003162670381e-02 1.889066398634207250e-02
6.549626423123278141e-02 3.518878640770253113e-02 1.938826255737664123e-02
4.715383666774061039e-02 2.440811205319336208e-02 4.490390827257029899e-02
5.705756260458988427e-02 3.003301927689517106e-02 1.751745309508378340e-02
4.412137917848659580e-02 3.007463168244612836e-02 5.478211959970406830e-02
4.029930833982545146e-02 2.331552404381742952e-02 1.762241903796320577e-02
3.672347035508026492e-02 2.281464111226167574e-02 1.986052372508647149e-02
4.285782354052165843e-02 3.806429942951679302e-02 4.235533015132320750e-02
4.785418172038340134e-02 1.764038762254412432e-02 1.188908469207827258e-02
4.647269871296999533e-02 2.429931205712062420e-02 1.661966429139104945e-02
5.660513455495320284e-02 1.986164596369669952e-02 2.049526114658840881e-02
7.879110461178276403e-02 3.667447404889544182e-02 6.376931692053439127e-02
7.278637108957854152e-02 2.833072681289200770e-02 3.173689475553789080e-02
8.152807593714304912e-02 5.871946199346023132e-02 4.871891246731954728e-02
7.852339767458993425e-02 4.193714623109483924e-02 7.088273216467337601e-02
7.933694416632830482e-02 1.066822450724989602e-01 3.135760181862552731e-02
4.057613151033710730e-02 9.725723525136112380e-02 5.946142110966107924e-02
5.761466053829868844e-02 2.497243995637606073e-02 4.412014287852400463e-02
5.480358320272857298e-02 2.647943165819213046e-02 2.515971765765656967e-02
6.128705543152961760e-02 5.308939447169423731e-02 2.873757084994111102e-02
7.592069750210837797e-02 2.142578720384107072e-02 7.075749200615769063e-02
6.704535019633489634e-02 3.135365635620983304e-02 1.835327174806080167e-02
7.501592470439857885e-02 5.356859634977050033e-02 6.728608052581828980e-02
5.104811418267983514e-02 2.299841790014253012e-02 2.012683646989854233e-02
7.944070538071677789e-02 4.558919804312274587e-02 6.330639339623532480e-02
5.313570935059182959e-02 2.192799347382524619e-02 2.256788193108785756e-02
5.556854473689234325e-02 2.553597393898906706e-02 2.291151733651479450e-02
4.387378071688821657e-02 2.530479697552146662e-02 1.559210981828941175e-02
8.084098802457455324e-02 6.998563339405006190e-02 4.656116653311283965e-02
6.226784193474076828e-02 1.928112291816494808e-02 1.815411231897950603e-02
7.640608564518304446e-02 4.635940707210715189e-02 5.863786562525855756e-02
7.270154471017495346e-02 5.449647661772737822e-02 3.763135653281070997e-02
8.726280815409749592e-02 5.045816845610749668e-02 3.953463537907444397e-02
5.615006528662090657e-02 3.324574830213267163e-02 4.996496289761423459e-02
4.273000544150025448e-02 4.067265484142709719e-02 4.335919450270325770e-02
6.609324466271820908e-02 3.098227023379077072e-02 2.299222382269555318e-02
4.120746103523829917e-02 1.347706252804549074e-02 1.336635559887341604e-02
7.788000950756215901e-02 6.243667035349594052e-02 3.071295450741711591e-02
6.938757236616925617e-02 2.902260544777950091e-02 2.902525055674318177e-02
4.018500779375054621e-02 3.203267277547807573e-02 4.254505632607047394e-02
6.045055356304727956e-02 4.651290681453214976e-02 3.156329320248479203e-02
8.632805854106383181e-02 4.232604000780448156e-02 3.313239736511527922e-02
5.970568520375230809e-02 2.663984533100241872e-02 2.537716974704842116e-02
5.135260862193039705e-02 8.827942961799414845e-02 4.623915553501040110e-02
2.837182211043096786e-02 1.438083071383385904e-02 8.389395163191995519e-03
7.388203982079077914e-02 4.055958509573422133e-02 2.135807461866595994e-02
4.092691049656950464e-02 3.624365919875049968e-02 1.809267942993724593e-02
5.315965357086000626e-02 2.254947710884897677e-02 4.192584254374629588e-02
8.270808136645754760e-02 2.565967730263712249e-02 3.678915612329193563e-02
7.526448138715206848e-02 4.375057307706333581e-02 7.031491484969461248e-02
4.240858475010791245e-02 2.435456070016195351e-02 3.151873662906689438e-02
6.198810943641547971e-02 2.761393850531236246e-02 2.546376489290429548e-02
5.721189405200953482e-02 2.943678096372988329e-02 2.386444502570981771e-02
6.487028364772408351e-02 3.499093023769807992e-02 2.581172186224751572e-02
6.076874309004282743e-02 2.045875539791919273e-02 1.206037091391366778e-02
6.261492824130006352e-02 2.851616315322991202e-02 3.490846846100700840e-02
4.380314268922753940e-02 3.161248937353208777e-02 5.500443681777281851e-02
6.828043832161542759e-02 3.242498960218645476e-02 4.413538948365978987e-02
5.166220976895829348e-02 4.009170266807401961e-02 6.793943604934968294e-02
4.583115299104018048e-02 1.696280614268224143e-02 1.381320649347504009e-02
6.668359731409588542e-02 2.834558389063438627e-02 2.305867376009180375e-02
8.218515056321476497e-02 1.946320182588920714e-02 1.799391151904408681e-02
3.968181349968540744e-02 1.969601542923264323e-02 1.163245180229820208e-02
6.519179928572567395e-02 3.531207208184757029e-02 2.852725643062072741e-02
5.134456069285760899e-02 3.302882565132719134e-02 2.606543528136941179e-02
6.443887382793818397e-02 4.454940732917625490e-02 2.238934671025782919e-02
7.770825710133820452e-02 3.727310825214822515e-02 6.297502125359188963e-02
4.290424430676482298e-02 3.125303614934922536e-02 1.440374569309790798e-02
3.945276260910960536e-02 2.021531876382202247e-02 1.357155007876248778e-02
7.154908279666612192e-02 3.167719168465224500e-02 2.685260352418163479e-02
4.458243195912064971e-02 1.647188544204990571e-02 1.542897418404092294e-02
7.414516340972299169e-02 4.227472201016363451e-02 3.811243596859222732e-02
8.716847561933299682e-02 5.170517201880521496e-02 3.042337081714902025e-02
7.158458010516376147e-02 5.314884642123543501e-02 4.749984798783472156e-02
4.628286023812974714e-02 1.585540542853674725e-02 1.289651454620133197e-02
5.313815748864421373e-02 1.892741734797017544e-02 1.291283156677663739e-02
4.134442516071615281e-02 1.843362411123250846e-02 1.115127800983678648e-02
4.998179064686184003e-02 1.532776436972271145e-02 3.874118314304744737e-02
5.023773421138259115e-02 4.400493309928292518e-02 2.352338653259918727e-02
6.463219756340829458e-02 3.705593454044180807e-02 6.127264467161315509e-02
7.137494820198744816e-02 2.642010620176411806e-02 2.368161589446356186e-02
6.285877225712277472e-02 3.050178782639571123e-02 4.241708112872100145e-02
5.487121175061959039e-02 3.070924627349474675e-02 2.041022520268179208e-02
5.385784518555585682e-02 2.874822679694622254e-02 4.140668180458429576e-02
5.393718640099946782e-02 4.590681627228208189e-02 4.546081457088235744e-02
5.972967563533307378e-02 3.392607339022107871e-02 2.736446329587655102e-02
4.520352413740852393e-02 3.015116853235453448e-02 2.922940038803411092e-02
7.495893375356567356e-02 3.962453371056311180e-02 5.961272495142769245e-02
5.412802875264579455e-02 3.267840693014830572e-02 2.504481005736581417e-02
5.452622842019392430e-02 3.216028596871300937e-02 5.233530008610852435e-02
6.355083006085548991e-02 3.788651195399634491e-02 5.624848993775159733e-02
4.095167352874677646e-02 2.817128505014786233e-02 2.341995982811346383e-02
5.099701776992390800e-02 2.249839146711117219e-02 6.247933247593503991e-02
3.907868083799104914e-02 3.283281474120713916e-02 5.589673004135632672e-02
3.291740815583132224e-02 1.602880150450942259e-02 1.106096775042424672e-02
8.687336133107805003e-02 3.225249980336565570e-02 3.028765608954166189e-02
4.394346157303895273e-02 2.624190571807097014e-02 1.825555590081853405e-02
4.421523720712282335e-02 7.215509085586324645e-03 1.287628510208723917e-02
5.038872786373167073e-02 1.156975041561569655e-02 1.461193691118298915e-02
