4.392765738848734142e-02 2.249452585516545020e-02 1.840408590164598068e-02
2.723661834224494482e-02 8.094101718686682462e-03 4.474227969832662855e-03
2.510536947894292936e-02 1.947992174479473357e-02 1.043536083039463963e-02
1.587736814908216262e-02 7.158147813262424539e-03 7.141632911894159330e-03
1.909950192752214726e-02 8.146246381926347535e-03 1.498363919315010874e-02
3.016446859282929244e-02 1.160517110532134286e-02 9.973962732196788722e-03
2.902076627124239999e-02 1.321195519589990139e-02 1.908717129994036421e-02
2.114397084644130398e-02 9.515902981565453611e-03 9.158630115454171466e-03
2.920381571742849611e-02 1.470210062544621485e-02 1.151422457191691832e-02
2.714056043018255732e-02 1.717727415277075717e-02 7.739196344614441420e-03
2.559695797204733850e-02 1.664138423736358230e-02 1.926934898546067351e-02
3.111204119299535234e-02 1.198787361167722408e-02 1.480596311601929324e-02
2.518998737709267008e-02 1.048471700263360271e-02 9.496484693084141643e-03
3.383974590757680978e-02 2.356483882871956287e-02 3.048804512612232620e-02
3.577531821736812390e-02 2.666974241204044666e-02 1.545256363795477310e-02
3.946308752246673740e-02 1.777891401727327986e-02 1.821757484727846987e-02
2.449449219626909091e-02 7.243930929623549134e-03 6.746533866770308176e-03
2.194403440364185026e-02 1.451264320835240866e-02 1.620858114668964622e-02
2.218904625371865766e-02 1.127604716544011385e-02 1.983308601749052963e-02
3.667627505685652073e-02 1.710250704392754506e-02 1.415007840669977451e-02
2.558176511005293488e-02 7.693791700693131293e-03 1.261144717860531936e-02
2.213749730755095596e-02 8.850584659809991248e-03 1.810328152859700182e-02
2.538079469919658770e-02 1.793488780889581496e-02 2.299376497981602332e-02
3.332193794361736766e-02 2.815507126736867261e-02 1.584002860090403392e-02
3.416787119851263238e-02 2.177778788774024921e-02 1.594673100352836034e-02
3.657427950839624298e-02 2.285084546129826505e-02 2.116320901070992827e-02
2.682171919057920254e-02 8.164241696700763953e-03 9.745957797358208510e-03
2.659061047703758368e-02 1.146219819727276393e-02 6.017243901142284301e-03
3.655368429188949470e-02 1.705510143359042705e-02 1.827846004971710875e-02
3.972358237680045229e-02 2.667250764751370046e-02 1.997338679130420194e-02
3.371392304720749467e-02 1.263261983571010647e-02 1.311670161041904835e-02
2.740172552694025362e-02 2.170853245356613517e-02 8.125761785181135829e-03
3.180239850337304025e-02 1.858202754613580074e-02 1.743555388457596056e-02
1.979023410906804656e-02 4.283957702662068850e-03 1.031906986281063560e-02
2.768945245047644069e-02 1.398052896054430630e-02 1.177924058841469356e-02
3.493378003490586053e-02 1.927026258065915945e-02 3.038617281066034043e-02
2.985269041333523179e-02 1.251970560841574737e-02 1.805153590681559880e-02
2.823779495893748853e-02 1.687682318906497461e-02 1.840379457125626561e-02
3.440535213881946996e-02 1.751681859618341511e-02 2.173673209346553906e-02
3.031087039863920515e-02 2.248914427310441666e-02 2.156169118377311220e-02
2.604388483636129945e-02 2.092410740386023080e-02 1.792322421357013876e-02
2.974784088235838883e-02 1.268387752811496981e-02 7.423564840474692131e-03
2.399032923372109230e-02 2.250524560514293587e-02 1.911490536956029357e-02
3.461970895057944059e-02 1.846207361660399254e-02 1.208977518240527543e-02
2.193867069112928614e-02 1.737982186695225667e-02 5.661939328678531821e-03
2.730828455852206404e-02 9.451678133494326520e-03 7.849561079919990456e-03
2.290346974291286239e-02 9.476925838342573072e-03 7.974851699682974568e-03
3.462206557766323717e-02 1.572110280478805633e-02 1.945144776829568767e-02
3.728119538715100878e-02 1.925062785355433764e-02 1.895457509093098278e-02
2.652288204305755168e-02 1.992628937997124178e-02 1.332735119563997241e-02
1.859331380925121485e-02 1.009969173254900848e-02 6.897789839232549430e-03
3.863031954905717796e-02 1.319286347733290843e-02 1.511005245955718453e-02
2.600823459196328208e-02 1.354436724799696831e-02 1.636424587443237669e-02
3.264222970855889389e-02 1.070508676741681146e-02 8.666166329438635546e-03
2.838101602995858619e-02 1.597735334576852462e-02 1.433607703100382366e-02
2.395599122736579573e-02 6.495361589121409485e-03 4.112681080803413415e-03
3.307166397909989952e-02 1.555754593146417217e-02 1.120417047250661484e-02
4.763530572395881929e-02 2.556808129427882298e-02 2.515952695128492733e-02
3.159411782705415228e-02 1.147303882470411887e-02 1.123410937150381636e-02
3.317935433084660130e-02 1.087803885676967564e-02 1.964045028725917852e-02
3.364466903148247839e-02 1.698300752402490468e-02 1.460333523378934927e-02
3.222415795485041035e-02 8.751688822493049885e-03 7.723609362858895044e-03
3.458096178122016529e-02 1.697963284219054445e-02 1.616826004266552069e-02
2.466708734692736604e-02 1.270906098733412190e-02 8.241926322476328740e-03
3.149172037650996986e-02 1.238659850061533257e-02 1.120329173338491247e-02
2.932124178582106236e-02 1.764151813474132760e-02 1.321115915528761967e-02
3.086756350825098708e-02 3.673559712356994078e-02 3.102474218698779776e-02
3.255783000165344415e-02 1.987410333459087297e-02 1.602200794301118086e-02
2.921402685060848006e-02 1.020807027421863876e-02 1.076452294509002913e-02
2.638365711982294110e-02 1.639275703017425978e-02 1.126435653133477967e-02
2.140340143621950741e-02 1.016175715953892417e-02 5.138111884499251512e-03
2.775498749926593248e-02 1.997659706567206719e-02 1.106617859289499121e-02
3.164846087661998125e-02 1.246144452832761464e-02 1.280556543280978420e-02
3.163932884872854012e-02 1.655915647481582403e-02 1.340569174879550039e-02
3.945590155997999449e-02 2.306455349037171004e-02 2.735140906756734075e-02
2.171545286863137483e-02 6.895048017232978041e-03 5.346335862690636612e-03
2.419975738509807378e-02 8.744525495293271194e-03 1.247119935303728049e-02
3.180237429687372830e-02 1.709483732856420871e-02 1.657654751000470911e-02
3.703714723228153372e-02 1.237296874958179402e-02 1.517956477171516008e-02
2.065056724953852688e-02 8.559188625621268892e-03 1.292232834667704673e-02
2.163789400371277094e-02 9.826376309881772533e-03 9.213203462535247620e-03
2.866323859993085907e-02 1.295856627636984143e-02 2.602354292291435625e-02
1.960763478888641678e-02 5.674037681070876610e-03 1.406441174079119116e-02
2.951388665549267709e-02 1.603390615963519797e-02 2.908667694345463961e-02
2.614240768706771120e-02 1.407922982245743068e-02 6.807219244511048331e-03
2.402796477770274830e-02 1.337636840351877354e-02 8.761082811916809723e-03
2.907336225441357197e-02 1.834138655869645834e-02 1.107529491528525326e-02
4.290995240274936284e-02 1.749189693448015975e-02 1.524871529538863665e-02
1.809536203507595628e-02 7.269954571230074006e-03 5.313697413334253147e-03
3.113571890534678338e-02 1.449140546513303859e-02 1.087788419715575959e-02
1.561587816554648941e-02 9.205905922891945495e-03 1.686345785224619906e-02
3.464534242400386238e-02 1.573446552345282926e-02 1.692546369539002157e-02
2.308315270106075720e-02 1.143307655019251169e-02 7.354970977624289419e-03
3.177523140347004310e-02 1.268043595875827448e-02 1.167225579427112053e-02
3.947315685857705897e-02 1.393951866535410658e-02 1.138537225621825445e-02
2.978345618702779585e-02 1.596423385011379315e-02 1.323041964698108176e-02
3.974384593770273477e-02 1.760392789673146524e-02 1.478018586439041812e-02
1.907229662100554807e-02 6.071053277838935752e-03 3.762865236833647532e-03
3.492668191763523972e-02 1.693796124284279933e-02 2.493247132668957242e-02
2.924254173559755199e-02 1.421122066685554831e-02 1.282175113649526924e-02
1.976259505088037716e-02 8.311536967987904687e-03 1.145640590541602798e-02
3.025106886792019306e-02 1.277906869852893541e-02 2.267624294221468745e-02
1.858940559949851662e-02 7.190338599600950599e-03 5.957727665023407337e-03
1.918702076852385127e-02 8.510529433782687905e-03 4.785654830011723711e-03
2.250917267463064392e-02 6.944696540101801159e-03 1.076405878282461585e-02
2.765755505684904317e-02 9.777951043383401042e-03 5.481395430060371880e-03
3.215904321216259132e-02 1.397428680195704660e-02 1.283580820971931546e-02
2.613045126783958630e-02 2.377602700398363800e-02 9.386267231950809475e-03
2.273678589976831435e-02 1.223414472702214970e-02 1.034059442878669521e-02
3.451802599758754114e-02 1.021183734057541821e-02 7.502811460287495474e-03
2.352936571187196416e-02 1.120489065848112586e-02 1.679796969900057557e-02
2.446777321261802904e-02 2.207152045703819968e-02 1.354125044317641170e-02
2.344349348894464793e-02 1.060021862186367146e-02 5.457096980220472321e-03
2.647216301936937063e-02 1.377416816944831285e-02 9.236520758722544661e-03
2.718314685497185551e-02 1.539134267649674460e-02 1.511187536339587793e-02
2.125499198890422672e-02 1.029232409517382221e-02 1.509789591959863342e-02
4.708374322596359240e-02 2.586661144088145403e-02 2.580247184262831478e-02
3.146944855461658586e-02 2.267604139673287666e-02 2.161293952487297609e-02
3.218800196562618399e-02 2.978882464919398870e-02 2.097445530789488616e-02
2.226192221965471799e-02 9.907909680307545874e-03 5.686585563005840810e-03
3.224969649385790033e-02 1.001481689388634966e-02 8.807291115440919055e-03
2.970850560446403402e-02 1.339148314512352174e-02 1.103564860761446949e-02
2.667325557581671017e-02 9.156696617273661631e-03 6.405319889639164883e-03
2.311541849581042612e-02 1.622096628857875450e-02 1.087087820327996279e-02
3.053404923872425278e-02 2.202124267299776852e-02 1.588844546299946620e-02
3.166491243690471719e-02 1.512219074757454804e-02 1.088271292867037596e-02
1.991807401317503140e-02 1.005561251004754263e-02 6.761294432187392803e-03
3.638946351750740882e-02 1.246989281388511533e-02 1.157187411644215562e-02
3.067581838723378723e-02 2.002242225139782769e-02 1.504494182770481706e-02
2.253567300195284673e-02 9.693374135639407085e-03 1.574734668992374548e-02
3.415644463105865780e-02 1.372101603427278507e-02 1.719659697607559337e-02
3.372223623301692785e-02 1.658206718488869358e-02 1.728097429060850357e-02
4.062714113874489608e-02 2.649963900998402594e-02 2.751206009729050342e-02
3.129237275574969085e-02 1.811667916639505757e-02 1.377375135000386171e-02
2.864069900988023068e-02 2.193922186156308310e-02 1.491917379601832502e-02
2.193424958193217200e-02 1.490146556283596276e-02 8.050370312050128194e-03
1.897890924385565309e-02 8.233540780823733057e-03 1.016401717503985502e-02
2.994535574648756610e-02 1.387385824537327311e-02 1.629767322204743810e-02
2.557563575081725840e-02 1.323608878600793758e-02 1.784365272192444535e-02
2.894879694708029846e-02 1.816271225850338289e-02 1.165162972489397659e-02
3.233775624801104448e-02 1.400407752758663429e-02 8.551037984776996975e-03
2.724180107415290208e-02 2.873749095233393835e-02 1.358993220625777723e-02
2.904644572043437595e-02 1.415192250166055245e-02 1.012029304211798514e-02
3.158086189244672243e-02 1.692230809590414622e-02 2.532623006470969412e-02
3.388811614298516822e-02 1.511770782097775212e-02 2.112682510635311567e-02
1.936555043949919966e-02 1.654326270347297734e-02 1.276048661904653422e-02
2.801537676249035019e-02 1.313259271757729468e-02 1.724649567735611622e-02
2.881714309427091045e-02 2.039964075580192812e-02 1.779278867589839316e-02
2.828984672577173828e-02 1.014980296277175759e-02 1.329889862443027655e-02
3.758754531390096770e-02 1.649610678225081617e-02 1.436658776458835454e-02
3.327008952616954812e-02 1.449074486984937987e-02 1.864563557081798384e-02
2.672248999595764132e-02 1.567714013727626934e-02 1.196289099858799734e-02
2.299137251584263547e-02 1.023901348909425288e-02 6.641992896040877122e-03
2.022030392448953204e-02 5.556127224816977649e-03 4.937209699083964023e-03
3.579491307946998380e-02 3.685126862858488506e-02 1.886075585685455941e-02
2.948211784594561083e-02 1.246256251398569770e-02 1.526528216497020571e-02
3.260296391866022298e-02 1.289139863527700471e-02 1.273264545650574370e-02
3.023404987171050134e-02 1.295914656785555202e-02 1.251745475308077386e-02
2.877081510305089587e-02 2.497150712524134550e-02 1.096857716143354727e-02
1.571409827374552898e-02 8.635621496573186659e-03 8.692123219958334049e-03
3.376441600591283121e-02 1.402362550899032695e-02 1.958195896986233975e-02
1.713466981052133228e-02 8.062536375446727882e-03 1.037400198669625496e-02
3.378965198401755882e-02 2.645461031117446807e-02 1.938247684573449550e-02
3.172467242435315221e-02 1.505167539511773241e-02 1.563836173022803422e-02
3.563453678513368861e-02 1.929428199102491137e-02 1.258647143114921887e-02
2.193927595039307440e-02 1.285636749324363219e-02 9.259457093183881202e-03
3.046703899045108757e-02 2.240110065145821394e-02 1.077773616489526021e-02
2.420362578763442241e-02 1.884153350259183679e-02 2.210754132770239785e-02
1.567206195160868176e-02 1.306238304884547140e-02 1.564358138245572696e-02
1.625336504600551069e-02 6.676248860299213023e-03 5.106332234131820587e-03
3.355203923734716154e-02 2.298324913745383724e-02 1.472003919239836187e-02
3.074053209463386421e-02 1.401906427728129290e-02 1.547957866108764548e-02
3.810049995619091412e-02 1.778695127744688367e-02 1.313283948834555528e-02
3.572125475026422664e-02 2.167692195069419181e-02 3.451187817987359102e-02
3.117427949914160570e-02 1.075994682088992835e-02 9.985687670701199475e-03
3.435086269790871283e-02 1.968775530041586355e-02 2.126059120563575724e-02
3.416176046217078710e-02 1.483676698410919988e-02 1.227899365012143432e-02
2.733600231770343114e-02 1.387077813265404427e-02 1.560526364163064734e-02
2.022258142560967933e-02 5.583843927233459944e-03 5.827067357793607252e-03
2.408727398734589534e-02 9.647092997115965657e-03 1.650678742648936659e-02
2.484806022510354859e-02 2.130993967816475348e-02 9.217110019438186017e-03
1.982051320238652908e-02 1.313988100312953565e-02 7.486580106447298516e-03
2.679399181575817593e-02 1.521466575551378569e-02 1.312680114901887234e-02
3.522481148262022327e-02 1.228586129079287104e-02 1.006033204879760654e-02
3.124245139586564329e-02 3.718201718926220090e-02 2.602882253650313019e-02
2.320005171858212714e-02 5.483644651314630025e-03 9.359836750578970355e-03
2.109067562422544881e-02 9.336969598967490708e-03 1.468139367705366405e-02
2.285656809775834034e-02 7.790903506619616115e-03 1.594151462338723457e-02
2.118783246526154129e-02 5.846884940812754200e-03 6.694268655627733274e-03
3.244631042256007625e-02 2.610161331055232958e-02 1.421214580602506508e-02
1.963573143338074450e-02 1.035095625458330032e-02 7.648194273915840183e-03
1.916111583349476913e-02 6.831209684563062899e-03 8.866256048346699351e-03
2.212109265328578850e-02 2.126597167625578558e-02 9.741733020443206839e-03
4.547145804386901191e-02 2.249975296402400432e-02 1.849717775491777419e-02
3.160411983478154246e-02 2.554934609924692374e-02 1.886004531779082380e-02
3.207419516509120438e-02 1.739197561168413092e-02 1.064169713516714168e-02
2.927831847749124902e-02 1.158347748567783303e-02 1.626117200646270619e-02
3.446626839917029533e-02 2.713705903995924582e-02 2.540121908091531530e-02
3.769864914572649411e-02 3.171037577308431776e-02 1.812082929049963279e-02
3.683100144321648645e-02 1.765927824834448087e-02 2.039452109104108318e-02
3.684201813381979274e-02 1.292399632094046701e-02 1.459452326960205236e-02
2.888465613860524694e-02 2.064257625133911894e-02 1.245402099386591285e-02
3.594719129421786868e-02 1.782088309984716790e-02 1.126098365749816227e-02
3.110461638084687647e-02 1.263111543209492413e-02 1.299019898558533524e-02
3.733708737594707006e-02 1.857666069587472074e-02 1.450815291176238420e-02
2.800016730443488991e-02 1.001280884378830983e-02 1.697299195005924632e-02
2.026976979711467286e-02 2.695399575000969120e-02 2.071938724462719580e-02
2.508646239594671673e-02 1.690541831550654295e-02 9.055370799543601551e-03
2.682228031863150702e-02 1.355048122714460138e-02 1.249271339197474857e-02
2.870664180783978961e-02 1.188546319481165008e-02 1.336238411729086598e-02
2.915857646849815896e-02 9.157387955307445468e-03 7.836413717825481753e-03
2.293000009912291373e-02 1.212119058786684071e-02 8.579549812406982515e-03
3.826552748869009590e-02 1.821117072534554279e-02 1.449090773610880664e-02
2.630208803703067144e-02 1.067866887571922337e-02 1.381969152512921122e-02
2.594561843001359086e-02 1.382532864495722956e-02 1.162601526362659274e-02
3.106616929632122562e-02 4.205018440322705851e-03 4.203731387576551196e-03
2.543365182283547493e-02 1.555582869803450244e-02 9.092866018466837230e-03
2.755002432888266004e-02 1.964899969833564658e-02 1.057052496404902245e-02
2.898384059558503298e-02 1.093263597003095791e-02 1.850334367763569257e-02
3.342548318860542877e-02 1.453824946867210074e-02 1.869592164120020480e-02
3.006491662536530177e-02 1.457782138638523926e-02 1.194797236332890457e-02
2.574722813944044231e-02 6.385597401437282522e-03 7.337317555287599206e-03
3.296546882060047423e-02 8.842164745880030929e-03 1.086047991044411347e-02
2.989981207385000034e-02 1.420580401012361098e-02 1.276838611067506943e-02
2.119497925956604148e-02 3.077773777350756475e-03 3.967056915138772975e-03
2.229577706515209132e-02 1.608403017064012272e-02 7.060475046770159011e-03
3.040916851123592890e-02 1.153605551090982825e-02 1.076554886065746348e-02
2.769075609613286248e-02 1.278707446299454792e-02 1.189656295284842111e-02
4.497577320277158092e-02 2.888261724669300562e-02 2.407782500741798004e-02
3.332539540166765124e-02 1.394200174257065675e-02 9.053018510907315936e-03
2.110198664161412954e-02 1.253743755214364354e-02 1.403282075805873871e-02
2.758366132460914055e-02 1.208785004497472601e-02 7.658092865675402046e-03
3.224419846250797805e-02 1.925097523751138559e-02 1.881878461352368137e-02
3.404649786016964580e-02 1.738167777963198213e-02 1.512617114699947932e-02
2.422332199555627535e-02 7.423486094563817687e-03 1.960739699043539258e-02
3.420749731657631021e-02 2.630187418373229613e-02 2.799053156702188336e-02
3.777047734915981586e-02 2.263113782793444231e-02 1.521763793154872271e-02
3.223957948317283939e-02 2.565642207565343308e-02 1.101775312962861332e-02
4.055834640160384946e-02 2.284724924052315004e-02 2.410460394784793084e-02
1.936239921914480883e-02 6.939764309238294869e-03 1.074335397105802455e-02
3.622467691390014038e-02 2.270977067182316025e-02 1.479137390991399313e-02
1.397756646372362750e-02 9.998555614554293855e-03 4.215211076552056318e-03
4.318604952247005746e-02 2.104219042479724133e-02 1.794389693607786884e-02
2.797456215728380546e-02 1.374039680880951436e-02 9.116665140016352170e-03
2.341291727345000406e-02 1.176551725695556931e-02 2.116454701634436567e-02
2.863004109460117602e-02 1.042663579948275958e-02 8.576073893162819775e-03
3.120855441972749528e-02 6.838266795111110075e-02 2.245367554088008311e-02
3.016621060946880067e-02 2.646011956698332210e-02 1.396172621105274021e-02
3.165926583642816178e-02 1.205546790114529754e-02 1.677336275315405995e-02
2.277704683895500487e-02 1.449180532728458828e-02 1.635089285676081042e-02
3.695308898230536404e-02 1.276308905864457707e-02 1.128425160050319960e-02
3.895896167253642961e-02 1.722161085477580400e-02 1.003798390837354337e-02
2.226471139868002949e-02 1.293028393887873072e-02 2.204687307878872710e-02
3.189699610188564960e-02 1.318838064339062852e-02 8.466025534221269938e-03
2.500986995056325018e-02 1.313323205618357678e-02 8.911053987454366915e-03
4.229482068229608455e-02 3.278411257720260930e-02 2.324581693811505340e-02
3.007606424847791837e-02 1.955032852059700871e-02 1.143523687695928090e-02
3.920979700503714194e-02 3.360734893169736726e-02 1.923608173715991854e-02
3.647836405790337577e-02 2.294626354445629055e-02 1.612773259391694219e-02
1.706848454219508926e-02 9.794497632282083560e-03 7.599385166592939264e-03
3.149329399048390182e-02 1.498027969689448395e-02 1.230715997297388009e-02
2.215120486385291007e-02 8.177277987464951978e-03 1.507031495067542512e-02
2.599010538015534069e-02 1.217460610177441283e-02 1.600112042022038689e-02
2.457254318051377978e-02 1.307887427012317284e-02 1.332929612037133012e-02
1.478421098604158421e-02 1.728439134328359564e-02 4.514508367383703730e-03
3.281834544666795139e-02 1.304854259253551869e-02 1.858116630755728485e-02
3.926234057117765353e-02 2.384363825959727456e-02 1.827802111102557261e-02
3.755642041057623282e-02 2.198245453114396064e-02 1.551471794343055668e-02
3.579115522174313585e-02 4.094865734720323780e-02 2.246429071332253086e-02
3.096519010389625973e-02 1.723306571762815015e-02 1.491755702820467266e-02
2.337638160205864415e-02 6.307184009052510879e-03 4.305847747718758237e-03
3.673544642907587698e-02 2.227095455632901316e-02 1.486323381485616171e-02
2.637033981654315212e-02 1.544078509035914579e-02 9.117475613140878232e-03
3.188315605777841677e-02 1.067543320472980409e-02 1.123578066022110078e-02
3.433679600019113459e-02 1.930772712622520412e-02 1.218220203568063861e-02
3.696443260091093752e-02 2.309683008772752538e-02 2.335507351552871397e-02
3.732685978133214177e-02 2.712755429054765355e-02 1.772909342151972670e-02
2.797604052230230620e-02 1.109763058316368817e-02 1.284032756150055472e-02
2.524702215843455111e-02 1.615778448325026415e-02 7.154099717834159003e-03
2.408632565634995920e-02 6.886413010345864873e-03 1.460472406257099301e-02
3.474841216468595867e-02 2.403600896421453220e-02 1.386612735171043227e-02
2.342429171629434315e-02 8.173452933636580695e-03 1.707196654755655657e-02
2.978215799210571363e-02 1.956474210629843488e-02 1.208887988536905961e-02
2.475599972148780428e-02 1.157553311094525889e-02 9.127311220311577072e-03
3.484369675951269618e-02 1.332157890400353928e-02 1.062145105970068240e-02
2.649328381561935966e-02 1.113005503604121843e-02 5.986335310129721997e-03
2.059568764567134072e-02 1.032017074089799924e-02 7.264659463268543019e-03
3.979898821296055239e-02 2.226682907705392761e-02 1.524237149675068161e-02
3.264689402379459399e-02 1.963847193310707187e-02 1.493809625544264760e-02
2.223857935233138766e-02 1.246429827797336520e-02 4.550210049361417576e-03
2.899111604805786058e-02 2.214600331563511965e-02 1.055163102642705034e-02
3.054064196756380370e-02 1.268709451713063464e-02 9.594972579005142665e-03
3.795651120355759273e-02 2.205394142124259688e-02 1.772257117072781676e-02
3.844773212237800192e-02 2.179259302800225923e-02 3.023736445703199133e-02
2.230226302778389250e-02 1.266107495106493300e-02 6.941214321650922281e-03
3.771728643197715114e-02 2.446244246351406137e-02 3.223557516319168481e-02
2.581038236549131060e-02 1.176176516156715070e-02 9.017292379688596204e-03
2.817189369357270962e-02 8.929444350302451899e-03 8.020255827875771848e-03
2.567461439395601897e-02 1.235136826331183733e-02 1.126432341125707670e-02
3.831992171821835963e-02 2.963834497688882380e-02 2.468776633217895089e-02
2.407865638586579107e-02 1.233060098977872138e-02 9.598852980976471660e-03
2.785417985592946594e-02 1.229445622719304611e-02 8.995159959375591957e-03
3.256288994384298752e-02 1.874508450919685348e-02 1.418154139126965099e-02
2.087361402509503930e-02 9.176171248161096167e-03 1.145607270582853568e-02
2.746825938056614291e-02 1.268217058067242116e-02 1.194495259025825373e-02
2.808166243513049790e-02 1.538137108573507487e-02 1.911564236650594578e-02
3.196057372853613326e-02 1.556677390855814788e-02 2.629566568179312128e-02
3.795273751451779670e-02 2.792436061730518143e-02 2.152601208125291127e-02
3.528046978896403479e-02 2.557922993601538519e-02 2.051269628692926200e-02
1.891067589590857828e-02 9.066597998447166115e-03 1.161583245913546530e-02
3.595290248826704671e-02 1.624450815214193572e-02 2.028751018783557167e-02
2.058276208948264449e-02 8.116416026648609963e-03 6.227594374598926022e-03
2.967087239272334434e-02 1.712099844527807668e-02 2.002146015570718113e-02
4.450344103487181846e-02 2.715352181222381589e-02 1.823466691452492114e-02
3.795577652354441278e-02 2.512221925478358431e-02 2.869647767115741585e-02
2.825547062641493162e-02 1.222603941214280704e-02 1.050334429159739333e-02
2.799379533375800228e-02 2.823812394921523805e-02 1.674573272530476345e-02
2.205366194197458732e-02 3.475443482728109851e-02 1.680818371200132333e-02
2.926154663098105846e-02 1.094075755631507274e-02 9.088676086974044679e-03
3.000875620978784436e-02 6.660671350583717391e-03 5.332094450477949978e-03
3.208294027657677266e-02 1.720621418919050793e-02 1.188640293726530781e-02
2.434564844937000747e-02 1.131183505185987329e-02 9.548362623120643100e-03
2.863548932470107861e-02 1.037528388795548942e-02 9.906909102288655178e-03
2.475788479192370453e-02 9.660512341262448427e-03 1.281182314368818111e-02
2.191545135783271731e-02 1.548697149810216583e-02 8.941035248183071271e-03
2.432670086972241533e-02 1.685112740955095265e-02 1.441134014975811034e-02
2.542681545075282240e-02 9.377516932468897906e-03 8.687981396017853061e-03
2.394631400117879297e-02 1.276008002644031178e-02 2.105417258823731597e-02
2.955833582062862216e-02 1.273710395311085895e-02 1.556983231275982024e-02
2.357404584159620425e-02 6.535463090378430470e-03 9.714509749995329374e-03
3.484533166711652197e-02 2.243297526029174732e-02 2.612960113829322986e-02
2.071621782248034283e-02 1.167996285048529016e-02 8.050144721483512220e-03
2.516393544482566427e-02 2.770236830058071462e-02 9.720948222050570728e-03
3.775304252653111786e-02 3.641662812887697803e-02 2.777857922854779990e-02
2.666366818975284339e-02 1.211851909150707396e-02 8.655158969104598254e-03
3.096718351154432308e-02 1.128903838876927322e-02 9.217669948508535119e-03
3.018923873692873003e-02 1.371833903164273311e-02 1.972304613715709573e-02
2.639735553969172269e-02 1.738984906081471327e-02 1.789788784656025714e-02
2.769027520594864733e-02 1.733469553025461865e-02 1.166675465475077236e-02
4.055651017091174704e-02 3.459637374012351080e-02 1.683462858265209403e-02
2.558267015623832963e-02 1.551288700497209516e-02 9.731293814107290496e-03
3.467212389418047186e-02 1.545355375522753857e-02 1.527346584718950774e-02
1.962499661032311715e-02 7.523567723933068108e-03 1.281414582941927012e-02
2.750540394400454586e-02 1.392423594338375488e-02 1.008416823478678823e-02
1.923285407369068958e-02 7.605418400692230338e-03 5.378907153289562947e-03
3.302138732572983820e-02 1.355173383985829386e-02 1.276992655015344452e-02
2.513889011627416445e-02 8.556674606464521188e-03 8.351395708820690683e-03
2.329243367410262569e-02 1.049198960937069471e-02 1.604721981812931228e-02
3.419365492289366121e-02 1.671129336247592634e-02 1.217071351353244540e-02
3.543618675558642128e-02 2.254231413257569427e-02 2.182608434166419600e-02
2.934184038772170294e-02 1.171793451000070763e-02 1.151474450200845948e-02
3.544704233489308354e-02 1.925647743355111963e-02 1.299872051507337985e-02
2.997755908784249801e-02 1.401791483243332477e-02 8.500853335574182212e-03
1.502671643492613576e-02 9.643533247286881216e-03 1.375565957627293383e-02
4.071649889118131999e-02 1.724762129478937117e-02 1.530809372033145078e-02
2.510430080595272423e-02 1.387617867354268633e-02 9.305482893331403979e-03
3.619339722699167067e-02 1.974555197441213092e-02 1.813243421368282773e-02
3.283222069245466529e-02 1.671357196165573419e-02 1.017418126658546293e-02
2.093747116819665369e-02 9.830911473190168809e-03 1.452184375759958505e-02
3.062221306463186812e-02 2.810207954904650474e-02 1.678411064826927299e-02
3.333781475171557901e-02 1.205111907209046977e-02 9.639297654580011518e-03
2.649140574117177238e-02 6.237681783775404082e-03 3.990368146224558717e-03
2.246559726635069879e-02 9.795162788482881036e-03 9.021512982047596649e-03
2.933668223448454224e-02 3.279154255455160594e-02 9.925843544000700555e-03
2.121829928876329402e-02 1.135408848041891128e-02 6.751790989172153611e-03
3.396930916159209696e-02 1.957723267009242596e-02 2.758822196729697473e-02
2.024131060240681387e-02 6.596802320024327052e-03 8.275815691822542564e-03
2.787693129037619941e-02 1.933438512940870851e-02 1.136326733013776763e-02
3.318869274140239661e-02 4.292259606487479340e-02 9.562752056998902878e-03
2.313310689618637214e-02 2.441758690182663921e-02 8.969131450237814024e-03
3.278483007215651085e-02 1.860589454482827060e-02 1.487456589816418470e-02
4.011815306390277558e-02 3.404562196864709817e-02 3.955738163514834621e-02
2.809314504390634029e-02 8.695808200471869323e-03 1.659797928312246873e-02
3.774022930858899477e-02 2.252019694807053107e-02 1.511358226564971270e-02
2.841839887915104113e-02 1.023004238370640341e-02 8.865796327852931008e-03
2.398385800046986399e-02 9.657032555754185149e-03 8.786424843895447589e-03
1.865086272111382906e-02 2.928873779315513057e-02 2.069627685144942442e-02
2.943431379675609874e-02 9.051637452544405993e-03 1.075009783740538821e-02
2.089250933593433598e-02 1.886754156020734735e-02 6.621742302362707694e-03
3.933791483395691901e-02 2.251514553387264431e-02 2.279328576179033908e-02
1.611586152131759195e-02 6.123301710023577524e-03 1.516235288807670292e-02
3.378493065636720832e-02 1.757623012183583133e-02 1.118598345229677472e-02
3.615403647650043684e-02 2.053826958505362149e-02 1.694319775164744579e-02
2.287312218458443375e-02 9.561944118485087366e-03 8.499176959206272350e-03
2.881668878869683703e-02 2.170398631229761635e-02 1.473336374269093932e-02
2.967551930286240619e-02 1.107109024240826751e-02 9.555449105852096767e-03
3.072267155150366566e-02 2.192468864902248279e-02 2.822092730353660539e-02
2.495129984382886412e-02 1.009026901466089643e-02 5.572938329395505166e-03
3.859247324866424411e-02 2.355084797402781996e-02 2.547302958010051743e-02
1.911851815370178148e-02 1.294256992338255197e-02 8.040187574238756227e-03
2.085223055896425620e-02 9.629590103555270633e-03 1.436185287363361991e-02
2.757360015171796824e-02 1.494103972272739847e-02 2.001314882945719534e-02
3.686719523044174746e-02 1.745201156346412943e-02 1.290776878712309415e-02
1.968360499427744201e-02 8.675678460003900458e-03 5.971565777398729451e-03
2.610732441367249329e-02 6.458320527627087020e-03 1.090715633608362392e-02
3.266493345498442530e-02 1.897340082243399034e-02 1.849331268200265360e-02
2.896312155812454450e-02 2.507379579952517812e-02 1.426954459621414609e-02
2.559603459127096636e-02 9.490697554503905661e-03 9.406944716849255719e-03
3.679653219274021947e-02 1.883670764556823890e-02 1.426920044991397858e-02
2.291869255367611977e-02 8.678172197566983229e-03 2.316844359818306248e-02
2.842495605333973663e-02 1.556610999559102614e-02 1.463215918013018729e-02
3.822164278129420306e-02 1.681573053566472187e-02 1.970735614842688416e-02
2.287574673129725428e-02 8.711390279856920035e-03 8.266467384907764948e-03
2.697876862834864414e-02 2.309359931417206621e-02 9.829608839036418563e-03
2.608891868652404855e-02 1.609715222131032422e-02 1.769569607291451505e-02
2.068867046287318004e-02 8.104634836969607653e-03 1.282560139117943851e-02
3.276833525207185904e-02 1.763974366891206402e-02 1.713144682576166894e-02
3.454359539155797687e-02 1.824675072052868441e-02 1.634631815885344286e-02
3.055450239916332120e-02 1.695097776332116571e-02 1.842480171462784408e-02
2.712241884812507595e-02 1.634358815451276287e-02 1.745398636200639481e-02
2.454658909174202083e-02 1.184306374574185805e-02 8.304135158761502891e-03
2.471877018468415094e-02 1.676506174977865360e-02 2.194441064913768905e-02
3.133330634641938450e-02 1.720344339237018724e-02 1.334246891433230400e-02
3.044327735008767188e-02 1.512160237122118188e-02 1.848187837137728329e-02
3.110451022588726910e-02 1.260202224916685994e-02 1.964763571605448664e-02
2.171629195696386100e-02 1.035397545892987464e-02 2.043818294926659160e-02
1.918250062122467750e-02 1.071208577968178755e-02 1.679590667122149439e-02
2.342509094564860020e-02 1.457946352152488662e-02 6.159432927473978969e-03
2.573671373584895256e-02 1.573523105190065274e-02 1.443736173354081415e-02
2.728356964377626551e-02 2.033472015079261508e-02 1.323408234354016798e-02
3.151238536533537693e-02 1.855572987207216445e-02 1.454987686944299828e-02
2.407327707111321310e-02 1.891574157215551027e-02 1.571822371838943466e-02
2.868107018325379010e-02 1.555020743995225163e-02 1.149060292123278183e-02
3.588580834346523363e-02 1.914157116154998131e-02 1.804120459343321048e-02
3.640662102282809370e-02 1.758546509083443871e-02 1.763093988596953904e-02
3.974801764139288679e-02 2.125094069843605146e-02 2.147305848828854474e-02
3.607395070161349693e-02 2.324330630926658633e-02 1.592266274052426406e-02
3.011179384873475737e-02 1.676336108045474796e-02 2.049887293714254891e-02
3.097184340552156315e-02 1.404743296256076059e-02 2.094320287510537115e-02
3.151802475885293747e-02 1.734772227951771051e-02 1.302999005253072107e-02
2.653298939855780122e-02 1.407733543457290182e-02 1.381511951306588215e-02
3.320456001562544640e-02 1.120648693477593362e-02 7.723107925455554093e-03
2.754247774774949697e-02 1.358666507563582870e-02 8.071028994986888944e-03
2.681692067595150067e-02 1.388754599501582435e-02 2.395610973674846059e-02
2.639235110431937745e-02 1.747237068767043197e-02 1.347014170777977894e-02
1.975434904663378455e-02 6.303616680011463538e-03 1.112881905113628604e-02
3.121950670300414551e-02 8.074187534643036471e-03 1.054506744743036184e-02
2.615733212719713666e-02 1.051577629489334337e-02 8.526049972996331897e-03
3.666504870184236764e-02 1.543430292261172010e-02 1.842378930065171130e-02
4.117662671629643278e-02 2.093261817221406945e-02 2.239246003403942351e-02
1.827807177278089820e-02 1.608275468589367638e-02 8.291766977911299574e-03
2.869400075337763881e-02 2.475255972756769396e-02 2.249400974719097113e-02
2.152340252413844149e-02 2.022391946634356785e-02 1.534040596429925990e-02
3.144030759215076659e-02 1.161824377315723300e-02 1.395532966066869406e-02
2.091496284885394769e-02 5.931321051395934199e-03 1.330674194355147694e-02
3.481715937899904079e-02 2.038513992407444547e-02 1.791100617271122394e-02
1.328613343514350661e-02 8.774224752086541221e-03 5.790095595372109563e-03
4.116425131576207513e-02 2.147702145694904696e-02 1.146884838790427318e-02
2.888903476040014309e-02 4.240580323929779571e-03 6.151429757565298612e-03
2.637147863417207624e-02 1.037605095127476680e-02 9.811270402618066030e-03
3.823564539172741999e-02 1.893238339171529616e-02 1.183829323230103231e-02
4.281460725033035125e-02 1.830115571428514443e-02 1.374397872263572601e-02
3.164392792635022100e-02 3.132286492579182402e-02 1.193952768269087444e-02
2.562924982222603357e-02 1.098639919070204529e-02 1.267467017140239301e-02
2.510892424456947353e-02 1.240147537812799454e-02 1.567028205339710337e-02
2.609460908267701579e-02 1.057340411996869969e-02 8.161086098470030428e-03
2.770445925811753154e-02 1.575289000656778307e-02 2.640022744485875927e-02
2.076831404612380916e-02 1.796964858735699069e-02 1.575543474234218991e-02
2.828576113456059485e-02 1.384516871517952122e-02 1.570822113546678153e-02
3.163968935631959745e-02 3.558508874834348523e-02 1.414192032764772892e-02
3.906261826536953918e-02 6.661200361123569003e-02 1.875940395284397821e-02
3.051012585858694018e-02 1.786460734415433460e-02 9.851967159559967338e-03
3.530252041961612353e-02 2.480336757951722912e-02 1.829567220236235150e-02
2.661950270160712284e-02 1.451170559223845247e-02 2.178317986824969410e-02
4.960564162009038769e-02 2.466532081500649037e-02 3.746459310029768425e-02
2.425532879662178204e-02 1.228535776090605713e-02 7.086000365824171587e-03
3.476511384085155532e-02 1.376539921286016460e-02 1.475527333591923965e-02
3.685565472417960675e-02 1.763012616642173000e-02 1.232169988799209324e-02
3.313458711536575868e-02 1.644436988080385381e-02 1.076834668863403850e-02
3.274147161185592819e-02 1.686874340842163533e-02 3.865981663485849873e-02
2.695762494327542252e-02 1.646908008913750693e-02 1.207417816925542876e-02
1.960552189574341075e-02 5.044356931084968514e-03 5.330953849800638966e-03
3.362267212030126823e-02 2.497616399100438186e-02 2.709024005028523238e-02
2.591577615328510831e-02 1.549918142605229837e-02 7.737074811044416557e-03
3.180921046646447564e-02 1.051041348118597965e-02 9.968927147012482740e-03
3.941803242418515096e-02 1.600182109077117470e-02 1.298703647665121197e-02
4.025100852588556904e-02 2.491616503941803534e-02 2.359343732632178392e-02
2.712893045713557147e-02 5.759968290633280322e-03 9.539442796459029345e-03
1.959742511449774627e-02 1.326645853996127541e-02 8.299756805916996480e-03
2.278425247323150396e-02 7.315951858240062576e-03 5.762268784184941019e-03
3.910127868684241254e-02 2.348777517934292833e-02 2.611552189916839864e-02
3.558057315711835727e-02 1.845888930742443576e-02 1.138942955698224457e-02
4.012767849115501245e-02 1.920816345919484566e-02 2.146732243120631073e-02
2.251258986773986906e-02 1.731390544109851631e-02 9.853728334164674196e-03
2.835801204251135049e-02 1.163329973269402670e-02 1.043935003977290721e-02
2.381811658277310437e-02 8.381416767195615236e-03 1.298474102884546004e-02
2.109686853666188980e-02 1.527599743187228395e-02 1.182648673565417710e-02
1.738863210893427241e-02 7.594093552020387411e-03 4.663918355119309363e-03
2.468963361277294599e-02 1.545634558385484622e-02 8.437373405378100627e-03
2.841114073179953209e-02 9.518239055054028563e-03 6.988454018482142746e-03
3.018990902721371480e-02 1.603158406116939744e-02 1.639599514659490637e-02
1.556075127137614492e-02 6.388016796005622361e-03 4.719612953753799661e-03
3.653087235180824816e-02 2.510550842086051865e-02 1.575247994130856213e-02
2.862565379150691647e-02 1.237223344847703833e-02 7.866360224194769712e-03
2.051253291456003533e-02 1.129912684245677756e-02 5.635971211844285206e-03
3.099501517376400048e-02 2.399546471460068525e-02 1.791094022930918295e-02
2.627918454520202993e-02 1.486042467562176221e-02 1.005066725681947465e-02
1.985090915801746014e-02 1.357636471799773641e-02 1.225204308538874881e-02
1.905991708388299691e-02 8.429964784594528096e-03 1.125736042157645528e-02
2.383949385106950286e-02 8.099700456894455905e-03 6.257281977065696534e-03
