7.706648483247095782e-02 7.319834280928311232e-02 7.676220412371788371e-02
3.445537397819101177e-02 1.565143739196345196e-02 1.151197227618324000e-02
7.260237970636503058e-02 1.235680509796731885e-01 5.807550166846393858e-02
8.015333353168313524e-02 6.316582162789799448e-02 4.012842834603719960e-02
7.087995111116254798e-02 6.110604951806231089e-02 6.499734271626614324e-02
5.980647382615518481e-02 7.387912788287898103e-02 3.643534672692811532e-02
7.754256963835953753e-02 6.147679619561624564e-02 2.964901412872487235e-02
1.547618573521915841e-01 8.408459965607475994e-02 5.781379404238044112e-02
6.362969855316509549e-02 1.027256940458020351e-01 1.875891854851823026e-02
4.077882357217409853e-02 4.594722720304500463e-02 5.032247334959759344e-02
4.933363526913754626e-02 1.884322059049539644e-02 2.126203591444364785e-02
5.811535168735260104e-02 5.450149041292046831e-02 3.678627094202936015e-02
6.437974117900188697e-02 5.682671926086987901e-02 4.653862514118422417e-02
1.164855459899552803e-01 1.184617452053656483e-01 1.072011665128815711e-01
1.094106443999947886e-01 5.835356741301708783e-02 7.568370448896166724e-02
9.645569325039188291e-02 8.171923431194701160e-02 4.959066729368664245e-02
5.892402520865278742e-02 3.247274247931832003e-02 2.376288036121969663e-02
1.268291780646207956e-01 5.922266249983722947e-02 4.151948673317547300e-02
8.973699861461881255e-02 6.140854084635423427e-02 4.818082320805565366e-02
5.772310925480624716e-02 2.847116112607226551e-02 1.505581949303953782e-02
6.608384132898019458e-02 4.446403821244215848e-02 4.753539144029932800e-02
7.358604594665593690e-02 3.703276636020228635e-02 2.451605593504820046e-02
4.085103276277449874e-02 2.739433570508823315e-02 1.146009945459005273e-02
6.974866805936180691e-02 5.836324414576349318e-02 4.286318559691831842e-02
5.312379173565597024e-02 3.330174099230753804e-02 3.519016877420789308e-02
6.677047199054932103e-02 2.643312442422402278e-02 2.061890530474271011e-02
7.965063648848602629e-02 6.305766670209111968e-02 3.981627086769491675e-02
5.527741346114819349e-02 5.120405657509435188e-02 4.153730708991488357e-02
5.941968959083940988e-02 2.847472746455005643e-02 2.458276509718219580e-02
6.503722540525974649e-02 3.514381615343389886e-02 2.919577264566877717e-02
5.629750263214489819e-02 4.824790622020971170e-02 4.185205680725755800e-02
5.140074317028296702e-02 3.591126674229377230e-02 2.946003744334362365e-02
6.352771176276875154e-02 5.345843020336684542e-02 4.324764198728692222e-02
7.882288265754873458e-02 6.154650898423683070e-02 4.509762005547868213e-02
1.028210163927909537e-01 5.294122800873964779e-02 5.158569948862474358e-02
6.045930891116453598e-02 3.523825244686234343e-02 4.193821793707087214e-02
6.169289934891095811e-02 7.723517687463789250e-02 4.660973535395629419e-02
1.332045086084808760e-01 1.216880128362674007e-01 7.295114277624373256e-02
8.120161633268128953e-02 7.117962685347807572e-02 5.483023812300125838e-02
1.353495930205952658e-01 9.638543296931906257e-02 6.756118021267693008e-02
8.411373230483885910e-02 3.766772845380064044e-02 6.394552108996250095e-02
9.134208095625602486e-02 6.824918607235853918e-02 5.490112557353288986e-02
6.127640955098524744e-02 5.667246379481272189e-02 4.966678464955985584e-02
7.663520133384678357e-02 8.066747811722166372e-02 5.916294710300986498e-02
7.328502090066223162e-02 3.735486630012418985e-02 3.793678975342848481e-02
7.218180917900671179e-02 8.681668485226765042e-02 3.459641368961054175e-02
6.117835045545631095e-02 9.601012042745933617e-02 3.618722035146029747e-02
9.208267042943431291e-02 5.806365518627754074e-02 4.199509675152818949e-02
5.727002831894344170e-02 3.933854913746492182e-02 2.932296283695643921e-02
5.229273896628380824e-02 3.601868505890474387e-02 3.334689171885294595e-02
5.589408298023480770e-02 5.874992007699972318e-02 4.808349553029900997e-02
8.669215501384643086e-02 1.076325693639047371e-01 8.261663342496747275e-02
1.132104213471728377e-01 9.527173710866360112e-02 7.650903412469216291e-02
1.052439434837230264e-01 8.357224823363626487e-02 3.288513585030115871e-02
5.078384956792053595e-02 3.205627343470998647e-02 3.342423383528268788e-02
9.758288046453959808e-02 7.296864808482664277e-02 5.980171787723286697e-02
1.451231665649446723e-01 8.411526955210275880e-02 6.471568273341088418e-02
9.175483849093021838e-02 7.289383721545251993e-02 6.681728756038024519e-02
8.924747525599931175e-02 6.089548375048610407e-02 2.881954494654295762e-02
4.687449916831960134e-02 4.556138055035598156e-02 3.967162544629035392e-02
6.382782823679304662e-02 3.748183532408606161e-02 4.277027801370572591e-02
8.713402828882779727e-02 8.041916070827691276e-02 5.521756496998590086e-02
8.160120524990302493e-02 6.349843021577683544e-02 3.390664146490813408e-02
8.582204407227983500e-02 8.412438390460308391e-02 6.638859570531407961e-02
1.426124866282310055e-01 1.050321640901722559e-01 9.690677772976982740e-02
4.628712236671547048e-02 4.931808716828057354e-02 4.048929830193239571e-02
1.086096194075834853e-01 4.918909358074696064e-02 5.371900988268745597e-02
6.982342064771748791e-02 1.697340632527712806e-02 1.549256501630429453e-02
9.540171665478995588e-02 3.405544904121441951e-01 5.205154669730458622e-02
8.085955412038797752e-02 8.725481508303052636e-02 6.332756626679161838e-02
7.488141155410409089e-02 1.493892708950062265e-01 3.559294040274151028e-02
6.738561385432526030e-02 4.607474253699095357e-02 3.305415087742711450e-02
7.175631228145176732e-02 3.567930283338777153e-02 2.602378002826295084e-02
6.917003761633956638e-02 5.452839275194511920e-02 4.671494047308930031e-02
1.050048900920192846e-01 6.742523791500622254e-02 5.714149931179637182e-02
9.516886138197072631e-02 7.568870373355840453e-02 5.254458519678645301e-02
7.858475110026272303e-02 8.216636763828302770e-02 7.058599156361046456e-02
7.433142087779372187e-02 4.725883263948145452e-02 3.134350676414118103e-02
8.589271753925672992e-02 4.885121415623545904e-02 3.338307203989705763e-02
1.235012976262350876e-01 6.963839561092000086e-02 5.588036805112848310e-02
3.451376422949042899e-02 1.294144686739773786e-01 1.302277266902896607e-02
7.565839297558464571e-02 6.095793806564892003e-02 5.485055625241347377e-02
5.089619259635524279e-02 3.481169914780150865e-02 1.934272065290825252e-02
5.816392679488565504e-02 3.463966809513846501e-02 3.743171487141594422e-02
7.866380041165967063e-02 3.784158246128124792e-02 3.862302174628494400e-02
7.364035877461465318e-02 9.331385540378928090e-02 3.183737607624523291e-02
4.972571932868646155e-02 4.983145879167961978e-02 2.907545343074892721e-02
7.702555168858427059e-02 5.533357363531220957e-02 3.127031339230669504e-02
7.350248295010534949e-02 5.766811988059517002e-02 4.540392078006084270e-02
4.545287342483554649e-02 2.721764438217028070e-02 2.669440752942462899e-02
6.353029804584166274e-02 2.850352169119625342e-02 2.558142746197852521e-02
6.272865418053889808e-02 5.181930523159114510e-02 3.185525781874933710e-02
4.564282357696925613e-02 3.044032184176084441e-02 3.095225187464711869e-02
7.314677124720014856e-02 6.449525044696026443e-02 6.236498695103288165e-02
7.217395553784747286e-02 5.187358705990668256e-02 3.407221790510091275e-02
6.399872188797632588e-02 4.894110148982417502e-02 4.652913227780026972e-02
5.390080253786127401e-02 5.017366114493239382e-02 3.149912900194701271e-02
1.607276839466692808e-01 7.122299453017812976e-01 8.003906002125567298e-02
7.926864544615327968e-02 5.477483280227037760e-02 4.294135331959376967e-02
6.170450175694924128e-02 4.273686492469203763e-02 3.934802607133448121e-02
7.881350339844933606e-02 4.780772270689811337e-02 4.282721019626329478e-02
9.725439563282074762e-02 6.665257332839079341e-02 3.098427950004838116e-02
5.952983932879494372e-02 2.203652344958841741e-02 1.800551436833403018e-02
5.452567380462467611e-02 4.999302485965813336e-02 3.878404687714157029e-02
8.597328005639862103e-02 7.514422747519833301e-02 4.785131387729054525e-02
5.870020304589493310e-02 4.125072399143012852e-02 3.367261429789233235e-02
1.211163941412060630e-01 5.197633059447909210e-02 4.861507730114807135e-02
4.719237573732600055e-02 2.852780177850995982e-02 2.724767681393649651e-02
5.838628791020870901e-02 6.918576697389217101e-02 5.443444560760388878e-02
7.619610741610749471e-02 3.962167865835538455e-02 6.118662432098417869e-02
8.919997628511483478e-02 5.215156591008716924e-02 2.926966848768760773e-02
8.907117832143411629e-02 3.525700263386216671e-02 1.422958277607731456e-02
7.089003726285104945e-02 5.644609913959506425e-02 3.218649944295789295e-02
6.261158362822633050e-02 4.115642368097887499e-02 4.478412675650331187e-02
7.767835275837868536e-02 6.792880809591399227e-02 3.149186713266788340e-02
8.756523421655303119e-02 4.120446310880947899e-02 3.661591458173263369e-02
8.697857412539172772e-02 7.014079393863754952e-02 6.489711810773780842e-02
5.304298569060488661e-02 2.753006350543214797e-02 1.504568774090607637e-02
7.215567491966719260e-02 6.195102610484644334e-02 3.904676642169536277e-02
7.043237909985383682e-02 1.013566104465952467e-01 4.768709816252358208e-02
1.100094747169464010e-01 9.327796560758710998e-02 7.147227434304120885e-02
5.745629728225240540e-02 2.807022644658069624e-02 1.971372152642917805e-02
8.590207570242555657e-02 6.984307383675968095e-02 4.443104283923995229e-02
5.678399176372652540e-02 1.718706152430479750e-02 2.198671224022245851e-02
6.885811193284656351e-02 3.488968315529211717e-02 3.135420203085913238e-02
9.060214455996917771e-02 4.974967640450921741e-02 5.618675819024798734e-02
8.081702765152166956e-02 6.189660484605417207e-02 4.746381415544018156e-02
7.307868071048623237e-02 4.949518157337937790e-02 5.811409080958805651e-02
5.703840467685433735e-02 3.652151978930705256e-02 2.199970569434592932e-02
4.492177141364354226e-02 8.788099208114635852e-02 2.211015909196467968e-02
1.015866236882624896e-01 6.443133829958094805e-02 4.847167636731940232e-02
6.277944763781179160e-02 4.205454340101612981e-02 4.431224253731817775e-02
8.037435015613839107e-02 6.311871029269330857e-02 4.563622581196777328e-02
8.482761969273863722e-02 7.639155179093226611e-02 3.524961498000441645e-02
7.954303355309215451e-02 3.608666380321710193e-02 2.937561306194712632e-02
7.693314574727755373e-02 4.072194579477265985e-02 3.392033324135380890e-02
8.882264576800802391e-02 6.786252193670654076e-02 5.491010526672755743e-02
6.849393826567569399e-02 8.301111505737183982e-02 3.962249703701764547e-02
1.760975008478006809e-01 4.889152355936785543e-01 7.445062121034139169e-02
1.167417616923442786e-01 6.420002189605705789e-02 5.624394329165013223e-02
6.134654105573141003e-02 5.444379977889383937e-02 4.118055711172571853e-02
6.460422184750269636e-02 5.663887329567320050e-02 3.371298975728366509e-02
7.924424443848350486e-02 5.420261460398601711e-02 5.260016690163520081e-02
7.720738749254829614e-02 3.463632548887942558e-02 2.748648239941799479e-02
9.850177329103609880e-02 6.152449161147567624e-02 3.530790020736592622e-02
1.052581092280322622e-01 5.157937844372058322e-02 4.401950320366872227e-02
1.200026688375059047e-01 9.633956791495293381e-02 7.078246358689431472e-02
8.408552060619414736e-02 4.045896284607613386e-02 2.557454601246529277e-02
5.195447675034027546e-02 6.995924263890304085e-01 3.044726903393837891e-02
1.040225389166742065e-01 5.605181585391649096e-02 3.460438909554407888e-02
9.778688907257233887e-02 7.902426515075031133e-02 3.011973854568407091e-02
9.777715675062216560e-02 6.251174224721366135e-02 5.017261321560483045e-02
7.763471182116646330e-02 7.441819767931864837e-02 8.745643112312220802e-02
9.465550090286717344e-02 7.041318220079420542e-02 4.933985709717774587e-02
4.919216404900146611e-02 5.296170106460718063e-02 3.572843734009600175e-02
7.161211243541923399e-02 6.794004077619894555e-02 4.172385977735392631e-02
6.197208611779808640e-02 6.104996756387820467e-02 4.272079809831412500e-02
5.257370733127481738e-02 4.648255828570398845e-02 2.909168800081100500e-02
6.304355797318886290e-02 4.120234723570550400e-02 3.589212604735834283e-02
1.271131469073766285e-01 9.972093324112252244e-02 7.867122375826007818e-02
5.105718562267921173e-02 2.608363814683324275e-02 2.936142662630151709e-02
1.286707308786783077e-01 9.077228905027420747e-02 7.326280927736678050e-02
5.782995356659868802e-02 2.523962888049736120e-01 4.309389605814974850e-02
4.763637637906900646e-02 3.686872453013257528e-02 3.272523016900674708e-02
5.909774192339493221e-02 5.262701405950007127e-02 4.871196571535788000e-02
1.058668662900918017e-01 7.180086244853634003e-02 5.134552170437536173e-02
7.460653698981500881e-02 1.006142841021754331e-01 6.407738443985322441e-02
1.092532631093873080e-01 8.227068584762588233e-02 8.317456456889307792e-02
8.985327028907666436e-02 6.787339910815747002e-02 5.097761095590741531e-02
7.805331676324432644e-02 8.959654295577959560e-02 4.679782916478533727e-02
5.818328598685441888e-02 4.252753686661249477e-02 3.918603928566874450e-02
5.182846284607431353e-02 2.469754165503108834e-02 3.298763496723292055e-02
5.190225800983169768e-02 4.079437093373036033e-02 2.934479460112832463e-02
1.522767510525027956e-01 1.521712374949730773e-01 8.810693874950513427e-02
9.132785464774406670e-02 1.189433686903016291e-01 7.029405189760175310e-02
6.939345649552416950e-02 4.714882676928341954e-02 4.553037175614393917e-02
9.119845206592498699e-02 7.798460164488142665e-02 6.017392915342012483e-02
8.687227195366617472e-02 7.437962444796430983e-02 5.267288481980655912e-02
5.581884057339912830e-02 2.859228350310873482e-02 2.291302070436302546e-02
7.584318790582103564e-02 4.986194182964420046e-02 5.017537637346372592e-02
7.308811138470518165e-02 5.974644511668269348e-02 4.568042525947096227e-02
2.072935155597439155e-02 2.520169528614784465e-02 2.206962914654909610e-02
1.009734275621380767e-01 1.063943828297718941e+00 4.436309474394822816e-02
1.170860700141759803e-01 8.546850545942329125e-02 5.083819344015792774e-02
5.916408576855133883e-02 4.729116923635269532e-02 3.682997052550189554e-02
4.187408025661436273e-02 2.015684972732914582e-02 2.704485791788723351e-02
9.949486636245942484e-02 4.515785984229134936e-02 3.306797691460307970e-02
6.414943145811062564e-02 3.494633642263252071e-02 2.048647237898360354e-02
9.140506110684942787e-02 5.905207403315303194e-02 6.015252494248875259e-02
7.048383756521078847e-02 4.223323052485128404e-02 3.604038321620141316e-02
9.295788423388341715e-02 4.544871944208653952e-02 5.012659914582004439e-02
1.421306496234716610e-01 7.727916692293070045e-02 5.800569329497824028e-02
7.412491194891304702e-02 3.211083851828000491e-02 2.729619142801702550e-02
8.873537779532510161e-02 5.047076196875567577e-02 3.503907968141217744e-02
5.551327950663541289e-02 3.704018529492357492e-02 3.138412418140500149e-02
4.292132684181148433e-02 3.643646130350789575e-02 2.838913120153397154e-02
1.000335862303352863e-01 7.007135060908124824e-02 5.183158339606679793e-02
8.868951741147582113e-02 3.324504084648248481e-02 3.448416171521999363e-02
7.303755064965694599e-02 5.227871435100740066e-02 4.637462603051377419e-02
8.197675410078171521e-02 6.800128006046200768e-02 5.783284208114028435e-02
1.224319994479776269e-01 8.987301828985147512e-02 7.304273566826247066e-02
5.690278288026726083e-02 4.320650322366931251e-02 2.725170603047076881e-02
8.135712988134101431e-02 6.685391773436639984e-02 5.233503831172553467e-02
6.179542465167748438e-02 6.936156310898727861e-02 4.604897506139065538e-02
1.039860557630609972e-01 7.752261751011002566e-02 6.386007589105108240e-02
4.617662247955305055e-02 3.533159788404579421e-02 3.230310960688943106e-02
6.618065479473130008e-02 8.259513824228943701e-02 4.997865423382918254e-02
7.027681623736974081e-02 4.368724473109317219e-02 3.617909315920585234e-02
8.418719215224548802e-02 7.614212150472343676e-02 3.908864277869131265e-02
5.749788855005330546e-02 3.700345562546152045e-02 1.591644573625392370e-02
7.549908604638884413e-02 3.344539760556015928e-02 2.567379490041077003e-02
7.888142551375000588e-02 6.909462367993256249e-02 3.177329745072499101e-02
1.129006009677592098e-01 1.331675143377563375e-01 3.947215101362439721e-02
7.704808830067889913e-02 8.111236367005157655e-02 5.452778756183543352e-02
1.079128234130848213e-01 5.828404462256719237e-02 5.830833399094229041e-02
1.063064243518121454e-01 5.822469584267876003e-02 4.185263890570710410e-02
6.020262716756372146e-02 3.464344178978129990e-02 2.314618310097337969e-02
6.095370648952935094e-02 3.793789716149693209e-02 2.176858365886140054e-02
7.325843529388195718e-02 4.685312657650365920e-02 3.664945943264673323e-02
6.426124543599318062e-02 4.197923610967446012e-02 3.654206539575866053e-02
1.018126269482124424e-01 6.847091121150250537e-02 3.345155306114633992e-02
6.531308940415415931e-02 6.263922236409355526e-02 4.180993674874371180e-02
5.061243304676832366e-02 2.554333550926308691e-02 1.519443699443242222e-02
9.101229010384036255e-02 4.721968023769228251e-02 3.896617672578592262e-02
1.012851154969036799e-01 6.596400265105159533e-02 3.092810500146895084e-02
1.011190731574922452e-01 9.098450495621371314e-02 6.807511966787847812e-02
5.005122044467237574e-02 2.312632943006781919e-02 1.846957912032806334e-02
1.222285472065245682e-01 1.413355261734502988e-01 1.257923073246927370e-01
6.801306280386000547e-02 4.839271867387127252e-02 4.062280058570123809e-02
5.774108953913047876e-02 3.026394313094103034e-02 2.407108836429228127e-02
4.642989493898021930e-02 2.775697448767378006e-02 2.108809844157952945e-02
6.758091823205472637e-02 6.492267449425510872e-02 5.329027206546928935e-02
7.826725289666798535e-02 9.704862808602428281e-02 5.414003918979234942e-02
7.501230403998138119e-02 3.757169454526574498e-02 3.896289511039960352e-02
4.967711593080860466e-02 4.493141612790647887e-02 2.329120771754062541e-02
4.386055343627381919e-02 2.152681708689593507e-02 1.826729598678000430e-02
1.055934706764760783e-01 8.001436161713275375e-02 4.959383080871102717e-02
1.037816859309301787e-01 1.968195918907873487e-01 7.868509503860053600e-02
7.554967444834190249e-02 5.565332758636354349e-02 3.770001884091916250e-02
7.719233785012304117e-02 8.165416667001704210e-02 6.443119428612863187e-02
1.245827078596110776e-01 1.119017589487006775e-01 8.588427799400308316e-02
7.471775046723455604e-02 4.467161535009791379e-02 3.885595319231188033e-02
1.057963195190920469e-01 1.239822527135176072e-01 6.334697783290199613e-02
1.195717253517742801e-01 6.713618370917916189e-02 7.323021381723457401e-02
1.379997917081196568e-01 9.424697518748068048e-02 9.116707144422679654e-02
6.906803667747314635e-02 5.903788800138037168e-02 4.351192197629398517e-02
6.597917453223436923e-02 4.271275753518510854e-02 4.129115404856163046e-02
4.346412661547825046e-02 2.219876792240645796e-02 3.009582325742044678e-02
8.786415694251782649e-02 1.202902316309796826e-01 5.593100587202935042e-02
1.320256949249935530e-01 8.500266315874335787e-02 6.756786571516328055e-02
8.708677627975502933e-02 6.805214454380373312e-02 5.003921752190848560e-02
7.238495376817939697e-02 5.501805687507037301e-02 4.804974544916851970e-02
9.717299135494261719e-02 7.303361888309629901e-02 3.812474134387643099e-02
5.545127686037617382e-02 3.392220968612014859e-02 2.076643048935001429e-02
7.292931922490127061e-02 3.940809449896300054e-02 3.256478838661626407e-02
7.277435800533436916e-02 6.499809900841330146e-02 3.604632791990512730e-02
1.357636853448198344e-01 1.389461954051119108e-01 1.180584205335596382e-01
1.084293110606931176e-01 1.000448274839102480e-01 5.189685179729170567e-02
5.763881482625402702e-02 2.641907552235355644e-02 2.754289144923218954e-02
7.819839915447787670e-02 3.389083567305124778e-02 2.544625370314250803e-02
5.892387124510358593e-02 3.365611511824846691e-02 2.523429268246477411e-02
1.083956930823473663e-01 9.999804624037419987e-02 6.456667161073902095e-02
8.756053273126276904e-02 5.427471855468996020e-02 4.631404898840319612e-02
9.551092617785938987e-02 1.175248229216327017e-01 7.679390128178847919e-02
9.341170094192702278e-02 8.997295048201749135e-02 3.882126514834877140e-02
7.805093210234446965e-02 3.655504716363509876e-02 5.566970038774424201e-02
5.567704903864265087e-02 9.554116178386193314e-02 3.014588523759052438e-02
5.887342667633840149e-02 6.366828265230708994e-02 5.609400663600964954e-02
7.161125463235483435e-02 4.633203654913620878e-02 2.031274885818105946e-02
8.286467262580905768e-02 5.831601455863786448e-02 5.955540974883273553e-02
7.562293768631928037e-02 6.623259499062146560e-02 3.676414986977459554e-02
9.269097191126324242e-02 3.674138853981193803e-02 4.563562196418750883e-02
3.230281134923174841e-02 3.676558139255015067e-02 3.319869513029764102e-02
5.300178914582079348e-02 2.281746139312411381e-02 1.554249990379182045e-02
7.507290978184374963e-02 8.946728352630588244e-02 4.441832441892758221e-02
9.398360955992385302e-02 4.289498252325614491e-02 3.446039264149592524e-02
8.604634346046403925e-02 6.403356957963227125e-02 3.603311490470974959e-02
6.361564324379964663e-02 3.988925457332181262e-02 2.905608936509479490e-02
1.233192278175011258e-01 1.177376783466040910e-01 9.663137299615347231e-02
1.084947035254182762e-01 9.379173082201941458e-02 6.640241567369560560e-02
7.389643247951037386e-02 6.004537956209325678e-02 4.391389716965366646e-02
6.679244929174575629e-02 5.016560914083735556e-02 2.878634219015223719e-02
7.702039511756796075e-02 6.054895588954158081e-02 4.573193909551293013e-02
7.620338821920601136e-02 1.116087073184829637e-01 4.366761123296664104e-02
6.887541631971270950e-02 4.265632068864337600e-02 3.566183434806698832e-02
4.148735033069141792e-02 3.365159953990345953e-02 1.699096702118614924e-02
5.674587118116396212e-02 3.166896485780195530e-02 3.268628922698895573e-02
8.255468315149362690e-02 7.391151464120207515e-02 5.630571545048343451e-02
8.002662513757177742e-02 6.071019997320815237e-02 6.872927777839356323e-02
3.258784901416627439e-02 2.619727944428544217e-02 2.142486308286659438e-02
9.027930792240250468e-02 5.095621197534705438e-02 4.802560691336874715e-02
1.456847864203060783e-01 1.448208380671376916e-01 8.146366186755375771e-02
8.954999127626392386e-02 7.052626552214009970e-02 5.855181455020439657e-02
1.207971947121524170e-01 1.099373651214589492e-01 4.450979068438389030e-02
7.384892162905803970e-02 5.021372421945453912e-02 4.525027498594619280e-02
7.974451524211917386e-02 4.994219013817663422e-02 3.518029141168382834e-02
5.798419811601732143e-02 3.075187317627147560e-02 3.941344436758556502e-02
3.346791066920114244e-02 1.607154821729489536e-02 2.341257003176867163e-02
8.828056858201634161e-02 7.525512258463604165e-02 6.038905680541863802e-02
4.374778467075034205e-02 3.229404681421182283e-02 2.336937005335064030e-02
8.059068048151082908e-02 4.147961521332212131e-02 1.959545124998488680e-02
9.548084605321234541e-02 5.776866889396601451e-02 3.709020586237032902e-02
1.236394648556383702e-01 8.102319006065987483e-02 5.008088177001167318e-02
1.185224135802379619e-01 6.151563450432755153e-02 5.204862651880678981e-02
5.622677532977232023e-02 1.118166224482382842e-01 4.325948295075633665e-02
6.654027810515004970e-02 3.482382142625663202e-02 2.617119640277535894e-02
9.170459931305335877e-02 6.393376024008896874e-02 4.922027404086590924e-02
1.347362505453345849e-01 8.917473350908743102e-02 4.714394649884880856e-02
9.405128844649600361e-02 5.695477585866837861e-02 4.295703771213144756e-02
6.589772226148370160e-02 5.227997332663541358e-02 2.905932119763314503e-02
9.838714799472414452e-02 5.372614111814937032e-02 4.513883832399349927e-02
6.300238770127940258e-02 3.852822262855910146e-02 2.707832168557625097e-02
7.493502761763910780e-02 1.141526851923265334e-01 2.466907244463846516e-02
7.714725025236690570e-02 5.661325070856809694e-02 3.203293210569643779e-02
3.755556694250753585e-02 2.966803997278163324e-02 2.295803050472574117e-02
9.257298990920088955e-02 4.226385007094905083e-02 3.659675808057265972e-02
7.664985122468780110e-02 8.089749248732394649e-02 7.587576074081946176e-02
6.555133247779029726e-02 5.615581790242154397e-02 5.315573400410411598e-02
4.618249750473402832e-02 5.119632375594685564e-02 4.567180534889420801e-02
8.982443212460275439e-02 5.455802454663585127e-02 6.856955216072457837e-02
6.183650073963729843e-02 3.764456630361902312e-02 3.982990768378577573e-02
7.533198243808066075e-02 5.662283557176713694e-02 4.287079773601072674e-02
6.102997557382431465e-02 6.937544441045992438e-02 5.148341557497752158e-02
6.051170597145232727e-02 5.318734231316437494e-02 4.306224655187293471e-02
9.326942614779921981e-02 4.697659411762209608e-02 4.471099652415218978e-02
3.212311732269094305e-02 3.776218630293905892e-02 2.815784904530902952e-02
9.353965673079786547e-02 1.113636650330516731e-01 7.243530833508646238e-02
1.224998166516176462e-01 8.191637457941737532e-02 5.617093358360836231e-02
6.836427089133489954e-02 6.152770666344946349e-02 6.754522642307933533e-02
4.790258286740304433e-02 4.005106377062688655e-02 3.129674275252072174e-02
7.087477664788623122e-02 4.388731231772666219e-02 2.273374115149522784e-02
7.824439426420339017e-02 7.340496013956870902e-02 4.418765038026570280e-02
5.166117216756812430e-02 2.729613135081974118e-01 4.746368030616025802e-02
1.073113970114663585e-01 8.284415012395986155e-02 5.909719201629833052e-02
9.956127613200617399e-02 7.146631135360723142e-02 7.731129995525382048e-02
6.581848290776330657e-02 4.331467477247018943e-02 4.405923765687081578e-02
7.131610680492204979e-02 7.682574865723486301e-02 6.538251189595528645e-02
1.407901131301866893e-01 7.483450020876286635e-02 6.147845889727698854e-02
9.006303387776333491e-02 6.130779734353648813e-02 4.551754790923014105e-02
6.234231845697937174e-02 4.208885408075925538e-02 4.399800484543256451e-02
6.418113385586840525e-02 5.303961294597208526e-02 3.143368240928932911e-02
5.950457558506278000e-02 6.455247373100220232e-02 5.868159564642048964e-02
1.554393735529753795e-01 1.321560898887919888e-01 1.080520516231832234e-01
5.692907933225282296e-02 3.384544329679110841e-02 4.506321053533322851e-02
1.108576197329994989e-01 3.157932343864769398e-02 7.556353160230398769e-02
7.625550655742889539e-02 6.200012354773382778e-02 7.320885365840153203e-02
8.958639301605310357e-02 6.409016590953983683e-02 3.046603810357097555e-02
8.862934584647406966e-02 3.238255736285988728e-02 2.213509104308891348e-02
7.137418865457874351e-02 3.795573546632272782e-02 4.496005880861680959e-02
6.549770194448138738e-02 4.803032057555837314e-02 2.915450594759724789e-02
9.647659206029793322e-02 8.062204589312850500e-02 6.660805630224304885e-02
4.952857294296125062e-02 4.692940267896741208e-02 1.905155144930854513e-02
6.579860470957440977e-02 2.907703252932420518e-02 1.574612515046842562e-02
6.710420065886808783e-02 4.554454941997167911e-02 1.953019329625520217e-02
4.443210768956647877e-02 5.582730555969937086e-02 5.549413778735252933e-02
1.010773759186651688e-01 8.849416765628909110e-02 4.623747453782119793e-02
9.220136357344249634e-02 8.258048159878506045e-02 2.828405261295996106e-02
7.225546530181004012e-02 4.788301781245234146e-02 4.747825749047170085e-02
5.301452512171630355e-02 2.908462185688585888e-02 2.805713221078596359e-02
4.955539120883736132e-02 4.336030570355903918e-02 3.059740308330933731e-02
4.149184486823971618e-02 3.248886876574449967e-02 1.724277076391319066e-02
6.931435885112882667e-02 4.519625811426827844e-02 2.073862051228588660e-02
8.498933482566516096e-02 5.201211808391829894e-02 4.811894564126292795e-02
8.200748778717595333e-02 5.011242493467855941e-02 4.420314220397548316e-02
6.243253550526393220e-02 4.360171294817132004e-02 3.159601424291218208e-02
1.043977420006177853e-01 9.826492071226657077e-02 6.033241008057953908e-02
5.450119947044281682e-02 4.533898495161536868e-02 2.042057535874482188e-02
1.186094122132438922e-01 1.023975597689259498e-01 6.973488674789345143e-02
3.044522511215838265e-02 2.795780751711630235e-02 1.896397067884795715e-02
1.062131932404593443e-01 8.939471730839926300e-02 6.790062906688654198e-02
6.981062889233959068e-02 5.005059685846929146e-02 4.483290747489013933e-02
5.828024935434936160e-02 4.465054607679054544e-02 4.684496152302786848e-02
4.300237633754201011e-02 1.750972752584470035e-02 1.721583853138831249e-02
9.345394804833755120e-02 5.634430354846650668e-02 5.320602903462116201e-02
5.926823553497664876e-02 3.866096297994898318e-02 2.651693242665667527e-02
1.098690959378571808e-01 7.609412387547290213e-02 4.961622950609969468e-02
7.607159648057194856e-02 5.134471805581722337e-02 3.786961499207890797e-02
6.247798210036249050e-02 7.003099680148702766e-02 4.138419771634306576e-02
4.252443168878272672e-02 4.755812984665189896e-02 4.020663790472237681e-02
6.243460381942143866e-02 3.993706632404252915e-02 4.215907004447821960e-02
5.650031898480047110e-02 3.014028723552968081e-02 2.432800070334941236e-02
9.176980356626060487e-02 8.567906277117388891e-02 6.570784646901807469e-02
8.592694385366347887e-02 3.281994391734759098e-02 2.790179321240598628e-02
6.911998123550613937e-02 5.274779056951548611e-02 2.988672891965322292e-02
7.754578142343876435e-02 4.252223800299498313e-02 4.478992081977482831e-02
6.441329678645400791e-02 1.428373538265536591e-01 4.317176654569393479e-02
1.093235618110197649e-01 9.343460844457329717e-02 8.425499172334549591e-02
7.963083885561011988e-02 6.495217708972329806e-02 4.813441426824442704e-02
9.429823428797524942e-02 5.340682721696391605e-02 4.274864927468732811e-02
4.807732209739383478e-02 1.918725028538599553e-02 3.128330057120423668e-02
8.889717746053073244e-02 1.036367164334013463e-01 5.954470140998073535e-02
7.985102563162525813e-02 4.917036907778440241e-02 3.122862367108368217e-02
7.822217388053322173e-02 4.266328373672791108e-02 4.663577051797743178e-02
6.061809164746533724e-02 2.635920811527572849e-02 3.789761072213215093e-02
1.229637722632453550e-01 8.319086602962233457e-02 6.774860701300343402e-02
4.016335661474548097e-02 2.458540331758956449e-02 3.427996547510759467e-02
9.347334892979135279e-02 6.356313598386101327e-02 4.716531605964077722e-02
5.529420886331117002e-02 3.294655205288861410e-02 3.698286881525731512e-02
6.710116469629065494e-02 6.232090742687646651e-02 3.677304602664645955e-02
1.006095191058021671e-01 5.232391621567358125e-02 5.392193798907699009e-02
7.881350616206334037e-02 6.545945218402013377e-02 2.825543962944651252e-02
4.988672122509844875e-02 2.681109007743871092e-02 3.527700374927510152e-02
4.033569687653457830e-02 7.308417872521025815e-01 3.938073322736827114e-02
5.487834419168000077e-02 4.023752469642807861e-02 3.538588593845064939e-02
4.737838540089400752e-02 7.515874514268376660e-02 3.385046867319373154e-02
7.044043004966975274e-02 6.486408041129745894e-02 6.687621912319678674e-02
8.619732596921365897e-02 9.633277976366813600e-02 7.304014226927414699e-02
5.662135097922548627e-02 3.262717803551088563e-02 2.443737129952292669e-02
7.002042819515327809e-02 3.114252094225005221e-02 2.894425060361916283e-02
5.851581261594412942e-02 5.779765376981468861e-02 3.116924165845999517e-02
8.783497745616417052e-02 4.233929856141909615e-02 3.690110779851280692e-02
8.825328801799249556e-02 8.819657633247740547e-02 5.893597751268727508e-02
7.715197863967492020e-02 3.833636251068373024e-02 2.972249265253828349e-02
8.628943179375248018e-02 9.683862996236752840e-02 7.499392196021974211e-02
8.580574729335108120e-02 6.377941916824199364e-02 6.185467140479770920e-02
1.196663170668490761e-01 1.066158152763863193e-01 9.220630202162680145e-02
8.389220995875815157e-02 4.126189433370957421e-02 3.213722574295706236e-02
5.546204108595938209e-02 2.984655200380849013e-02 5.254141909498524776e-02
8.001705491166404005e-02 2.550457516438667943e-02 5.075872234122220245e-02
1.257557707047770867e-01 8.009149014008290490e-02 8.090316198239759504e-02
5.889048486385610459e-02 5.073277340023747001e-02 3.540861740151287490e-02
2.879309160098060191e-02 6.306602086298469523e-01 1.821767300713808546e-02
1.050102032958418752e-01 4.509423895828990059e-02 2.849184661313660868e-02
6.241779915073319279e-02 2.338384708305514884e-02 1.642700644555477110e-02
1.290474010635876689e-01 1.063948019113407223e-01 4.676190594474160384e-02
8.365748750950520451e-02 9.028117472183927461e-02 3.089225842367911146e-02
5.536916842823152995e-02 3.200372490950589843e-02 3.514396111042284582e-02
7.410977727598425102e-02 5.611408936739985948e-02 5.473846045748385208e-02
1.028425070592834528e-01 7.217112625008724469e-02 4.182501931512409843e-02
1.058361932898606167e-01 1.104859510165207975e-01 7.962770961901753652e-02
9.073371279674030676e-02 7.183347515914474679e-02 4.189108737303070401e-02
1.135195755490442659e-01 1.110491998150237858e-01 8.097060824603991014e-02
1.273878536657773175e-01 7.832332274351387624e-02 6.738160217479773062e-02
9.035218202071836069e-02 9.521436829582281824e-02 7.427379341311532435e-02
9.942452939688314895e-02 9.132414115913969899e-02 3.889069840361678021e-02
1.138346541497985004e-01 5.134748696110538052e-02 5.137672626435074719e-02
6.841606415411878583e-02 5.681559205101279625e-02 4.522290994207094073e-02
6.638447654789957075e-02 6.023896142117403374e-02 4.252393066931638155e-02
9.052477198217122323e-02 3.922323186985008509e-02 2.534725126864903130e-02
8.472052555611221669e-02 6.182882496053221377e-02 4.589742692446831945e-02
7.797618743624439019e-02 4.913532633314413034e-02 3.536291527417211034e-02
6.935036288765596135e-02 5.522993175006998129e-02 3.853550815554455250e-02
5.458850490560959029e-02 2.667078186753917696e-02 3.206668741827872066e-02
1.050368261874534553e-01 8.724509297005988984e-02 7.168283721203078107e-02
1.077291048133960372e-01 5.318028798471824414e-02 4.025599289785551649e-02
5.973986221918690248e-02 4.085033870211528251e-02 2.250642686118502558e-02
8.181888515991886379e-02 6.733842473565661291e-02 5.509164642057826772e-02
1.105245224190369580e-01 9.498903147518035495e-02 6.785816583896078780e-02
9.681800186150352205e-02 6.607191759620037463e-02 5.263395275567195331e-02
6.643445078260866443e-02 3.660730002269860922e-02 3.619545849756974215e-02
5.478346911776067057e-02 5.567162481313334826e-02 3.365991090866170266e-02
8.484200262650819224e-02 1.020030615077268388e-01 7.146852614707818740e-02
1.358772032908168170e-01 1.331409995485063058e-01 1.107112705577006778e-01
9.870524976637538861e-02 6.075120085207821874e-02 7.545747813553338457e-02
9.403924462275078944e-02 7.077645874241957069e-02 6.832149117715050068e-02
7.351765400078984214e-02 6.053310650043255275e-02 6.639897411831754970e-02
3.807433905972346794e-02 3.305109704950920380e-02 2.607164542237490681e-02
9.729447148167180703e-02 3.650585830519272046e-02 2.626606421216514525e-02
1.264783153298052465e-01 8.179894837369049154e-02 6.239949979543994718e-02
1.205073934154981680e-01 8.784136131878850229e-02 7.858251557705316082e-02
8.868610116256045450e-02 8.077394422928321771e-02 4.317691288912441083e-02
5.214831829702579885e-02 1.847734266578393916e-02 1.442444188691236785e-02
7.609732875682773123e-02 1.021449264176847449e-01 3.293736978223361922e-02
1.484084282376049724e-01 8.343242469327574740e-02 5.839675314020315033e-02
4.552288351998456939e-02 3.165437239981375855e-02 3.019808751789492679e-02
1.359884467706698741e-01 1.298834956241667615e-01 8.608835811579312880e-02
8.150806945684366256e-02 5.853348972977025916e-02 5.067999360470105963e-02
8.750814439894956387e-02 7.277507247585651706e-02 6.602638873897996585e-02
5.151267394627787738e-02 3.527377681735442694e-02 2.565090859970538956e-02
7.573992882930669079e-02 4.408488197363426286e-02 3.366899842026906120e-02
7.942205956151845991e-02 9.475864415390158890e-02 4.528819726154633546e-02
4.738121991547133288e-02 3.170783362463085175e-02 4.155623137654395477e-02
7.385672302141574330e-02 3.303806627110708605e-02 2.114793073694772388e-02
6.444741069636279740e-02 3.704984569114752602e-02 2.926740498671684051e-02
5.537646482437606765e-02 5.836933347856867321e-02 3.056613410611236023e-02
9.126689525724861196e-02 6.207488309601211229e-02 6.611582118739274538e-02
5.955082243557467681e-02 2.599608349969222826e-02 2.168872420356572975e-02
6.797041331032135925e-02 6.065006953904474030e-02 4.981280381676467250e-02
3.920204934683683973e-02 1.807600873760912066e-02 1.361418513225647227e-02
1.244100400561820863e-01 7.788929445731852808e-02 4.474187959210437077e-02
9.898730313578346651e-02 9.143962169890217095e-02 6.058789583392429345e-02
5.440343994797541827e-02 1.052668547817455086e-01 4.056270756360707413e-02
6.658605879170158282e-02 3.707684885357077215e-02 2.729508339300841524e-02
6.442186183661793852e-02 4.510242447871179450e-02 5.340490018258749194e-02
7.799247496196980156e-02 3.922769789808072671e-02 5.391943221842673134e-02
1.097264806256645492e-01 7.886777957121221538e-02 7.448321482647653202e-02
5.431696394638296094e-02 5.424748537201615900e-02 3.042814547522673663e-02
4.198407870595955577e-02 2.380475872985819003e-02 1.635423081715127458e-02
7.169672682227391791e-02 4.673241559628921876e-02 3.287754880772113253e-02
5.628934301566237280e-02 4.843631438735705730e-02 4.028538307286732428e-02
6.182596609024396117e-02 3.856399097455726066e-02 2.321089962985789512e-02
5.814232301267667491e-02 2.870507871675988601e-02 2.681578301475126547e-02
6.470854137556089625e-02 1.635912955560872850e-01 1.961650408704870147e-02
9.068026364209776091e-02 5.247671234550710384e-02 3.367222409236543534e-02
6.490332555767502898e-02 6.876710159347451667e-02 5.186175356954720456e-02
7.174276540408480729e-02 4.117060464399586311e-02 1.691242046373241451e-02
1.047010791469016877e-01 7.966267514397612493e-02 4.825414352808685831e-02
7.517228545241029514e-02 3.522381563011829642e-02 2.695036928261546061e-02
5.049883026893797061e-02 4.559880697596231658e-02 4.552762194814825164e-02
7.367632265653246970e-02 5.931412426143355815e-02 3.492190284312222254e-02
