8.512889946134583052e-02 6.077258864378613790e-02 8.862201984335087157e-02
1.337618331636614422e-01 5.439048857851314783e-02 6.848945963921343472e-02
7.330487137268074105e-02 5.531110971149552635e-02 4.860846061239521010e-02
6.809336129351507838e-02 9.077394080462734827e-02 4.688408157927570485e-02
6.776893533791959745e-02 5.572562912170450633e-02 3.423743989715880703e-02
1.013905812754856001e-01 1.259477017166492074e-01 4.713033046839967821e-02
6.660358231435367649e-02 7.774453498959871256e-02 3.959931371300701858e-02
8.256638967930796102e-02 6.694456321922927222e-02 4.359625569561207531e-02
5.979769667781065917e-02 4.495416389243524213e-02 3.985191135295662601e-02
7.491391715619422076e-02 3.210461088626447718e-02 4.973100354115991828e-02
6.163158289252539807e-02 4.972032640811059612e-02 5.848765290516592941e-02
1.086472824703719753e-01 6.908107969170571017e-02 5.851910541350578698e-02
4.120856618438183822e-02 3.013742696283276679e-02 2.945628705503765266e-02
6.579057700503297690e-02 3.557940861047924341e-02 4.906830391844133749e-02
8.238021695864757021e-02 4.196119333035724930e-02 4.182340668735447936e-02
8.251698352378555867e-02 4.733127544172369833e-02 4.819277605280899990e-02
5.143700937947112001e-02 3.660049451040872648e-02 3.208739072256704822e-02
6.845107597764130136e-02 5.427587274597406308e-02 4.179306803191776970e-02
8.390246233150529254e-02 7.031146286672455836e-02 5.992768731264069143e-02
7.651677333434221684e-02 4.742421544258751398e-02 5.662831427422326119e-02
4.649045007397491214e-02 2.831897401012922061e-02 2.886770029106409258e-02
6.994219749025501476e-02 1.460580832250979455e-01 3.943049952864629421e-02
7.785588802075041337e-02 9.240332407180462670e-02 5.426401331083201274e-02
6.790057669685843622e-02 4.620386115816802614e-02 3.039437468747522089e-02
8.683885122239613785e-02 4.426335200257793673e-02 3.981571943899055860e-02
5.559664209601425378e-02 4.740832000620746889e-02 3.380254128573112471e-02
4.297057621184702247e-02 1.311869043051313785e-02 1.898023170679276686e-02
9.901673587571051260e-02 5.339395165406390226e-02 3.862799065878538829e-02
6.306969350465846391e-02 6.024743759732743842e-02 4.183492129678858390e-02
3.961030755410310800e-02 2.339038988606377545e-02 3.952878851514550484e-02
9.709690692810213353e-02 6.007556068895469892e-02 5.691520349923692018e-02
4.707494748934973328e-02 3.375425742204713614e-02 2.350546302265277970e-02
9.908844863188381868e-02 5.715739577271716082e-02 7.502556425479460500e-02
4.919940904336155690e-02 8.468643331525256279e-01 2.810893531180866031e-02
5.897697245658597293e-02 6.359428552465552775e-02 3.414753402037659646e-02
8.082728682127483799e-02 5.224028455921654601e-02 3.199766395509244521e-02
7.859034086000865615e-02 3.245673183426187047e-02 4.724265578591545223e-02
5.426558869051747308e-02 3.625783766103568562e-02 3.040856356768563071e-02
7.329730865504824333e-02 8.870599074130111616e-02 4.626935661914820946e-02
1.095128522610864658e-01 5.819786897142786852e-02 4.536737499909133942e-02
8.722390362092428961e-02 4.527764125548155300e-02 4.539698913285004911e-02
7.077584640904269198e-02 6.069157126237586380e-02 5.446167244734886892e-02
8.591225297135014760e-02 3.967565164745180950e-01 4.299043032913295315e-02
5.381546419448846735e-02 3.404952070450990853e-02 1.968124143311173607e-02
8.909381455273485129e-02 3.987973526965346571e-02 3.874286311942819888e-02
7.402795904347325706e-02 3.896300708238301796e-02 5.918282911292664650e-02
5.909126482837339517e-02 1.961149549067230796e-02 1.936251515036226806e-02
6.756644115322563149e-02 3.551993330973968882e-02 3.762780359464414082e-02
8.595405445971965319e-02 5.671213083146951078e-02 4.101324395501996373e-02
7.471552986311655320e-02 4.271812662643689751e-02 3.006703741806468835e-02
8.637689811942657336e-02 4.189280263392261561e-02 4.298172491097999176e-02
6.521551600246562608e-02 3.051057540565752652e-02 3.344185965342021116e-02
6.719606660815399812e-02 3.988151960689560044e-02 4.285667699893572907e-02
5.614859593350642747e-02 2.312969823217309734e-02 1.938045584549953973e-02
9.749647839937433669e-02 5.053015314224391930e-02 4.113066683100152776e-02
6.666456886136234994e-02 4.281498560972319539e-02 4.085726365035170782e-02
5.939121798180654888e-02 3.575584159924100752e-02 2.368152597835989845e-02
6.447788996375142245e-02 3.513508870762088732e-02 3.177499320674977840e-02
7.603936330974714330e-02 6.379658039240286571e-02 3.719482475303551722e-02
4.742919320297662999e-02 3.312962225532608412e-02 2.871546432292518963e-02
5.704997897340179092e-02 2.597027429666736165e-01 6.480198529275246755e-02
6.011098632616038856e-02 7.899744566168122317e-02 2.584133870618129589e-02
1.081911996742494636e-01 6.179851600886190205e-02 6.148797854106607952e-02
5.402910871857675990e-02 2.053966441911495369e-02 2.576361398936074382e-02
5.011692077106592869e-02 2.583267198498492151e-02 3.923932712523570121e-02
4.050264064041925183e-02 1.827926479627597217e-02 2.209072516510354398e-02
9.549250220478472384e-02 6.127461546775067602e-02 4.291825563288115264e-02
6.265381433150711554e-02 2.569963108758239329e-02 2.770380291047545157e-02
9.306086556951527478e-02 6.397194354425113361e-02 4.722584393148819559e-02
8.097850018784780168e-02 3.302999707478880553e-02 4.114293215374666829e-02
6.343131035896597270e-02 5.982288680827695104e-02 5.956762044416176460e-02
5.539512458016422614e-02 2.640699567630756112e-02 1.314662053074636822e-02
4.651665430272033941e-02 3.302617053385613344e-02 3.974921825894472266e-02
4.829931114574739087e-02 2.708775430653024077e-02 2.909589738892182087e-02
8.210409955806885485e-02 3.977240911175577293e-02 4.423763017000188064e-02
5.151468384012928420e-02 4.407006170492500097e-02 4.020399362650112218e-02
6.405876097196183672e-02 2.452662247499070788e-02 5.873514120527603688e-02
5.673345521074598524e-02 3.709686435513347841e-02 1.998661825126015618e-02
8.423016460119034376e-02 4.503984612120190967e-01 4.385480279508448265e-02
7.112826891698245668e-02 4.732564491728113998e-02 4.290287273020260139e-02
8.526943053079208412e-02 4.105751289013397087e-02 5.138602656790857565e-02
7.387143153025631237e-02 4.589770285710284559e-02 4.850465385593067530e-02
5.908296302332396305e-02 3.783988594957062024e-02 3.991873357717394544e-02
7.086763164283110816e-02 5.093286908138077579e-02 4.665691586105505384e-02
9.522213623344266686e-02 6.960288065707742611e-02 7.868812297984530135e-02
9.644723277782905890e-02 6.700734907505545568e-02 5.154174173820425670e-02
1.026027607202617958e-01 6.065062971826038624e-02 6.847764848690719719e-02
7.260934517961578627e-02 3.059091297747209420e-02 4.255966368433815317e-02
6.380668912460708830e-02 3.719551465095847359e-02 2.625824045360713316e-02
6.141098701442217200e-02 2.141008964051004104e-01 5.310090716075870076e-02
6.410675519587417936e-02 2.184994852699853607e-02 2.261520868066155612e-02
7.790603645158815371e-02 5.035985874325330652e-02 6.139234793375530908e-02
7.195982881086300520e-02 4.090552314032334241e-02 3.417516442446658781e-02
6.474894466713634888e-02 2.352675387244620997e-02 2.615194327301517685e-02
8.793491160575217513e-02 5.741143485639167710e-02 5.039239496358498271e-02
3.009652709473516208e-02 1.812583663641005247e-02 1.370159454068235749e-02
4.517417045514346419e-02 1.405769520152518916e-02 1.865564618151255988e-02
5.475462516031556759e-02 2.283161285699330037e-02 1.914000350499782052e-02
7.781493468389862056e-02 5.517527922363484050e-02 4.912172627639701389e-02
7.345251527531651559e-02 5.487728608887419007e-02 4.095436163204072694e-02
6.007316569662346506e-02 3.932852345873477651e-02 3.073899363699660048e-02
8.831104479263141016e-02 7.568372079018247101e-02 7.867001439692665465e-02
7.393722105594416338e-02 5.655258567806232400e-02 7.427314701737097735e-02
7.823748527635053518e-02 6.162080206508308705e-02 3.414925748327213989e-02
5.399456544148970027e-02 4.161811686333405369e-02 2.982037186289192635e-02
6.282268680943743633e-02 4.776867502318710157e-02 2.729647316577549221e-02
5.930413542890402429e-02 2.737630990842813625e-02 4.315508832917504950e-02
7.312150943613225651e-02 4.248524741537388488e-02 3.997836864849734634e-02
4.340996687911239521e-02 1.602523926963581730e-02 2.229128169702806680e-02
5.865803655158215169e-02 3.349801335380662298e-02 4.854724928223496522e-02
5.196092273638871356e-02 3.976599857138944649e-02 2.036701036333850301e-02
5.916144114108437546e-02 7.706792878243422240e-02 4.535651701195336089e-02
4.622985965523924295e-02 3.924366873531390243e-02 3.828584915168936620e-02
6.526259061746714218e-02 9.497438702919186460e-02 3.369510893258844536e-02
6.718704114488743828e-02 5.483732395564822060e-02 3.579665450397413046e-02
1.165454592812458223e-01 4.611506164772205540e-02 5.170358923656247913e-02
6.883629443942354542e-02 3.554184501093677478e-02 3.345769103657254828e-02
6.059737062422208137e-02 3.156400123074558361e-02 2.925537234737900227e-02
6.176648521354784205e-02 4.009839341458557027e-02 4.848672532723626027e-02
5.561294985274557734e-02 5.060312359358135059e-02 4.319719213336244840e-02
4.358849558138809532e-02 3.766456277479414416e-02 2.476042917634587934e-02
5.915800597199048771e-02 3.326968392240154532e-02 4.249484667816187666e-02
4.312103050614882888e-02 1.782003604977160094e-02 3.085579477260350784e-02
8.848759830206581745e-02 9.871469100218527304e-02 6.501701113914799823e-02
6.084983623012073239e-02 3.575690455264018963e-02 5.292433369362225387e-02
6.662679942663668475e-02 5.374418824788994298e-02 3.821249089745791527e-02
7.947124712247334577e-02 6.050034198773852900e-02 6.633021556112236872e-02
6.349390793155593182e-02 4.666596502396988533e-02 3.590918850569858184e-02
6.446418845978975354e-02 3.916643265445321487e-02 2.533565056871808427e-02
8.537346639597394315e-02 7.648349873726371928e-02 5.720525146725797400e-02
5.667282560271136999e-02 5.326653870969035726e-02 2.495599371097628055e-02
1.021508494028485342e-01 7.428650460073384088e-02 8.596454141784555525e-02
5.410795960550951467e-02 5.282619028910677528e-02 3.071145052470259512e-02
6.113137716729585835e-02 3.282815609504004944e-02 2.640826775931476994e-02
6.857489691106116725e-02 5.505008050073948583e-02 6.067536033032393944e-02
5.447580056894948258e-02 2.913609016802905238e-02 2.347567550429706038e-02
1.023929842409695701e-01 6.635020674738480173e-02 6.977462631403008597e-02
7.927170617644802020e-02 1.106585251265650507e-02 4.126281809183369315e-02
5.764591827034108718e-02 2.602860834363640921e-02 4.132291377388064985e-02
6.423865036148919405e-02 4.378928557532527771e-02 3.780250846083236388e-02
5.797129372121294366e-02 2.675320410552137554e-02 2.703158193533687637e-02
6.155094604427848587e-02 2.620577553940574289e-02 3.211601403748469419e-02
5.536804660726345195e-02 2.837932548020228457e-02 4.071212646562585163e-02
5.451868010496448841e-02 2.672465447425079188e-02 2.091447505216345593e-02
6.788001882161606715e-02 2.827311612244895120e-02 3.222695139025481131e-02
9.044432699627012739e-02 4.717983291147026526e-02 5.301352028893594609e-02
6.186782515370601448e-02 7.558543666820119467e-02 4.641289382882802378e-02
6.578045061468609789e-02 6.243643558771531932e-02 4.700816903780919570e-02
9.727420324510788197e-02 5.353533083238845580e-02 7.681169291267207766e-02
4.790699286639878846e-02 2.549468213660662300e-02 3.616814736530937074e-02
5.234344827866356520e-02 2.643840058346422911e-02 3.210738305890829813e-02
6.500152867671563084e-02 4.723216331287946601e-02 4.344381384053875444e-02
4.029947158118848266e-02 2.189725908670948212e-02 2.417478534466670909e-02
8.339247335467574185e-02 3.925232606798420565e-02 4.628286857366184504e-02
6.458251085234208155e-02 3.457008947002584293e-02 4.057294107291403717e-02
5.701100224228920071e-02 5.576184711405084149e-02 3.007348989743514195e-02
6.361036050923987717e-02 4.133054796906630857e-02 5.965935874036033121e-02
5.477109675098879721e-02 2.947828325601306587e-02 3.592549022612764181e-02
4.558136090376289917e-02 1.148943844316797046e-02 2.054665317032827385e-02
4.802472983670900281e-02 2.199889967271563551e-02 1.518990776343867588e-02
6.912287625667552782e-02 5.706971567713180205e-02 3.170633668833684748e-02
6.104034702604034524e-02 3.909055710069416628e-02 6.357947798627369695e-02
6.072681170882734264e-02 4.942010774464448281e-02 4.985778976706606302e-02
3.419773245762116470e-02 1.801019325672148508e-02 2.795524413937399560e-02
4.315362847028887672e-02 3.426464632955033424e-02 4.093092180170661981e-02
6.070724093411683508e-02 4.437348209078530170e-02 3.906535468036240188e-02
5.475898218554742930e-02 7.523022024182661471e-02 2.854299235672325130e-02
5.372077579886425092e-02 3.536601992648567838e-02 3.144856921896312107e-02
7.336726402126428348e-02 5.917026468142284890e-02 4.327142660637217642e-02
5.029077711352328978e-02 5.135585088360504480e-02 2.331032919036713294e-02
5.354025351241256669e-02 3.597069472687495356e-02 2.879720857819375451e-02
1.066056033463656932e-01 6.878488595364054548e-02 7.486228633462678472e-02
8.963933221037083399e-02 5.432825782422699701e-02 5.342969151570551439e-02
1.083979072729490539e-01 8.584460360019545433e-02 6.816708512294053501e-02
6.199185035375753827e-02 1.236899329573835776e-01 4.455649995852092177e-02
6.059022070007656635e-02 3.572580142866628450e-02 2.497484093543796135e-02
8.417018812300540442e-02 3.831054187233481206e-02 3.319190644970197723e-02
9.524936066151745706e-02 3.855397107968566717e-02 2.854135869485823623e-02
9.220823635280105124e-02 3.929428163326083301e-02 5.001843752870042958e-02
7.747316606719276133e-02 5.142148063703352867e-02 5.697057136095829560e-02
7.315046359231408557e-02 5.951046793510678112e-02 5.864335764304161314e-02
8.184611496238206052e-02 4.072229760224765904e-02 2.084953090055225236e-02
7.468601903672157649e-02 3.741753737698857302e-02 3.583060914306644001e-02
6.927498299370141166e-02 3.109035989403725192e-02 3.111596425406702032e-02
6.205996516737115332e-02 2.732666672228530394e-02 2.619017815837016566e-02
8.240556297029440203e-02 5.251633182166080133e-02 4.792830876155572406e-02
4.351574483320762993e-02 1.502519661636049844e-02 1.896485675123694287e-02
6.525869735425891827e-02 3.363691275256264906e-02 3.620306667377657522e-02
6.537477919672025906e-02 3.373199417584619997e-02 3.131431254751732007e-02
6.528789257160466653e-02 4.633849755710484769e-02 3.818538266308058038e-02
5.804198005071906086e-02 2.974534127670624625e-02 4.987815944095689430e-02
8.291609878517261500e-02 4.762939745664176994e-02 3.577406320790164906e-02
8.413988867771081404e-02 6.761561924682374380e-02 3.406810734454061851e-02
1.000894973976713676e-01 6.156537614856769092e-02 6.291121937013693932e-02
5.789680286192758207e-02 2.764125192481755450e-02 2.711347740366076842e-02
7.721310615605130045e-02 5.129139859155062292e-02 6.879389973309926742e-02
8.096376470437677275e-02 5.025745730049602927e-02 6.056461317569793862e-02
6.518298401872961445e-02 4.382093246447127388e-02 4.049317367648726934e-02
7.298389172648135637e-02 4.501726078225349453e-02 4.679585102301893340e-02
2.514585761828260976e-02 8.310323110766883181e-03 1.060978573476163006e-02
8.746219364848271949e-02 3.636875442672846126e-02 3.701967683311822160e-02
8.515063299026319477e-02 4.048508003145635109e-02 6.410031112480366056e-02
6.014378326945521436e-02 3.764881506115812237e-02 3.390678572714570654e-02
4.681419773462767997e-02 4.863910999902995580e-02 2.786462565209004219e-02
6.355101122021701576e-02 3.337070986859612398e-02 5.970447586581002775e-02
7.690551578874178784e-02 2.617768040997449711e-02 2.124612945668125433e-02
1.426719898960335520e-01 8.821845214428895854e-02 7.227821866137801310e-02
5.837281038733946326e-02 4.662345955275660342e-02 3.135592370429488018e-02
7.246266057014982831e-02 5.859262510686416570e-02 4.565518912392342588e-02
7.186132264334713082e-02 3.818929948020623188e-02 3.257753184194273066e-02
6.606320393793004009e-02 4.627378973827364628e-02 4.134101972745660158e-02
6.026327750057616783e-02 4.497362053068911653e-02 5.107023433467108159e-02
7.241993133426963269e-02 3.528769568277283220e-02 3.230274989846877026e-02
6.266900847605876013e-02 4.259841287037760549e-02 2.671867401954403781e-02
6.916755446965505705e-02 2.991912316218734227e-02 3.913633052835979731e-02
1.002745750178446610e-01 5.049525286349054731e-02 5.361335194251094782e-02
7.680449490661275802e-02 3.809278488178428207e-02 4.059876758440359584e-02
9.768970417819410057e-02 7.963457834156373316e-02 5.782369652498337009e-02
5.519213031569199929e-02 3.278116589375065087e-02 2.953735969391945576e-02
7.916280689499367862e-02 2.484509199898684087e-02 5.188304011344117145e-02
8.316055712298801861e-02 1.019052060768174395e-01 5.435136281066910158e-02
9.180136338567478071e-02 8.848373570390358211e-02 1.030799233830065054e-01
6.635031575110809932e-02 1.269309955942504731e-01 4.774577077528688318e-02
6.268969619628113332e-02 2.596191808863629324e-02 3.067260408955676740e-02
6.401184907060086804e-02 2.744694716365319101e-02 2.245707158091705957e-02
6.337878870102874040e-02 4.160694683052324622e-02 3.637768949401211371e-02
7.563488028499876226e-02 3.409008420657919786e-02 3.938624319636951226e-02
6.065640208175328285e-02 3.011581519909784302e-02 2.500703867960455545e-02
5.584179052841863056e-02 5.243141987542211668e-02 4.690287222389345062e-02
4.699245914476544994e-02 1.558721854503475161e-02 1.593328174615905521e-02
5.636764188582935042e-02 2.688315936980034682e-02 3.210878764695433013e-02
6.957405701191921032e-02 5.822758820079627223e-02 3.129392523803803394e-02
6.107259135964530211e-02 2.221074813830740957e-01 4.688988937870662566e-02
8.502880689598167618e-02 5.683299836538079769e-02 6.739779457609203217e-02
7.139250441350263043e-02 4.871681469515334179e-02 3.750253648160886688e-02
9.016102182889154659e-02 4.058723418366777524e-02 4.581303534332856198e-02
5.771934182020668769e-02 2.860036813293759597e-02 4.053649822702582589e-02
7.174339736876302054e-02 2.336477495201691804e-02 2.067100737644734371e-02
7.844747260353485130e-02 5.005024018452140788e-02 5.721490777247002085e-02
7.140592997960566735e-02 5.503703040370938604e-02 6.168062966129259778e-02
4.193800967254059098e-02 3.339204341614344929e-02 2.782623928200526550e-02
7.825347772964448556e-02 9.494278545918186096e-02 4.331318276625422542e-02
8.745633393938566369e-02 6.840582365326791647e-02 4.072787496359368126e-02
7.970430962626685878e-02 7.899417006296180488e-02 5.071731252939452872e-02
5.803184440074286160e-02 4.422252626493879124e-02 2.543145845489245410e-02
9.895215560539150079e-02 5.913829885818479987e-02 5.505251887944317968e-02
7.090837606260333437e-02 3.543549368443679737e-02 2.798605589053199463e-02
5.412910004993042035e-02 3.127313157816203476e-02 2.510147697269146314e-02
8.657374894982310110e-02 6.277402752724225987e-02 4.915104583142409361e-02
1.015595543420492186e-01 5.228690944635230181e-02 3.925658794202172702e-02
6.132727471691837295e-02 2.952077767173409001e-02 2.427455106262126766e-02
9.351210775391903540e-02 5.067968411318148070e-02 4.361491650976255519e-02
4.752290346785378872e-02 1.997792100087634679e-02 1.203967041697328461e-02
5.139072266186139187e-02 5.036967722261209007e-02 2.706992093212587380e-02
7.499216025332432201e-02 5.260838175355195961e-02 6.101365363480706211e-02
6.798975623930642032e-02 8.662427329933551634e-02 5.230756725818681147e-02
5.898587386908252239e-02 5.486530507012608859e-02 5.251543075794833093e-02
6.343139839142034053e-02 1.538684777708003437e-02 2.860009562312043965e-02
5.421311082717567009e-02 2.718679371442038820e-02 2.477299899326763921e-02
5.261659068402533418e-02 2.953782430025033226e-02 3.175052158841680516e-02
5.501404196724182794e-02 4.979887934896756047e-02 4.505166431699370727e-02
5.777709489317775504e-02 3.171782738717582317e-02 2.698995769906738923e-02
6.520923159554375959e-02 2.460798785957640442e-02 3.150269873559632949e-02
7.540490481943118439e-02 4.299519290800495747e-02 3.911167348940756960e-02
4.816197266416728101e-02 1.191721850681077416e-02 2.431755469195678171e-02
6.887173512653316232e-02 5.973335959946422108e-02 5.554658369657242828e-02
7.018652830918609142e-02 4.700933755439977435e-02 5.937007986046238112e-02
7.536684451968614362e-02 8.843338736792033528e-02 3.353249096795040546e-02
5.430362766143274206e-02 4.383884183403967405e-02 4.084318913561894165e-02
8.135058185409484166e-02 7.281643135255129462e-02 4.141572300598703876e-02
9.243435819713818891e-02 6.012488291902782361e-02 6.779740806003464737e-02
8.309453745294535787e-02 7.380738199095400465e-02 4.051186771538015097e-02
6.751178620461467661e-02 4.330447042287609988e-02 4.980511171084670702e-02
6.672583813787498486e-02 3.134669289679691689e-02 2.625407264896227610e-02
9.924301299196970627e-02 3.418839648915614898e-02 3.965966326642254847e-02
5.572226325131798136e-02 2.843965756121126509e-02 2.143663904604504664e-02
6.369756889129794819e-02 3.119985871542351949e-02 3.450725356737012472e-02
5.903672893325932064e-02 3.998465757624988792e-02 3.267975990215697679e-02
9.480032273184364755e-02 8.982771562694684409e-02 4.722472085846825957e-02
6.780277071590380678e-02 1.833888699548538725e-02 3.189866957904333167e-02
7.577237658197594206e-02 7.008021730216786038e-02 6.464292190934284310e-02
1.546390708845638562e-01 7.672459498767464359e-02 7.016927096319611201e-02
7.855715509493516047e-02 2.815937897554509836e-02 3.816421925213368815e-02
5.581694562811086169e-02 4.731562302504181000e-02 2.822580801011121895e-02
4.960946859255505742e-02 2.480108633969720436e-02 1.561946315562112719e-02
6.618925369895148347e-02 8.760099025402381945e-02 4.244875091442965737e-02
9.932201179625683995e-02 7.839600537910913769e-02 6.758432378311404753e-02
8.181275366092817525e-02 5.691075802868075795e-02 4.986889694313467736e-02
8.478237730394279359e-02 6.389473459277070222e-02 4.589232447069899884e-02
5.998557842259746170e-02 3.098990984483729338e-02 3.605848336029433832e-02
6.620907320345857661e-02 3.440593578654744383e-02 3.004885158108090010e-02
1.373742638789650916e-01 5.638908732347382158e-02 4.683569749499470747e-02
4.853515763238788056e-02 5.379091189242782289e-02 2.882682815785268804e-02
7.349085619602832575e-02 3.872656753358735826e-02 3.164557821121651709e-02
4.619877092772754767e-02 3.385746392040935027e-02 4.314474427312398747e-02
4.328368318876129467e-02 2.303673115749776609e-02 3.066736187147429613e-02
9.804140891576028360e-02 4.581388329348170391e-02 6.090868687933893855e-02
5.526418913700669594e-02 2.421311264618653675e-02 3.682163045457148565e-02
6.673504352441216037e-02 5.674009823252224721e-02 5.315548193649468484e-02
4.213302858684592200e-02 2.094570346498070626e-02 2.250112646262057356e-02
7.064350406420588646e-02 3.890756196589725824e-02 4.641067894223824264e-02
5.683184997804295591e-02 4.348044198497488105e-02 4.316534117768693751e-02
8.363212613781827176e-02 7.806955293759428038e-02 5.204660977062033900e-02
8.633276868303214890e-02 6.571209729554398915e-02 4.078422760506435207e-02
6.934629808751878455e-02 4.554697883197995900e-02 5.081303285043966417e-02
7.696992677393416082e-02 6.025293768003642941e-02 4.790586659654555435e-02
4.657652116517773527e-02 1.886851342658072972e-01 2.220799481057581307e-02
5.113248337314368203e-02 3.826418234153609876e-02 2.966061030359617295e-02
3.294768679029843467e-02 2.435209047597255289e-02 2.313511674934264073e-02
4.384301615207056302e-02 1.469807885260870223e-02 1.544784565458896114e-02
4.692941946259941016e-02 2.962482721308391104e-02 2.700177598426422437e-02
7.109663324335810386e-02 5.547994018070645517e-02 4.111948704976631230e-02
3.791658990590113243e-02 2.677715715917054415e-02 4.223780009826424292e-02
5.852820163549427024e-02 4.212518163838800678e-02 6.392454111370998726e-02
5.608337270692503873e-02 3.383968071355096530e-02 2.822794018249867240e-02
6.467795858146807575e-02 4.453365482205048909e-02 2.182067408911166767e-02
7.312558520300097009e-02 4.183615752654183673e-02 2.569627297641304681e-02
8.404462288076111620e-02 5.582374889196412698e-02 2.780721868103265895e-02
1.045098423234737811e-01 5.483609830279197184e-02 5.914095993521190781e-02
5.297631998665717351e-02 1.611630210689926901e-01 2.990418760086381231e-02
7.555716104411343281e-02 5.627687027362285321e-02 5.771361120108455672e-02
5.308589890504752939e-02 3.072639639455383362e-02 2.230857161892453588e-02
1.148146163374804130e-01 6.109524244228017875e-02 7.491001665599293646e-02
5.222037527260800505e-02 3.963496361303632531e-02 2.886279452638687223e-02
4.332908749189335468e-02 3.458548084088088753e-02 3.129439152138096397e-02
7.981753904853958193e-02 3.763367704680692372e-02 5.337515734514261534e-02
6.540524716130974303e-02 5.124920004173190435e-02 5.019205495263563688e-02
5.201478076962753189e-02 4.562048568068943766e-02 6.712908939614364856e-02
7.770252074068788317e-02 4.867349317482096149e-02 6.454664861936289244e-02
5.063268371104902299e-02 2.435665584619322449e-02 2.154459666182648170e-02
6.474292910949264179e-02 2.672219999033870891e-02 4.229182257416640861e-02
6.787500537350323049e-02 5.163168955932224968e-02 5.329834072717848370e-02
7.733413314407432126e-02 6.689516776573439794e-02 3.975605547356197284e-02
7.044419693446776765e-02 5.000869780557032351e-02 4.122634260170034842e-02
4.599236299937434214e-02 3.059886611031044021e-02 4.139831977929116918e-02
7.079737348163837873e-02 3.104264790097567908e-02 2.745897850162587125e-02
7.873491065930175725e-02 3.035579926653143162e-02 3.566785844260388777e-02
9.591937073206864561e-02 5.505726366400603977e-02 6.320058317992530150e-02
5.629251972648156160e-02 3.741869576833028316e-02 4.975897550060891239e-02
5.068209377194696219e-02 2.668234963613841382e-02 2.919141167761689706e-02
4.360269852161188092e-02 4.663408803640686773e-02 4.129555793206092507e-02
6.785795530193423908e-02 3.158566962881657197e-02 3.522972952798068130e-02
1.092240603173375707e-01 5.435660031208947029e-02 4.566190827512033729e-02
7.866249783491324754e-02 6.625527088409666199e-02 6.678112109761895343e-02
6.617889379549130036e-02 4.259385508278559773e-02 4.878659673088558968e-02
4.712131372213486380e-02 3.166590466830417755e-02 3.402118971948470127e-02
5.580625837237198489e-02 5.690306777396796772e-02 3.888190212606176810e-02
4.168975448043316795e-02 2.235919916839199800e-02 3.011374716254188594e-02
6.301298888899872774e-02 3.449472798356767456e-02 4.338334186714353641e-02
5.538392129493498184e-02 3.137483628015191872e-02 2.230114645425887096e-02
7.730212574558555094e-02 4.735298819958230765e-02 4.178892390467204426e-02
8.906933705834800541e-02 4.995249959811058627e-02 5.638963810527509307e-02
8.263507192424232595e-02 7.319325308213175951e-02 8.304846565849485773e-02
6.869754902392954943e-02 5.297585721069596881e-02 4.560968369542173911e-02
7.410165276640601206e-02 4.708056474855861623e-02 5.033377091035704659e-02
1.091821512959825352e-01 6.368078558374290488e-02 9.784879505766458374e-02
9.926145271188964447e-02 8.347271231731895336e-02 6.449381497233254434e-02
5.184860351918232912e-02 3.316483545038256819e-02 1.798831297647842525e-02
4.973889102211673935e-02 3.795042327451036979e-02 3.617528233360983031e-02
3.991769256504541091e-02 3.125874942602054757e-02 4.959552291628475246e-02
1.074249470916899957e-01 9.869349337655844434e-02 6.429539691278890468e-02
8.804267838342096086e-02 1.146579395129548457e-01 3.897539022641032663e-02
1.199563715316529777e-01 6.055991702300627527e-02 5.633481156434855947e-02
9.192004489259629485e-02 7.169304698727994862e-02 5.105660124007016520e-02
7.275613561180276079e-02 4.389655068703179897e-02 6.380219781073633023e-02
7.787622721230505474e-02 4.392203148669351215e-02 4.224278100928666180e-02
5.624699970479290351e-02 4.282222711814558103e-02 3.563769025207097485e-02
9.765187584254707287e-02 5.074952827934216260e-02 4.482317817493206014e-02
5.448193243957624721e-02 3.731153342803444212e-02 2.051698354540435615e-02
5.796216644937777357e-02 5.247643934086178991e-02 3.246045056492271458e-02
8.440443509528169908e-02 6.227986394390288422e-02 7.197269068904789402e-02
8.908921867512155368e-02 4.976430931781850725e-02 3.414034732639433661e-02
8.052448776760862126e-02 3.797459315016168957e-02 6.769379348503465343e-02
5.886985014708043251e-02 4.367144325751409761e-02 3.486662869901438477e-02
9.470576180434650548e-02 4.162629164323474601e-02 5.108162447009172852e-02
6.273967235926136699e-02 3.541894755278423429e-02 2.762764784642467164e-02
7.464328845286576086e-02 4.285167729355450483e-02 4.471057962119735774e-02
5.224825395408657508e-02 2.571463560349294963e-02 4.451562551588097993e-02
7.309321422789699652e-02 3.547919944636687695e-02 3.692619394499810359e-02
6.341168552386770851e-02 3.445024777014321637e-02 4.273327664502048207e-02
9.101598073305804115e-02 6.526853654912635749e-02 5.192493917491448202e-02
7.236538590123227366e-02 3.948212970153083257e-01 3.651897626051701928e-02
9.859233413773291210e-02 3.514490832569075462e-02 4.570824146579300501e-02
8.777542751457098613e-02 5.175451347101325816e-02 5.658127083013925890e-02
1.023978923998989238e-01 6.147937311172571584e-02 5.788019944344406642e-02
9.552923803731344643e-02 6.578946085442184677e-02 6.551170803433180312e-02
6.521363972485111349e-02 3.648769864537845797e-02 3.277898880059877673e-02
8.527119622614649785e-02 5.846418572948372527e-02 6.765237246839532481e-02
1.019323649316817154e-01 5.873327650810562794e-02 4.547633050380290448e-02
6.165037029544159081e-02 3.119835603626974069e-02 4.911441696099719256e-02
3.926313613644148715e-02 3.666328989763471824e-02 1.691651277222977826e-02
6.358703946173473176e-02 3.095066439162352454e-02 4.391430029105661270e-02
4.794757452692982591e-02 3.295427518231595215e-02 4.694845230255036833e-02
5.736721698022919508e-02 2.650013880799567678e-02 3.425705039852767336e-02
3.089333772310840984e-02 1.964596076680633421e-02 3.398067989951574636e-02
6.336055770151453881e-02 1.973493122088896753e-02 3.401940587274761285e-02
7.034835369195084620e-02 3.050819535028765142e-02 3.475641582475885033e-02
6.848532477431973353e-02 4.781508542971192599e-02 4.215475879902831624e-02
7.884946570239678709e-02 4.078146985470916530e-02 4.173052444665939498e-02
9.485045287511011114e-02 5.694705435590806386e-02 4.727808897114361281e-02
6.990468050241963049e-02 4.493304610754480372e-02 3.497692340516015547e-02
8.031870214615356718e-02 4.803089296614479475e-02 4.224796655681024860e-02
6.605280832689473802e-02 2.703196983923876473e-02 2.855760103673407949e-02
5.204220324673942272e-02 2.007760375825253241e-01 4.367747348536649837e-02
3.963099856352142458e-02 1.676973012406443586e-02 1.901267466396606987e-02
5.881203199650527486e-02 3.515369388884006380e-02 5.556029728900510611e-02
8.166738954521939042e-02 6.286017022087264650e-02 5.024219187928154196e-02
5.086818656923232373e-02 5.641176602895257852e-02 4.725144561614073174e-02
1.037873090131753717e-01 5.155251281807879393e-02 3.866436917307756321e-02
5.196116757634067218e-02 2.983569872671370735e-02 3.401001306379899947e-02
5.872735079854095319e-02 4.150693289816725223e-02 3.288888557606436253e-02
8.503718732145529313e-02 2.022007533057271766e-01 7.674405954708218847e-02
8.133169759492410444e-02 5.108670621347728702e-02 4.061930564351219630e-02
7.442344665133115988e-02 5.921295563726758360e-02 4.388516707541100653e-02
8.023258586588660757e-02 3.569456342493650819e-02 5.221406439667968663e-02
8.270433928921237798e-02 4.539945905426691353e-02 4.252358936354656838e-02
1.002583727576935313e-01 6.536335250253305640e-02 5.725540257857521242e-02
5.221233618873678817e-02 3.783605751643243781e-02 3.672009615506422603e-02
1.187996127241932737e-01 3.778008160622887968e-02 4.961167277472607745e-02
4.511799613020018446e-02 3.888654012134172555e-02 2.610569553376921800e-02
7.172459497167674169e-02 5.914170482015013858e-02 5.774210151946651548e-02
4.966219815984330294e-02 2.492394502557816055e-02 2.511793582080300985e-02
5.819044075439938624e-02 3.213346146565807665e-02 3.270536796017946279e-02
7.799727506853069980e-02 4.360984723066547303e-02 3.073080473337169716e-02
5.829088584222135577e-02 4.374656291853952494e-02 5.227986859460389407e-02
5.538080454336819641e-02 3.012634369941215307e-02 3.558506424472202695e-02
6.696669480453854018e-02 6.876693967227152926e-02 4.392430717738701057e-02
5.968334943035760037e-02 1.877207631916002692e-02 4.467454250249934533e-02
5.758984441105118729e-02 3.833046616076577623e-02 2.887871069005490746e-02
4.249105542358359855e-02 2.384446282300730496e-02 2.541700213896133306e-02
6.587192245830281179e-02 3.475568464033566840e-02 2.984536058916398976e-02
5.511089821986649845e-02 2.933884235044493041e-02 3.143727368476987444e-02
9.558114564424986803e-02 6.882696811481811561e-02 5.536800194353523608e-02
8.135966603139367648e-02 3.136127698867959002e-02 4.571079625304283467e-02
4.712726796707891047e-02 2.548026931898334652e-02 2.911350077598350017e-02
6.932942746881290419e-02 3.672226362256993809e-02 5.330270317369825706e-02
7.117811369943488620e-02 6.131342881306388326e-02 5.670312168238791223e-02
8.193979816700296126e-02 1.136742686440216088e-01 4.568361978337191764e-02
9.748380105474793722e-02 7.464566269995778769e-02 6.277945886459956881e-02
1.166033627237574311e-01 9.897895580993325282e-02 6.746036800601040717e-02
6.523810476223416976e-02 3.589985446560115673e-02 3.863293855100841112e-02
6.371233304055357038e-02 5.240985854220211321e-02 4.077447066624723115e-02
6.510454540718610406e-02 3.662973123213975057e-02 3.019797987093079256e-02
9.412339159803910504e-02 5.806184721058504916e-02 5.536980821211816284e-02
7.350622971129776306e-02 2.020027748540452195e-01 3.225983979788105832e-02
4.595407777149428802e-02 2.488055098564038656e-02 4.490990245469738545e-02
7.001561001503270321e-02 4.676200651681983872e-02 4.792878616199069963e-02
6.720161338969636577e-02 5.773518197862106960e-02 4.627897299070300730e-02
7.531242722536297951e-02 4.385956498655866481e-02 3.354258036598403020e-02
9.240781205568299184e-02 3.337889201328399225e-02 3.508674768517153902e-02
4.755173263480717838e-02 3.428642425716429271e-02 2.362510430697365577e-02
4.902720773553059103e-02 3.062131517857613616e-02 2.489022137494480494e-02
5.126564367870232314e-02 4.030389380347431522e-02 2.575701142412491207e-02
5.533807374486360287e-02 3.518111808658468120e-02 3.211059299046271215e-02
7.970904812402895834e-02 5.008120663626690339e-02 3.645878033664615159e-02
6.310205170806670871e-02 3.672637092098367945e-02 4.848738785614324642e-02
8.561425375824054107e-02 5.100550200234799797e-02 5.066936518551651975e-02
5.081199841344806456e-02 2.595411090194858772e-02 1.918277630266486747e-02
5.084528793459267004e-02 1.483918723550251353e-02 1.625053143881485460e-02
5.355277144678569773e-02 4.614035288587050448e-02 3.246695518355680043e-02
9.587093975287602765e-02 4.511383373641081329e-02 5.965023847248499683e-02
7.300677586198965618e-02 4.437236507858080548e-02 4.731513286053704720e-02
5.803949314923677327e-02 5.416721781878939407e-02 5.129099701544645451e-02
6.742498902624143031e-02 4.361640153081345478e-02 4.550979644145298347e-02
8.067155111928135669e-02 5.229532497767672150e-02 4.493646663493349597e-02
4.124915806710007654e-02 3.162095845763493451e-02 3.413243152965762112e-02
7.613581846362356409e-02 4.091838150944129143e-02 3.670384923101826374e-02
5.425111031613120277e-02 3.830076924868433541e-02 3.603139211439867345e-02
6.474079123914697198e-02 2.813343664205841463e-02 4.225852559228743255e-02
6.555471467601461932e-02 3.413502233076074616e-02 3.799051735346293396e-02
5.602889303956452155e-02 3.663435856286131886e-02 4.870795044878684088e-02
8.220013175929623273e-02 8.498584670354333848e-02 7.034190130942724606e-02
5.541770133751293403e-02 3.022177133930444709e-02 3.463698812005772815e-02
4.730570624425792237e-02 3.350777133615883557e-02 2.242879279821691912e-02
6.881363474283647141e-02 1.134258504641240672e-01 5.846261056533706701e-02
5.832842831448939447e-02 3.665132165077297083e-02 2.467278142883301204e-02
7.788410226866791797e-02 3.289838468461590837e-02 3.943781490555523656e-02
6.944633585878186299e-02 5.770942612680583089e-02 4.268870331117684269e-02
7.043079393485454642e-02 5.842920030496263906e-02 2.179402084557580110e-02
4.778591583412833410e-02 1.852603201167321578e-02 2.988057667434006887e-02
6.759712566195534567e-02 4.909655855164003074e-02 3.606880363610837081e-02
7.339773035945523771e-02 1.899626951039888600e-02 3.015228670027936611e-02
6.935773401448028230e-02 3.062505369262928656e-02 3.533099485488141317e-02
6.462065276770462274e-02 4.538914116156825274e-02 4.875767789265852969e-02
4.577307692654379589e-02 2.414463626581024938e-02 2.002375507378296310e-02
5.527754957877335090e-02 3.420240393150016101e-02 2.751379896027087227e-02
5.401959424859999193e-02 3.305816592133640347e-02 5.119917437479595129e-02
5.637373135063952073e-02 2.657074167832134542e-02 1.735722351408512318e-02
7.072721669262679867e-02 3.746187094457768818e-02 4.316880292901846550e-02
5.186892710575921606e-02 2.583068668577115715e-02 3.363814851743476830e-02
4.935893670222912116e-02 1.132450822759257514e-01 3.832269607447577608e-02
1.010921951285567999e-01 4.833653873402917606e-02 4.146284675095877198e-02
6.110677442831174977e-02 3.472700652129241672e-02 4.807168644539366181e-02
6.166363575414999382e-02 5.633940043790332253e-02 4.021448769489982533e-02
6.840678884500969725e-02 1.478793230710097606e-01 4.825902532355842711e-02
8.105894146080022677e-02 5.991472878388645618e-02 4.108947590785840681e-02
1.256579469112908409e-01 7.794090786290748529e-02 6.956382571910652013e-02
6.105822945652340100e-02 3.638236523445972925e-02 3.476032141283440235e-02
6.540102094922416176e-02 1.572543070076314053e-02 1.682199663289121391e-02
4.511836824951461627e-02 2.755039925920915733e-02 4.209201620825411827e-02
