6.552692709955888761e-02 3.510126104020098309e-02 2.857121607460630722e-02
4.063277625115267050e-02 2.051391056055205248e-02 1.847939206732560763e-02
5.383087347694800323e-02 2.186685774273651808e-02 1.820949727492426895e-02
5.894651663993642071e-02 2.529521964779092927e-02 3.881690014067792210e-02
4.754818744149572063e-02 2.033333580680774660e-02 1.741593589462995390e-02
5.606100098999602238e-02 3.165312182481121173e-02 5.288151289882415257e-02
7.342343871759125784e-02 6.027841035535665137e-02 3.589225765167166488e-02
6.650487115648281988e-02 2.572940877433407131e-02 2.205363311208934779e-02
9.433455945478777527e-02 5.041313599412289292e-02 5.989154950152732193e-02
8.288714727566492968e-02 6.707360330281389449e-02 6.988053848632859444e-02
6.590467879761058301e-02 3.988699280989544543e-02 7.142374660746006465e-02
6.296124287435692080e-02 4.117887405450310068e-02 2.950276794137487654e-02
8.875016146443572007e-02 7.232121727685505985e-02 7.138060245557226180e-02
3.805473285953423629e-02 1.902298283074554952e-02 3.115122670249046918e-02
6.379218061171980370e-02 3.495736053165569845e-02 3.714114516827597690e-02
8.681153397855879972e-02 5.192773460410639308e-02 5.897533560235234534e-02
7.194192380529473851e-02 3.576190196711967473e-02 2.921931607693289967e-02
7.868752506039097816e-02 5.584649381130929457e-02 5.075162273958845616e-02
4.311440589464558826e-02 1.505482834627051847e-02 2.440023451646199104e-02
6.675313675143480785e-02 3.090453278242136920e-02 4.984402730353239969e-02
6.934970374543668326e-02 2.242708164104881621e-02 3.426284373455644461e-02
5.457208486543502907e-02 2.805375179933228269e-02 2.438786158176348487e-02
8.422240900678377995e-02 5.129204738999890850e-02 3.643634212611149281e-02
4.718110590359006484e-02 2.378327281765123258e-02 3.813232868908171536e-02
8.480150710930302316e-02 3.409945402989139618e-02 2.917684082057958941e-02
9.116369801702753350e-02 5.547053322777022455e-01 5.920996157096432982e-02
6.043581343982352277e-02 2.405942544692502016e-02 4.132445978700251266e-02
9.590514286376244923e-02 6.953391198844589838e-02 8.561702264981002619e-02
6.904918362510382990e-02 4.737679935693798333e-02 3.170102814190164930e-02
1.152893003056332660e-01 6.579059978952399301e-02 7.654371897342845954e-02
5.021465156228703541e-02 2.851665372006717200e-02 5.377992953514921376e-02
4.859403176256008733e-02 3.906949082401546536e-02 5.353230237689846072e-02
9.261128767350759738e-02 6.375142549151262272e-02 4.293296695412365110e-02
5.416150678876565511e-02 2.765992427906437123e-02 2.480168574003538060e-02
6.176502069724906091e-02 4.137341923396191390e-02 2.757171418565340995e-02
4.844099484072770384e-02 2.714730433996846715e-02 4.565706666131863489e-02
4.339518865577763479e-02 2.712364620728232451e-02 1.355193992500437067e-02
5.402102531966723742e-02 3.399732927534657861e-02 6.515478366633714602e-02
4.545677536848140993e-02 1.567791795375720124e-02 4.361401881400339686e-02
6.792816771753558414e-02 4.497307929892954692e-02 3.793123889018310685e-02
5.406967841878326103e-02 1.890694253416653342e-02 3.795841727435896040e-02
6.402180957265543593e-02 2.153390923679789418e-02 1.937449606206640557e-02
6.966861510042894612e-02 2.702956183979903990e-02 5.424450900486241928e-02
9.260900169773192414e-02 3.252430185748979991e-02 5.846669019376842663e-02
6.131043936674436534e-02 2.630034157945841319e-02 3.972582357340274234e-02
2.574702052750211037e-02 1.506196098288636528e-02 1.297399729280425580e-02
5.686782441295052531e-02 4.660767485746234590e-02 3.579407538148755147e-02
4.036136176927140190e-02 1.627087082542617857e-02 3.798962909031017299e-02
7.832920705192920885e-02 3.100234382787245280e-02 2.870883830824471489e-02
6.405319963423991569e-02 2.457724486007490522e-02 1.886079279947123349e-02
4.893600013266838356e-02 2.883317395050992715e-01 3.938927063279132335e-02
4.434501482244331688e-02 1.495057448787038418e-02 1.153493642024231922e-02
9.071620727266284379e-02 5.080399583611502207e-02 4.541463198334183549e-02
5.508875310577586448e-02 2.870431029007550552e-02 4.728688966562418633e-02
4.754535512954867482e-02 3.917420610592384916e-02 7.073978112371227811e-02
6.402869667758191718e-02 2.591257915454071165e-02 3.724803968513541730e-02
8.730323830243974514e-02 4.052665611675142221e-02 6.097431855304194515e-02
7.969177714716305094e-02 4.304993756270265870e-02 5.024582286715804924e-02
8.366263834458283200e-02 6.784977903619779371e-02 6.985529479840266176e-02
9.127211405859450566e-02 5.023516211352770100e-02 7.878978548958322226e-02
5.918652973715326365e-02 9.707015057700657534e-02 2.525337631474757621e-02
6.515995700108334621e-02 3.172181286137321782e-02 2.548642331001399822e-02
6.141935168283833846e-02 4.022748469140229044e-02 2.736305740242247694e-02
7.255855125809425321e-02 5.255576959005260618e-02 4.659556551602099528e-02
7.119367795889815220e-02 1.162440630884634230e+00 3.198256206631031051e-02
9.374922023000681337e-02 6.146093751760162149e-02 3.868111604377107160e-02
6.475592017185317906e-02 2.267095162001812186e-02 3.202966811494502991e-02
1.000045358452025107e-01 7.296781313040613670e-02 4.483060904336461094e-02
5.324594352058941576e-02 3.487423350427142771e-02 2.367866056408369710e-02
6.725435471330007409e-02 5.241146894691794261e-02 2.228014996704651834e-02
8.667480676660173355e-02 4.578310093996949132e-02 6.356111857827520528e-02
6.079351956539339602e-02 2.648352099718464386e-02 5.640886438675505460e-02
7.507068605813900508e-02 2.780100766729282080e-02 4.436217153918109446e-02
7.099328513549235664e-02 4.823099529146357423e-02 3.136560567198272420e-02
5.503982174492061397e-02 4.286565106849613005e-02 2.280768015001041760e-02
5.186762599080340513e-02 2.464150065722181537e-02 1.873817564813622105e-02
4.598519331250163628e-02 1.644303339754173490e-02 3.758667981485580567e-02
5.443732462793026555e-02 2.625833168850330926e-02 1.868337548348631208e-02
7.351308345833698632e-02 3.589514424475033494e-02 5.762390285906136833e-02
5.335125814152572726e-02 3.595079492727280834e-02 5.926383117386627847e-02
7.099192984958799246e-02 3.971465997006735915e-02 4.104033882364827024e-02
5.873367051638722636e-02 3.720454546171022420e-02 5.918001590521460020e-02
6.091418395774594180e-02 3.902619417490674203e-02 2.497546005446797321e-02
3.663756187833602102e-02 1.472657334753686188e-02 4.696304274339645896e-02
6.681819010506533096e-02 2.937037594192166978e-02 2.448182900135945084e-02
6.588611906754793246e-02 3.634432776133491444e-02 4.679171254329957119e-02
9.465734081062646132e-02 5.986051157221600194e-02 8.049438357888083484e-02
8.628444255102647731e-02 4.678062525522076742e-02 3.392913849139916199e-02
5.529309521498777108e-02 3.730664519042574401e-02 3.369932300977413614e-02
6.334935027817886755e-02 3.407498308993711644e-02 3.112734428816010812e-02
6.546716893815730798e-02 3.802276399726651351e-02 7.737162880101444706e-02
7.627256233941531738e-02 3.849705625685584387e-02 4.555140835076845057e-02
5.791236803947211187e-02 1.507933975160600723e-02 1.821882497294055256e-02
6.892561468760088905e-02 4.655355127484166189e-02 5.416175195921265478e-02
5.177881745362542670e-02 4.102769884144051582e-02 2.213058102743685820e-02
5.731121813844696627e-02 3.108348407997316848e-02 4.007073013107739085e-02
5.441351249833218523e-02 2.142860647451393791e-02 3.688673352468731237e-02
5.010610781646455264e-02 3.918360460751618701e-02 3.120609369782276557e-02
9.709082631204497826e-02 1.105703714013714228e-01 3.854970727037702188e-02
7.096081975601761793e-02 3.139942955829562454e-02 3.589283857099961200e-02
5.140346018809854173e-02 2.154768092026668538e-02 3.217047680019969463e-02
6.067243120602097001e-02 1.857448132906564311e-02 1.719364783988510184e-02
7.056606081683300391e-02 3.826801207759120138e-02 4.854256232918102709e-02
6.137795643639593068e-02 3.851961654009506547e-02 4.785767850260161382e-02
4.923274613530571192e-02 3.226616614476669753e-02 4.374675065133739466e-02
7.223929206953713655e-02 2.867091167923726050e-02 1.767473698271488161e-02
8.630845178598636758e-02 4.194639606094023587e-02 3.373120688640872389e-02
6.919420830775391273e-02 1.289685023576893352e-01 5.501219252131001047e-02
2.587444025144695903e-02 2.690750453272602871e-02 7.175365974245515380e-03
5.415854655775451804e-02 4.573027374196499822e-02 2.482770462189436492e-02
6.850190842635825450e-02 4.500277133115528072e-02 2.728741574847791396e-02
5.569955862461030416e-02 2.290720197854421297e-02 3.759978660906981851e-02
9.273453893717979735e-02 6.409294451869494702e-02 5.927105574906357810e-02
7.728687540231775344e-02 3.372621290936980709e-02 5.182204255528682219e-02
5.639947465651888592e-02 2.530295341447134222e-02 2.486842388499205941e-02
6.688265353430886129e-02 3.757516866964497049e-02 2.172550664244549123e-02
5.013814590968760504e-02 1.933772038509513208e-02 1.460804666157377273e-02
5.862908032029702510e-02 2.546755247262828814e-02 5.314282407061886315e-02
4.121428300033111447e-02 1.966855100985650390e-02 1.156801738900309004e-02
7.148783488786579488e-02 4.340033049437042045e-02 6.050137659364839687e-02
4.550329987143752336e-02 2.534448486464917910e-02 3.689971325553258880e-02
6.069786620547616002e-02 4.243131478978539456e-02 5.167205909072256076e-02
5.020204337246506748e-02 2.907335707722988327e-02 4.805523995751010552e-02
5.528667442778336522e-02 3.683944937437155093e-02 2.445947251350078649e-02
6.648994069766878123e-02 5.139042841780482040e-02 2.862558145582055902e-02
6.384533818390654425e-02 4.187405837378161549e-02 5.108918507691308231e-02
6.202590168933795611e-02 2.156073372825492371e-02 3.601770628160143317e-02
9.683812743752567842e-02 4.946864043250701060e-02 3.435790696580887094e-02
7.252700119367845588e-02 3.892648541128659878e-02 4.704757473853984906e-02
6.378362445877509834e-02 3.597558746119908224e-02 2.263322149181641943e-02
7.187103557800125775e-02 1.924657910304631292e-01 3.532752226662380646e-02
5.328798992003964258e-02 3.808780748896616331e-01 4.993408548231014626e-02
3.563952797118883492e-02 2.523674245950750794e-02 5.179790384066534220e-02
7.821738476944926910e-02 3.720394538440732757e-02 3.979384946962300634e-02
5.300736205579038157e-02 2.300142556610940137e-02 5.424282279540784679e-02
5.702405907110643518e-02 2.609924334699535026e-02 2.997757034826966510e-02
6.894770695152921403e-02 4.001492705350621210e-02 6.621801331458482265e-02
1.022927041209129029e-01 6.363135165166038110e-02 4.592689907597900800e-02
7.374505894237164128e-02 6.065191792063246573e-02 3.806740171541429796e-02
5.971827087535970524e-02 3.705571369003254206e-02 3.057811827121178355e-02
1.050868894678979731e-01 1.009274579769784685e-01 5.573029688286360028e-02
5.935101072525442861e-02 4.528505993551580622e-02 2.746079018701268887e-02
9.023680319372875958e-02 6.563787221631614544e-02 7.448011497798669167e-02
6.983700808155456075e-02 2.611269389726477222e-02 5.465384808384336074e-02
8.498946422611000640e-02 4.970200036218783146e-02 5.011891070218622152e-02
3.960269591922294108e-02 1.754833826545355857e-02 3.220532976150033283e-02
9.340248430555483927e-02 5.556499212783872627e-02 6.586620612385121754e-02
4.532058890273220342e-02 2.850654983816641036e-02 3.620088499556647910e-02
3.470222261295487914e-02 1.725480694284803329e-02 3.361824009446232053e-02
5.818334122602704384e-02 4.075656976143038346e-02 2.709933731849931138e-02
6.877758870472894248e-02 6.005697555134741072e-02 2.901088378585687730e-02
7.344337379657077391e-02 4.592380961577316456e-02 2.941829613553939571e-02
8.712313474582150663e-02 4.096216200373984512e-02 3.445963849944970459e-02
7.434815510652255377e-02 3.349541608126715281e-02 2.472485960763310883e-02
4.791996188938046214e-02 8.467572821459580512e-02 1.682913737200836951e-02
6.336391661934726027e-02 5.578938272082759747e-02 3.922274730190702247e-02
5.820320595634018851e-02 5.225056361659824455e-02 3.234071412121500289e-02
3.570687300898361949e-02 1.049345404932619866e-02 1.282258146295361077e-02
5.293526081888733775e-02 2.446242987207853520e-02 1.984658965476004955e-02
6.691174664938416561e-02 4.622866214966836473e-02 7.933648380126992472e-02
4.492698414449165095e-02 3.837995645064830319e-02 3.101849342058955045e-02
5.872372748114940838e-02 3.725619830107509273e-02 2.391173613389279209e-02
7.140859799802078134e-02 4.327356925672146831e-02 3.464017809058186903e-02
6.410751947705446707e-02 2.743492129303193305e-02 2.228385690482068138e-02
4.255991355914646307e-02 1.814020735152948455e-02 1.151310323682841474e-02
5.701803003829145067e-02 2.080946509629328159e-02 2.756101660072432860e-02
6.799127938778265490e-02 1.508012678127011730e-01 2.902161914102206752e-02
8.211875614943338342e-02 4.834785856309659069e-02 4.082800410566203575e-02
5.368052623052087940e-02 2.248326451186976813e-02 3.930541558593556722e-02
6.191414349973945602e-02 5.067885089541589172e-02 6.309922133140422051e-02
6.169033645025419343e-02 3.322369267415541116e-02 2.621894065604019400e-02
5.167568366186452156e-02 2.737688078008476689e-02 4.040353054784692755e-02
8.141741605308110141e-02 4.154124928587798332e-02 3.568439009130522366e-02
6.142937494833462797e-02 2.586529004046369401e-02 2.245826792939016603e-02
7.920098534039540783e-02 5.810636281800694858e-02 4.960504397182807779e-02
6.699750064045878473e-02 4.037859859022394776e-02 3.130321194123893841e-02
5.358277264317957977e-02 2.131680123920052725e-02 3.858398327302393210e-02
7.868206927199512812e-02 4.299246732061674792e-02 3.244754125271562956e-02
9.520971889074263117e-02 4.935697028855835777e-02 6.589534967028609636e-02
5.427650711119916954e-02 1.727983003440212301e-02 1.574643951513494608e-02
9.249295132211043935e-02 7.575195002695403468e-02 5.570349117289233321e-02
5.491051577159096475e-02 2.210340270087598341e-02 1.862758186055580439e-02
5.221693672751881454e-02 2.151008966265450031e-02 1.667035481018253398e-02
7.953098091337619524e-02 4.456092042625564575e-02 4.561199400857460229e-02
5.950325054173945943e-02 2.865997260373801328e-02 4.319318358813355879e-02
7.446449194159321383e-02 3.828500404427902237e-02 3.630425413226540110e-02
4.793041434612778373e-02 1.630801119083624684e-02 1.783952798240273294e-02
5.780417584187978047e-02 3.846706563192488215e-02 3.082934122116510328e-02
6.988525047556250203e-02 2.791476863653147289e-02 3.206792485070460164e-02
6.965517372353147163e-02 3.341790218090014142e-02 2.807484368275550701e-02
9.002396057334206836e-02 6.143535152650542175e-02 5.183987991243497323e-02
5.786240787241339611e-02 4.590125947295772835e-02 5.378122383688720837e-02
6.960521235662403550e-02 3.568753169188797203e-02 3.423534994909163687e-02
6.971726026331059867e-02 5.813259782885307758e-02 6.187685283927585322e-02
6.513351837539624323e-02 3.521436371712827890e-02 5.937921235298355277e-02
6.248261537071031491e-02 5.286200349835987883e-02 3.530263096244150300e-02
4.449931208975455021e-02 1.735753993264258638e-02 4.510060435842210697e-02
8.403511907947591730e-02 1.134224982131557535e-01 6.539905201383799938e-02
4.867009889335000006e-02 2.156319405816410628e-02 5.420791359823810135e-02
5.998690405913805618e-02 3.989629120964297004e-02 2.156282533102234222e-02
9.584429058100142618e-02 3.560552547102183857e-02 4.502418203001725544e-02
4.645234734242281727e-02 2.969037981828596615e-02 1.637338953135919484e-02
7.781317835342900502e-02 4.890550427763475788e-02 3.792334777179491578e-02
5.628081364235747175e-02 6.819858049589611060e-02 2.918044311501125435e-02
6.203089845006001107e-02 3.492310931817529940e-02 4.291905096126181346e-02
6.837748712285406094e-02 4.813601810826509397e-02 3.163945044491067726e-02
6.882858431328540971e-02 2.970500262913292402e-02 3.664138475414257384e-02
5.490008278074710174e-02 2.082368220720752505e-02 2.194952039901815546e-02
8.055798321574444976e-02 5.009048829080828269e-02 7.493956409535484919e-02
5.352166724491770611e-02 2.388109383131187258e-02 4.376990816552669278e-02
1.143420924360212532e-01 6.768963273409009385e-02 5.420024694786481495e-02
8.166945380206608318e-02 5.240412043746454918e-02 3.178383584219798136e-02
4.686205103090472501e-02 4.145314780947257499e-02 5.619512026420549200e-02
4.259975628598628578e-02 2.010076475206870605e-02 3.172537450581831842e-02
7.728468251622115648e-02 4.616658068978495011e-02 3.997682297229718240e-02
6.128594463828187372e-02 3.278556772097879213e-02 3.148227216642306148e-02
8.312317153002381220e-02 4.041871099096144143e-02 3.545082974360964923e-02
5.596884230207745808e-02 2.747718838705819761e-02 3.485854476665463386e-02
7.075603665309888879e-02 5.965292490015524501e-02 4.066278285102638279e-02
6.760463981059597338e-02 4.113123521723667519e-02 4.495645999422943906e-02
8.446098102472099356e-02 6.223264462077209708e-02 4.172018734468140033e-02
5.428985501954738946e-02 3.265728694492730372e-02 1.914239519314487464e-02
5.526084550894171804e-02 2.864108459209658425e-02 4.492112227027304089e-02
4.531050300399630526e-02 2.433578957671055087e-02 1.425663605942933433e-02
4.137703835984890555e-02 1.905578750603138805e-02 3.043240259382677323e-02
3.770797410568696439e-02 3.436141625998809929e-02 5.673889798204611451e-02
9.050006138645506903e-02 7.623736373489074791e-02 8.744571115059877886e-02
4.272048783694083751e-02 1.324571065833269126e-02 3.122028614974742614e-02
7.919493569048850767e-02 4.380650590265206673e-02 3.335466057558418573e-02
5.021605174039025371e-02 3.288265650406274609e-02 2.029173735439738016e-02
6.305661394311569412e-02 3.394875060863421223e-02 3.191271825627897685e-02
8.114228050752927968e-02 4.689194187476901365e-02 4.910740107336274834e-02
7.190059144650962075e-02 4.649943183762135501e-02 3.586606510868570880e-02
5.906628811892737640e-02 4.865980412739581706e-02 3.073910869043333313e-02
5.911640774546915444e-02 3.456922534211616382e-02 2.260672160627256316e-02
5.686642618224375945e-02 2.632546388044409297e-02 4.124708695984653090e-02
7.265279239287339430e-02 5.223492711839021474e-02 4.283460523099964778e-02
5.296265436084540701e-02 8.422197528604019601e-02 4.018101044280812661e-02
6.783775256457713621e-02 4.626317144140217053e-02 5.592269224280230905e-02
5.382848000512551606e-02 3.590310086462938227e-02 5.153709438953509026e-02
6.369266143530621926e-02 3.501215942549119192e-02 6.951723406624049639e-02
7.406047092918600916e-02 3.965604230448500217e-02 8.502911954883241030e-02
7.347892975785762226e-02 4.384220960148546564e-02 5.077103838695230104e-02
6.048130549453430149e-02 2.638448227349160860e-02 3.871273685540012333e-02
4.162755132102578109e-02 1.267306387188920323e-02 2.437668698052476018e-02
5.805032920158201964e-02 2.629384737332339517e-02 2.361092194012992182e-02
7.614113995430928095e-02 4.104216667729269907e-02 3.241830358005741430e-02
5.414303277529795844e-02 2.477485871193064668e-02 1.995992641695126801e-02
6.109191486426955586e-02 2.983297136567317209e-02 5.857695449117310965e-02
6.437549534111235150e-02 4.456102010697840510e-02 3.747176602544199930e-02
6.572797112131215092e-02 4.131864356545037614e-02 2.666336857268740423e-02
2.622724728468658201e-02 1.324764883888775689e-02 6.331280215184423993e-03
8.599176670747162021e-02 4.892559158843597794e-02 5.202084377715301272e-02
5.399673897061708916e-02 4.613637075255841435e-02 3.198343052421007832e-02
6.589047462315685000e-02 3.083468132794574962e-02 4.927193826799932536e-02
9.031321854928663073e-02 5.088481639499983777e-02 4.777100272956063404e-02
4.514640715016944583e-02 2.442880653993164536e-02 1.937357665101593213e-02
5.187138851552015872e-02 2.558508299493380406e-02 6.983045032781548533e-02
6.487666535826738801e-02 3.155097961253275352e-02 4.026389317647287996e-02
6.869813467973835686e-02 4.949934108047904929e-02 6.022926218398436810e-02
6.578686711498314688e-02 5.575928474908307952e-02 5.697833515633803775e-02
9.589083976771375917e-02 4.793883650550657266e-02 4.892627201160116429e-02
4.877752380642683128e-02 1.760154597600775694e-02 2.195992498988331640e-02
6.569990695164039385e-02 3.286811379345941364e-02 2.111372568221790702e-02
6.454985428607307174e-02 3.591749363859404742e-02 3.204063384722728031e-02
7.985724360578888570e-02 5.439477759277462632e-02 4.133921889608838107e-02
5.345354127961127882e-02 1.677578928240229875e-02 1.760300186584658894e-02
5.679933934512637617e-02 2.345636097587736058e-02 1.817333661448532200e-02
4.865819275836497093e-02 1.924553832369574335e-02 1.276695912599519304e-02
5.483593818134593900e-02 2.462188527093838938e-02 5.893244380452711956e-02
4.799953108278903757e-02 2.723545973344369819e-02 1.960628868662050300e-02
6.755596182069549538e-02 4.267169360475538131e-02 3.277933998708950497e-02
6.787813024342066737e-02 2.630480912152119086e-02 2.791916722984712565e-02
5.281511540846394598e-02 1.733547023558591055e-02 1.301492782515276114e-02
5.512995010610154817e-02 3.782683795107896763e-02 5.047741551754794664e-02
5.111746098338934563e-02 1.410676559280292855e-02 3.545289234363256659e-02
4.874049615862773716e-02 2.107774778878451771e-02 3.659859451645597339e-02
5.545221621409367196e-02 2.383300454482651862e-02 4.663255267859844899e-02
8.787428245297199125e-02 8.063373252665217983e-02 8.587792740601102315e-02
5.683475875763954743e-02 4.803967704266003114e-02 3.090771967496428602e-02
5.569591961724067175e-02 2.223999298250411635e-02 2.201984624765188081e-02
4.370467417436434132e-02 2.062628942822986727e-02 4.972050946195381849e-02
3.478723303835057346e-02 1.761441041879465222e-02 1.068804330654042796e-02
6.675360454316819903e-02 7.185634226342516029e-02 4.289551271487507950e-02
1.024214445719888594e-01 4.028955310103275733e-02 7.112643286705093437e-02
7.659553448420339250e-02 4.028174798579883809e-02 2.507289327131287382e-02
6.471266656660537575e-02 2.872184390618755939e-02 2.757384032136023233e-02
8.669955992216975271e-02 7.931706352534860505e-02 7.296749320146402040e-02
6.126713483871713134e-02 3.349950408816694536e-02 3.615512431413999556e-02
7.514019404910560196e-02 7.072239837254296058e-02 4.949203564417903323e-02
5.929249183665259715e-02 3.306964427262633344e-02 2.595973598650092029e-02
7.640833333565751062e-02 3.875863041053768943e-02 6.010899098498972970e-02
8.266225684931620410e-02 6.142671627775614374e-02 7.752402052348081329e-02
6.997623032019906208e-02 3.890756398179447129e-02 3.215931767496429949e-02
6.130472065007006727e-02 2.616420271035066122e-02 5.958928919508186400e-02
6.339886072780308301e-02 1.918568275245864999e-02 1.103886992914823034e-02
7.013460065448549885e-02 3.285826845478619085e-02 5.590866829389116999e-02
6.603612732782662698e-02 9.785321140209624069e-02 3.810421314261949743e-02
6.290318402357897298e-02 4.259175670713200718e-02 4.102343833520118860e-02
4.429274505599071349e-02 1.751655839634120443e-02 3.795594471939772035e-02
8.803380718848241582e-02 7.349599007293525221e-02 8.471942764818070348e-02
7.619744180730561589e-02 3.022594984112403696e-02 4.405973293138040064e-02
8.655173077143649141e-02 6.315844731525194211e-02 7.930796896728448120e-02
7.272013427496581972e-02 4.024132786430062447e-02 4.044749280060117719e-02
4.678278444186980550e-02 1.830013287841253389e-02 2.496997133253436169e-02
8.937039695770393477e-02 5.815630024013530852e-02 4.425185373135934880e-02
7.092744376826973229e-02 4.654239994322883350e-02 3.158309286511809533e-02
7.693761724638141508e-02 5.439231727999525173e-02 3.618976093914978709e-02
6.995070386816916452e-02 4.185285087865861509e-02 5.776383407459637076e-02
6.992296739655504134e-02 5.164432775287788879e-02 3.370292062705968622e-02
4.524434093938131674e-02 6.913636421890276273e-02 4.090591037800440227e-02
7.010270204737920063e-02 4.285983654296496304e-02 5.361639676359358092e-02
8.485389371984669582e-02 6.260283793970254640e-02 6.248419592869573075e-02
6.005313465231973402e-02 2.818822076979251440e-02 2.388632591119416171e-02
5.257717612557385317e-02 1.919280098526379014e-02 2.904601183388864569e-02
6.505523578166537424e-02 2.810149430251815753e-02 3.424343983095556182e-02
6.183801522164279058e-02 3.410004017226857254e-02 3.674670982887642823e-02
4.314329345009666750e-02 2.802666774423719781e-02 4.325446325143761372e-02
6.399125069205936767e-02 2.933795946976575780e-02 6.329064698887404417e-02
4.957520991784865327e-02 5.129213476595301247e-02 4.885297950803900446e-02
4.411306992880426048e-02 1.915208543873215055e-02 4.866181758696981607e-02
7.347425220308306804e-02 6.660789941821755600e-02 4.958757921073967539e-02
5.950249556121221806e-02 4.809249942263986444e-02 3.982621290434553568e-02
4.616393562688057839e-02 2.860872250140271411e-02 4.860987726770379241e-02
5.626924836479603453e-02 3.157322869961733808e-02 4.884941774604806969e-02
5.978762681759225428e-02 2.843733213673761695e-02 2.239628933839708444e-02
6.478533403802966273e-02 2.887789750364867791e-02 5.200883595363861578e-02
5.921511429190289000e-02 3.924637065148565279e-02 3.636186930019150859e-02
8.179805507582738056e-02 6.706437450727134597e-02 6.647036583430859791e-02
7.034521050324303582e-02 3.172444112228617330e-02 2.135878443586478742e-02
5.670398259038206962e-02 2.421157307294396002e-02 2.514930583396099775e-02
5.808443933725158242e-02 2.943599193479040990e-02 2.319846566363611626e-02
7.745825838257446028e-02 6.106506486457412980e-02 2.283165013698145590e-02
6.447225113718726974e-02 4.364781282050528288e-02 4.890112782944167069e-02
5.929580358875434498e-02 3.135320975335877114e-02 2.239375947213883417e-02
4.806288854597139809e-02 2.463179914308120597e-02 3.779049157528276137e-02
4.945798730575543672e-02 2.498207227574925776e-02 4.425816169673282147e-02
5.699056959226611596e-02 2.344278708917860859e-02 1.881974209255459982e-02
5.029407816061896158e-02 2.347496834651702918e-02 1.598839925212009253e-02
5.615795892223878621e-02 2.823099969555428052e-02 4.265449532496376484e-02
6.850759922073053343e-02 3.486935258233703205e-02 3.142006714046537835e-02
6.984685266072036824e-02 3.563061194725824360e-02 2.330693216210168520e-02
6.671764211651506904e-02 4.863913578233914486e-02 5.307942006054604256e-02
8.345945697954544606e-02 3.445985593192259916e-02 3.044341619130339766e-02
5.563761330948694545e-02 1.915401286504262585e-02 2.804132934692624146e-02
6.185651261427878300e-02 4.688383420598662282e-02 6.686146812428572783e-02
7.911553418801831050e-02 5.397313994613939930e-02 5.164038627404671233e-02
4.654212925841137022e-02 1.950263021912547468e-02 1.800017081425895824e-02
8.329663121561033112e-02 7.279759538460478518e-02 7.279831671448674935e-02
8.337100087133710036e-02 5.092093865663720881e-02 7.863539009880518571e-02
4.627123009690733285e-02 3.200417859178367186e-02 3.253532606702659591e-02
4.617187497398784340e-02 2.245364371582525206e-02 1.796907471960609501e-02
9.595040868590902494e-02 6.660387701622097478e-02 6.680024414516273767e-02
5.705891601230967530e-02 5.776587693123545753e-02 4.584456457694786879e-02
4.761011421182108350e-02 2.197301361956829902e-02 4.067031162820319151e-02
7.338615727960107193e-02 2.513530890840526624e-02 3.432712277874248180e-02
6.845351433838017807e-02 4.161665118174009970e-02 5.234987324315441143e-02
5.471508033824327294e-02 3.839438659047287455e-02 2.250770209516293405e-02
6.954061190499419287e-02 3.536269658323898391e-02 2.855692616584922655e-02
4.577507029371626762e-02 2.732183226200806878e-02 3.369791490749277085e-02
6.429015151363653979e-02 4.624798883877623279e-02 3.191978118271467102e-02
5.360503657182161263e-02 2.348056797067470461e-02 3.511305687262764735e-02
7.593162679920920088e-02 4.934040178220759632e-02 3.641504141323653049e-02
6.078258868194749004e-02 4.360881269248544079e-02 6.074065267467452373e-02
5.211133721555791937e-02 2.313657839471766273e-02 2.442145070515698568e-02
1.262432303934045430e-01 8.340428332361639330e-02 7.675503451072958339e-02
6.014100489556334361e-02 4.410916838507128457e-02 3.373748600838452627e-02
6.352224767318917498e-02 3.925656371673202916e-02 3.667754085563652150e-02
8.247479978780666854e-02 4.881722984595025100e-02 6.862203579501183204e-02
4.751964364382312012e-02 1.623847907582503039e-02 1.756921167075788798e-02
3.128128393778337180e-02 9.491082265322543093e-03 8.213807801954735310e-03
5.081640400275833080e-02 2.202104974655196001e-02 3.763743734198424923e-02
9.439001433186486323e-02 6.368190223127577487e-02 8.219061910685143690e-02
4.958659247979248230e-02 1.679835309458005063e-02 1.372475453004170370e-02
9.466183444323812701e-02 4.991822857950538317e-02 3.969027686232093344e-02
5.473806194490662275e-02 3.743192941216554048e-02 5.681935745556226935e-02
6.725982328956274514e-02 1.678390180090928163e-01 3.223694824870133868e-02
7.779032116005313302e-02 6.271378637379808330e-02 4.921372152645010073e-02
8.232940277683779839e-02 5.971163526592480203e-02 4.826022905646320388e-02
5.137357405254213555e-02 2.872453627066588744e-02 3.431334700533630183e-02
6.171956948590050923e-02 5.335682727482872478e-02 4.045922617808944688e-02
5.374942970956859967e-02 3.019922058127705311e-02 3.780290900207176202e-02
3.098196378165070028e-02 1.156166454036084215e-02 3.554067820406353606e-02
7.933651936776955904e-02 3.416831470623463846e-02 3.047529820453159441e-02
5.570718030890355749e-02 2.304895074818934242e-02 3.385727176828061402e-02
8.897331970196202533e-02 3.288293310401049080e-02 3.392901568861741990e-02
4.696402008477358614e-02 2.593647813481097728e-02 4.290164297984665892e-02
2.973050183466727572e-02 1.862279208635714625e-02 3.800971132569279376e-02
6.939712970157282945e-02 4.643966850933203827e-02 5.121165168033876142e-02
4.007818039392647969e-02 2.790247219542496201e-02 1.380161396274474407e-02
5.197422813937766645e-02 1.826318074707889913e-02 1.321854122448165407e-02
1.053308696413719769e-01 4.604560786092813662e-02 3.403831338652307803e-02
9.626303793782982343e-02 6.061954058881488527e-02 4.664436222210389255e-02
8.021687482859519991e-02 5.222911661275946721e-02 6.453919398491442250e-02
7.172688986567954395e-02 2.679463312740379063e-02 2.240267244765603225e-02
5.481645993297176722e-02 3.710588820830698631e-02 2.385685239339292718e-02
6.126198799509814663e-02 1.890005357291907329e-02 2.237687297965730571e-02
5.007014707965577044e-02 3.586806275481273926e-02 1.989048303961473904e-02
3.708269147971968854e-02 1.699903105920805985e-02 2.483073643906359013e-02
7.451280339132004826e-02 4.990936947336447466e-02 3.744246789012843635e-02
3.639998430413478314e-02 1.632266550899294510e-02 2.822577850293478754e-02
4.196169863212795281e-02 2.433738152256992998e-02 5.457299079509558837e-02
6.077793754558015460e-02 2.528468000456666684e-02 3.493457449542100579e-02
6.469196871951493621e-02 4.660439708818883697e-02 3.094400898947001835e-02
6.347701882198446277e-02 3.672571582796475137e-02 2.229227558419538680e-02
7.764616761763995512e-02 3.205397152826328783e-02 3.592633919666771841e-02
5.901266528968830694e-02 3.171593139780114895e-02 5.546702182511157458e-02
7.137896658768155822e-02 5.538056648119681763e-02 6.425236905907470708e-02
6.111558945680755500e-02 2.643198030315746863e-02 4.336645379964521041e-02
8.108890579482767869e-02 2.427777877603296552e-01 3.637035432030655269e-02
6.077595043786283152e-02 6.270419978461311272e-02 2.514924395216278780e-02
5.970699941704417368e-02 3.877262896324183694e-02 2.562818933299241403e-02
8.258219495707791458e-02 4.997450620251552705e-02 4.814986170734369963e-02
7.401474063189736330e-02 5.469816063043178578e-02 3.170622609402881653e-02
7.306897344316513887e-02 2.568676709222356830e-02 3.011109751057894010e-02
4.530822348510644970e-02 2.074666154137647794e-02 4.655896134059733793e-02
7.183268542609214102e-02 3.667775988702356993e-02 2.821833124922344671e-02
6.913853334603692335e-02 4.218603027911101144e-02 3.492401762890666450e-02
4.617559057536605588e-02 1.242505771796669281e-02 1.417361239174232297e-02
6.721159345908593596e-02 3.375155543486334231e-02 2.956562426559567608e-02
1.133514109684520682e-01 7.756372258381045992e-02 1.043761587744655300e-01
6.919764260226513031e-02 2.691254949300043303e-02 1.934282465844760698e-02
3.573912757561578668e-02 1.699396972889678087e-02 3.620316435575823139e-02
3.732667837051289322e-02 2.346802052287822946e-02 1.486939242327196820e-02
5.758397594685380622e-02 4.473911812590330300e-02 5.031544411195174038e-02
6.018158479649916154e-02 3.284986687308610182e-02 5.662288971815171434e-02
4.935075791819464736e-02 3.531792211649854157e-02 2.264457837824006281e-02
6.144567941609515443e-02 4.522268678564139721e-02 2.596739694687891231e-02
5.381345125773837057e-02 3.494605716918241373e-02 3.145972517444551447e-02
5.376624304146202654e-02 2.103472943933297132e-02 2.648404052015488827e-02
7.831928105487123704e-02 5.996349389532419638e-02 6.590156771108748868e-02
6.553979399230769332e-02 2.934649307711161004e-02 2.294648900046582576e-02
8.362783998572297095e-02 5.703839851250234322e-02 3.476678262630619742e-02
6.028880539900188101e-02 4.290384972047033008e-02 4.117941143637110502e-02
1.014568068203958173e-01 4.790038756014353138e-02 3.098883437319449596e-02
6.078193793634653619e-02 3.251746734639276298e-02 5.927380316514960223e-02
3.258596652345357308e-02 2.201368235405761625e-02 1.681696691513441533e-02
8.667098649885174311e-02 4.858523526108142476e-02 6.738517788891548732e-02
5.110483288781318689e-02 2.760045661687229521e-02 4.503053176880632280e-02
9.451262952077874036e-02 5.538420621328078025e-02 4.183505376082605198e-02
6.857783844615390756e-02 3.507521474124958294e-02 2.717161420556257062e-02
5.252619328976267099e-02 2.199075154453309505e-02 2.723388246354125838e-02
5.296526232754286689e-02 3.914277630098179223e-02 4.828478987610908962e-02
5.848744223617795973e-02 4.408026484651636490e-02 3.358624145468267624e-02
4.679819755068859166e-02 3.214200464027714560e-02 2.213541224612158853e-02
8.779585066246158032e-02 1.140702456179703284e-01 5.928158831111654536e-02
6.444954371178707175e-02 3.239684620148079730e-02 2.116607406619988238e-02
4.227347065155226402e-02 3.299471651660913774e-02 2.628351751394373409e-02
6.318088663695607676e-02 4.266971677888790199e-02 3.154895783143348009e-02
5.934720460192020181e-02 3.430853662469857818e-02 2.389707192416902146e-02
6.191422348649929658e-02 4.543401742598346393e-02 2.985388183895591047e-02
6.276883184503224966e-02 3.537847032110438827e-02 2.928225702054839882e-02
7.401262141761066893e-02 4.770783923874752364e-02 6.114627484363194254e-02
4.860959445757095237e-02 3.194822015028637996e-02 2.607625626155158499e-02
7.615854789749847142e-02 2.362428919673834754e-02 3.985736276151036206e-02
4.986164456062931738e-02 3.064763148648389640e-02 2.281592819725591220e-02
5.156127119087180327e-02 2.234597261930814163e-02 4.155165900202153345e-02
3.829765113760032896e-02 2.629625112256404537e-02 4.796784659184273603e-02
9.088450362997153864e-02 4.406369949484521126e-02 3.591735845584623915e-02
5.118571351140571712e-02 2.568771933283853226e-02 4.157769148667839199e-02
6.013929672621549233e-02 2.677567553446098120e-02 2.264229452469100970e-02
7.233614914174280042e-02 5.663444333511838402e-02 3.873732090132969014e-02
6.748393083600544295e-02 4.043299463061736376e-02 2.246023558244678031e-02
7.069929167024531502e-02 4.073833398285871266e-02 5.490615699474164085e-02
6.688883903850802171e-02 1.039013243013703902e-01 6.154632965450657772e-02
3.951265871952752695e-02 3.069981405578915343e-02 2.500606425415241238e-02
7.421065510031245316e-02 2.461399563382870789e-02 4.375025758988819458e-02
6.148213900822310785e-02 3.175618761378839333e-02 1.897174932859347490e-02
5.325391497578712413e-02 2.221366355978307908e-02 4.097388260295375256e-02
4.511268620798161016e-02 1.897966134242972877e-02 1.740636506601098143e-02
7.545079531214586577e-02 4.363098148962997469e-02 6.462832317348118916e-02
5.093900325595922263e-02 2.809880977373221261e-02 4.987784181705261916e-02
7.232591395575323212e-02 6.846676760762480940e-02 6.502401294197254766e-02
5.679999418893093288e-02 2.331326087028473201e-02 1.665444670982492437e-02
6.804673326713571446e-02 3.577122567586801111e-02 2.638722274912519428e-02
5.651119524186557636e-02 4.493871426311580458e-02 2.763356667509785786e-02
5.679514620587436391e-02 4.155662832238287557e-02 2.919895918119342834e-02
6.510949092147570727e-02 3.448940477919214959e-02 3.371338561881533080e-02
5.292334698003324511e-02 2.515523151491617926e-02 4.185773705130534095e-02
6.186556901872451719e-02 3.992677435568895566e-02 5.072432063046673073e-02
3.961475182546749657e-02 2.379118054211622896e-02 3.621258009415713464e-02
5.567967304587580907e-02 2.830874103503284653e-02 1.706517689043146949e-02
7.038059246406329350e-02 4.523421932308437088e-02 5.483950689713585486e-02
5.973662227674373520e-02 4.104168234721057573e-02 2.592082019389895658e-02
5.274656937909683735e-02 2.385287676988718727e-02 2.164160096301486619e-02
7.606479041339435365e-02 3.984596176671889589e-02 3.659100924865769933e-02
4.507621715939749002e-02 1.581449704182071037e-02 9.238237678531989114e-03
7.932601391448214356e-02 1.338621673214354379e-01 5.203705889470500168e-02
5.641610925239572832e-02 3.511870951659342571e-02 3.437414079126635547e-02
8.116093831294339533e-02 6.314533244111741883e-02 3.620089170210742668e-02
7.927163588493206514e-02 4.383892875260815558e-02 3.540594426557373831e-02
6.916876796260208737e-02 4.420591207428904712e-02 4.390712494966526880e-02
7.250935861503911284e-02 6.424848004748931474e-02 8.470280653860154385e-02
5.605658128128379603e-02 3.225190044635627834e-02 2.169501730364713915e-02
7.947439473997210124e-02 4.677599350303836279e-02 4.057148275574924690e-02
6.403107844488296896e-02 2.826568978435271828e-02 2.637426622757394964e-02
4.256420557611188815e-02 1.824474182631376576e-02 2.667500217673557383e-02
5.013203360646345530e-02 2.568135325533560734e-02 2.427577369684129349e-02
5.498834694042590426e-02 2.613748732484485679e-02 3.587413050458856251e-02
6.769037187433256386e-02 4.593240486440133830e-02 4.944622233308337833e-02
