7.624154337010234650e-02 5.404393247049852494e-02 5.784834594146052306e-02
4.349701831784708039e-02 1.229507731719491417e-02 1.777994101679403888e-02
7.085736981972480530e-02 4.747513798180923172e-02 3.504670884704215450e-02
5.348055977684400275e-02 3.863090799724113594e-02 3.237268318800088501e-02
5.914527982873100942e-02 3.878657060240545129e-02 3.252944173748813228e-02
9.185512248862796880e-02 5.118663213799116984e-02 4.085716288630866777e-02
7.638854737099765035e-02 9.316053171229954355e-02 5.722465790262405011e-02
8.556205187041815430e-02 5.311814771127846418e-02 6.098229908385280340e-02
5.464263807039222015e-02 1.597985100086717764e-02 1.648584127273292760e-02
4.944088595547255216e-02 3.385983952988046858e-02 2.269036455144952599e-02
9.790073744289425062e-02 5.663263547837320278e-02 4.808483170527517309e-02
9.890786801636641812e-02 9.036976340525722240e-02 6.416780284660093814e-02
7.290827918769332561e-02 3.752148801442307946e-02 5.802965133227500766e-02
5.899651528438405734e-02 4.506738970090010815e-02 3.372204731746609313e-02
6.321347207354499620e-02 3.763807037972660696e-02 5.230579784803943838e-02
3.751994508204672257e-02 1.757978136058073113e-02 2.006603458243540888e-02
8.663580201525747371e-02 5.012940463730605062e-02 3.399645647441706942e-02
7.480187446517563843e-02 1.260501074925876319e-01 5.048468963669645870e-02
1.040787837662110471e-01 6.143066354512215221e-02 6.922115371079716473e-02
8.397781921170628661e-02 5.113677575717968937e-02 3.879637043528338936e-02
5.413923009942641501e-02 1.753088047884117373e-02 2.496057582918424778e-02
7.231669131596062117e-02 5.626625381410416821e-02 3.922715247432728009e-02
6.872880541722739545e-02 4.290281825629533446e-02 3.664771072224958653e-02
5.156181236541382273e-02 3.066600958724690490e-02 2.388382253716813536e-02
5.496337108637087271e-02 2.849687113415303244e-02 2.760906182214870400e-02
6.870056399637071431e-02 4.990057446108231431e-02 5.857128911991046905e-02
6.626980880389436723e-02 5.205615464645211438e-02 5.636999396114075050e-02
4.465523401631647793e-02 2.114802643458516332e-02 3.368777399018930974e-02
6.952532533320036900e-02 5.483828196847061187e-02 3.533764998588969503e-02
6.709926057903833896e-02 3.026792349923271286e-02 1.980326729048071180e-02
7.162623542780119368e-02 6.611444905398145000e-02 3.209222960713663253e-02
7.559325886752399359e-02 3.462011803130411042e-02 1.949455110339536057e-02
7.100119194632181774e-02 6.722457515486168766e-02 7.586358648242570724e-02
5.663317139932303595e-02 4.147438129041532834e-02 2.859421937005825198e-02
4.756255419103792847e-02 2.330075646958274654e-02 1.884246033435818882e-02
5.372962487524565733e-02 2.347505375552765006e-02 2.491533592474072523e-02
4.701625627687473774e-02 2.943935853439859709e-02 4.175004659077448388e-02
3.890837664357386927e-02 2.892113784279040645e-02 3.758393232277421753e-02
7.738079178322443408e-02 5.245755732756554601e-02 5.093241399309157008e-02
4.768481696136267489e-02 2.835773557984479568e-02 3.989008477048797824e-02
7.195705913982278212e-02 4.592453252698711075e-02 5.124410512935771017e-02
5.866428242719436831e-02 3.473248628032030855e-02 3.404273725636516867e-02
5.871778029904194118e-02 2.039246197745843078e-02 2.077988185329640927e-02
7.467945013040834523e-02 6.093854147210132216e-02 5.432312072727963487e-02
6.914603554379204764e-02 7.021067099005701140e-02 4.393671550769043255e-02
9.380795641862309242e-02 5.883858240238602766e-02 7.019943535209645369e-02
5.805595819684553766e-02 5.380237477981932720e-02 5.005273786453030838e-02
4.837252132986771119e-02 2.149840921016502732e-02 2.572240330421262516e-02
1.284798788703414296e-01 8.022745244247304897e-02 7.873337431848725920e-02
5.019051665429984099e-02 3.524654663887788475e-02 3.429435317579564851e-02
7.179897633338304386e-02 4.026999969986870542e-02 3.753783192747877501e-02
3.991929486009544725e-02 1.694747863203680330e-02 2.198622377973064035e-02
6.032104193866238279e-02 2.767167634235440446e-02 3.641125737390761563e-02
1.408489995877314216e-01 1.202924161531702674e-01 1.399457079788585245e-01
5.769616410719098643e-02 6.260649340979179689e-02 3.350309700284419961e-02
5.017487163534010974e-02 3.153471957683470772e-02 2.834322887122796286e-02
8.992395349642469393e-02 5.788821223819484024e-02 5.335746977716276929e-02
8.846164238864138996e-02 3.018823500776068175e-02 6.316913227767785577e-02
5.201938062321546929e-02 3.252798100848831864e-02 2.200402211316838941e-02
4.555896650358463168e-02 2.568257412821473712e-02 3.604559353775034503e-02
7.494227441679075785e-02 3.725377026955356552e-02 3.632606541076998513e-02
4.482604111810115782e-02 2.195191364924062999e-02 3.138881840158933012e-02
1.194242589757853468e-01 7.238707435222671571e-02 6.378398885025053644e-02
1.024948607787807137e-01 7.579949035438152127e-02 1.045877519085200158e-01
4.726284539940879548e-02 2.199221327355652122e-02 2.203746709732104514e-02
5.249648814740329184e-02 2.812243237108383309e-02 5.223553126303711464e-02
3.689588553817265554e-02 1.781446264986032146e-02 3.105997582436463567e-02
7.745220273659604582e-02 3.451737904201752222e-02 3.220827257090995432e-02
5.580537803174166062e-02 3.220924127001142945e-02 3.511579501973673134e-02
5.987580828113405612e-02 5.551811260564197548e-02 3.891943437498717601e-02
4.106429219269507047e-02 2.617107413589669571e-02 4.290910884981281870e-02
6.123768421920566113e-02 4.180109029352154643e-02 4.252354402030288083e-02
6.248056958768190977e-02 3.140938526969681843e-02 3.210933791547443406e-02
4.331273736450329953e-02 1.638592808604865877e-02 1.454653687596075759e-02
8.323052790283450020e-02 2.926663385054041611e-02 3.504793952613415725e-02
5.609078732907659542e-02 2.998020936796220656e-02 3.086183345738997483e-02
1.176252820260589443e-01 9.185553460965720229e-02 8.163105539833734325e-02
5.033569940271679505e-02 4.733045476672686352e-02 5.684767059729136512e-02
4.310849023018755583e-02 2.685491029378203956e-02 3.986349325856644588e-02
7.477545176963525109e-02 4.781476510589016682e-02 3.278365579766105709e-02
1.057528811680749081e-01 5.834280805243217266e-02 6.479703967653051289e-02
4.022579668425280836e-02 1.873401454563219243e-02 1.461747731770122148e-02
6.426647462099795149e-02 6.170689053409280506e-02 4.770643133999019625e-02
8.002139788923887109e-02 3.649237562893582754e-02 3.396967363529733441e-02
6.739791749889956218e-02 5.927006255603420315e-02 4.218635499752226847e-02
5.377596375857909838e-02 3.103497228157896248e-02 3.839416965736262843e-02
7.447301232357243783e-02 3.317819595229611757e-02 4.813593797454735618e-02
4.221161496788141537e-02 3.417879835734999316e-02 4.608699481446108803e-02
6.477761684647879992e-02 1.673608397013681692e-01 4.795996297413311626e-02
7.951600844000601687e-02 3.861664779438726824e-02 4.136609017021167928e-02
5.636700192973274903e-02 4.507154756963110270e-02 6.039678994384325289e-02
8.209160308325984257e-02 4.412448599501446467e-02 5.902305938897986493e-02
5.179568486372224806e-02 5.570125498822987853e-02 7.955131383362738784e-02
6.331642670843398712e-02 3.427280944167006987e-02 3.974991818292206852e-02
6.096702260667807849e-02 3.416735402292913476e-02 2.960179096419973330e-02
4.585802913419721044e-02 3.376843704446411132e-02 2.233414523866477513e-02
7.985017960554864624e-02 1.286178634994333825e-01 4.096756900548046559e-02
7.601577731649489245e-02 3.832657845721316320e-02 6.370914481121937867e-02
4.785758489351749773e-02 8.875642212991259605e-02 3.939683528694119807e-02
6.938935128460765878e-02 4.229635014152162420e-02 3.729393491085486456e-02
5.251587272635034609e-02 3.497442166338766978e-02 2.555703002875602328e-02
1.060514531287833490e-01 6.274112650575924821e-02 6.828132187231829298e-02
8.861817597104020006e-02 5.818782084679467725e-02 4.350784858232891600e-02
5.171241301984180055e-02 2.839147566763396482e-02 2.924710872435919151e-02
1.057581729089721034e-01 4.064604696831846525e-02 5.833392396603150759e-02
8.112080335771562623e-02 4.761991141282261725e-02 4.406319411581977735e-02
5.868646562390030658e-02 2.876255843022670899e-02 3.612317901336426634e-02
4.410252256312601621e-02 2.742942086076725211e-02 4.135010819438998675e-02
6.979798314873481013e-02 7.548404821142409848e-02 6.125547310602637296e-02
4.310215118626511271e-02 1.604751736196845593e-02 2.573046449292025820e-02
5.957111936032549043e-02 2.922091346080367413e-02 3.942350170896911921e-02
6.065969610625845249e-02 4.042807488255482223e-02 4.666868929523307341e-02
7.968334653921982369e-02 4.904249828908384401e-02 6.011760552560393989e-02
7.290964892211898585e-02 2.315948578563343380e-02 3.965422014883387275e-02
1.140261746907795387e-01 2.312252397402171644e-02 5.680581985959444469e-02
4.582222085970856507e-02 2.634672291070568745e-02 1.846044262493322027e-02
9.711466740318037971e-02 7.388231798051650423e-02 8.456914463318188080e-02
6.735211669329924100e-02 3.042645816779184983e-02 3.480406779405485068e-02
5.879123262034803565e-02 3.873686424745362983e-02 3.099817682040140882e-02
5.966168438254246947e-02 3.476199238805425390e-02 6.878041077236471401e-02
1.111990875894081493e-01 5.845816441516650530e-02 5.607905472433828004e-02
3.289403284784716414e-02 1.481087590658848943e-02 1.523420442076425449e-02
5.332438569666995282e-02 2.148103781026580728e-02 2.145252352591275891e-02
4.027535512723708078e-02 2.397641793754431982e-02 1.335065671761299574e-02
6.190173861264477301e-02 2.167429193267956383e-02 1.790525186446344230e-02
3.920474559083897415e-02 2.852754999711202416e-02 4.227541113313649374e-02
7.137969324231488444e-02 4.147850813544678300e-02 4.305033328401143555e-02
9.319519529015710124e-02 5.117225032929118705e-02 3.338356751667787004e-02
6.815794663721963520e-02 4.023839480188279305e-02 7.094552316707922190e-02
4.877996375435212500e-02 1.117829971032195724e+00 3.057701982112414479e-02
6.199987048927133731e-02 5.628254328012109731e-02 2.585410794236457643e-02
7.134605480138909994e-02 4.188727628364639216e-02 5.973225267743139527e-02
6.796482146843371708e-02 2.564373031493337451e-02 3.433824722753664460e-02
4.180625121779298764e-02 2.444471814413151298e-02 3.618010921148469977e-02
5.367221036017220254e-02 5.071054526265268009e-02 2.495717144810824864e-02
7.212686417584457388e-02 4.380210945931378719e-02 4.500725565401106354e-02
5.469848064533779086e-02 4.066507908592709164e-02 4.213735042926444740e-02
5.584566397348341565e-02 3.414787356474409397e-02 2.859453446078752750e-02
6.893072119142443221e-02 4.224656307488651452e-02 3.333175455559098804e-02
6.981525450748019002e-02 4.113036378616821698e-02 3.877203200362503571e-02
5.118883902319886631e-02 3.961729954394423853e-02 5.043994819418786552e-02
7.190442302979087319e-02 2.094378503816136938e-02 2.453255967876150079e-02
5.463698544677938335e-02 4.167629957759923232e-02 2.900301487785018201e-02
5.840982234024319486e-02 2.672838795792943645e-02 2.478304115988814310e-02
7.021427298532492700e-02 5.239385879701504573e-02 3.168627423971417945e-02
9.818171539173353723e-02 6.321216902714858754e-02 7.324751230830681137e-02
8.128152416473037600e-02 8.711279216465156461e-02 7.637889685707618947e-02
5.833533113777517737e-02 4.027721447783513820e-02 2.799731032862724095e-02
3.437381321913784982e-02 2.504863736983125103e-02 1.357355118058877277e-02
7.288785199229463885e-02 2.859258525262109094e-02 2.866061356098446172e-02
4.081582762167342698e-02 1.285225818439651897e-02 1.263082942585617291e-02
7.121613568964743624e-02 3.619590038772915741e-02 4.797681713175585422e-02
5.529832879534764961e-02 2.526818238245244833e-02 2.290393218635554395e-02
4.962763782583234917e-02 3.689813206780910571e-02 2.828999606049031543e-02
6.878982026966340424e-02 4.227946422449435637e-02 5.745212129435199599e-02
8.309708786845343420e-02 4.425527515397458672e-02 3.787319115698636190e-02
7.680403517186401574e-02 4.828655787770598506e-02 2.175649270451014000e-02
6.287608039919150016e-02 3.036430334994474900e-02 2.955645828925116542e-02
5.623264342096001567e-02 2.590207420508734357e-02 2.988324259059293997e-02
5.266360423902309573e-02 2.019341911159514349e-02 3.050221425215132037e-02
6.830041896538535662e-02 5.557996385940570244e-02 6.609089622191093027e-02
6.940522166196658183e-02 2.500011732711064638e-02 4.097259226115671643e-02
3.870459427360826293e-02 6.883504544680113524e-02 3.860795941494958583e-02
7.215989696687222232e-02 3.936588687222217914e-02 4.262614110147733282e-02
4.151308432717976810e-02 1.405634774297032444e-02 3.050594428653372048e-02
3.933073565920601478e-02 2.723344983542097877e-02 2.400041077677513013e-02
6.221340425582817801e-02 4.621470442225898700e-02 3.387939107249293008e-02
5.971318324354294577e-02 2.893339180839784447e-02 2.361963178336068392e-02
6.172241269030381838e-02 4.966175562065971993e-02 5.144408304966770207e-02
6.784603821609050400e-02 3.858300843291232601e-02 4.476876701294133648e-02
5.587555325002712542e-02 2.530267350453947045e-02 2.340018746781799552e-02
5.368062210250546668e-02 2.689406865230021745e-02 2.096879362324410509e-02
7.969564475242130186e-02 3.343893027742506074e-02 4.696134396874936806e-02
6.419401875212704667e-02 3.634539985257931316e-02 3.433973163887700519e-02
6.995054467083570982e-02 3.358255888445998288e-02 4.373827722946071334e-02
7.527463011283448691e-02 3.568384513880102499e-02 3.532567045242322734e-02
5.471621410013718240e-02 2.856131283154602490e-02 2.074519891454086953e-02
7.462284101132843350e-02 6.721777702482209516e-02 6.365732332231807677e-02
6.754877952828138021e-02 3.919898241313074516e-02 2.383432208131768329e-02
7.930775168839851452e-02 6.686111093090767177e-02 3.683142851706569521e-02
6.891045958487185263e-02 2.249168311591100491e-02 1.852594129799995173e-02
6.937094944527971707e-02 7.507032402444244190e-02 9.602136635932954911e-02
6.173011110616394986e-02 8.503454946043059737e-02 2.109472221444628343e-02
6.773306795444213046e-02 2.059671228874526000e-02 4.751275429726565386e-02
5.378313054237197910e-02 2.835976266726639855e-02 2.004356528519915873e-02
6.079221385246224435e-02 4.583031183658418939e-02 4.272469864719544153e-02
8.596251487034654859e-02 3.224743513772303227e-02 2.818658855922421408e-02
6.237549595475975345e-02 5.191185907723678411e-02 4.325599956601715312e-02
7.707400705769174021e-02 4.134546549585969843e-02 3.537488294751937878e-02
6.944505230316830313e-02 4.644634597920321850e-02 4.986249991779016788e-02
5.697224311918763079e-02 2.640953858385990810e-02 2.929867960057087189e-02
4.099826525303652131e-02 3.406273081795706259e-02 1.502249829432818901e-02
5.995587269850953527e-02 3.370295873978116502e-02 4.396852134873643209e-02
7.659882551437961762e-02 5.031909702943684198e-02 4.277401515192983533e-02
3.693243701832056580e-02 1.014263029400257546e-02 1.404210610293604375e-02
5.111609257875227019e-02 3.048873090831779112e-02 3.788586511813342439e-02
7.364778547623568317e-02 4.330485730442353021e-02 5.199840995111398162e-02
7.172883433551049959e-02 4.729652793236824998e-02 6.303174888281809496e-02
6.222307486134555365e-02 2.560057817799346255e-02 3.229029110550529075e-02
8.236080621561901738e-02 4.885535162196955050e-02 4.085344183814762498e-02
8.407208098074250846e-02 6.593346106238946736e-02 6.892681939182297712e-02
5.547609897624558584e-02 4.391886646771012842e-02 5.675762706670764435e-02
6.438066205899731220e-02 3.928227379351541260e-02 3.135251554305713839e-02
8.918858050979303065e-02 8.450936356000697536e-02 5.188328860138855664e-02
4.874876047615572111e-02 2.860919349532757214e-02 6.313744746814439757e-02
6.802853161529878734e-02 3.079476625861014838e-02 2.302635687786207253e-02
8.669908558291804235e-02 3.753797163389761826e-02 3.548990151561837864e-02
6.439878193524377348e-02 3.195885789334427379e-02 3.979162961008746863e-02
4.732132894212054408e-02 9.646554298815997186e-02 4.762047090688938805e-02
5.999098204759414910e-02 2.012186399197935308e-02 2.100606839535787765e-02
7.251929394622542990e-02 1.092003298277320206e-01 4.530048274197961966e-02
7.128139785260347028e-02 4.992068327980606068e-02 3.213304579207112988e-02
9.283561235091478125e-02 7.003383343941177452e-02 4.984080851219831187e-02
5.334565562322562959e-02 5.094973160858570077e-02 3.221208131952274512e-02
6.163294770351193663e-02 4.864485889807897839e-02 3.710804425825479230e-02
6.866140464638816054e-02 7.287092792994998014e-02 7.610410272261081133e-02
8.049443469683939534e-02 5.460588830761972656e-02 5.381852849999570892e-02
6.931618207566453416e-02 4.499976496545624038e-02 4.537734815833861790e-02
6.037978285203456086e-02 1.977299396778282176e-02 2.107809651468386253e-02
6.677388754273330673e-02 5.525041921706033698e-02 3.868906380565320657e-02
6.826073239999251585e-02 2.567193862176449931e-02 2.724690747580733874e-02
6.594560552375512696e-02 7.116393394262797434e-02 3.204086314634724264e-02
5.321115292884134873e-02 3.263381366834589015e-02 4.376206640988142965e-02
5.996074825532507480e-02 4.357930827675717683e-02 5.180136094569388894e-02
6.104208174574975165e-02 3.987810580168894836e-02 2.631821890673969808e-02
4.411541830153828392e-02 3.036483584173251676e-02 3.885577270249439275e-02
7.200133228723104573e-02 4.042140742810700765e-02 4.847708064922771204e-02
1.054200622592468689e-01 7.130015479578913351e-02 7.714318156705472773e-02
4.301860131726985975e-02 1.929130162564520259e-02 3.022063930348906774e-02
5.249298261530570969e-02 2.006738741076912955e-02 1.512338645640320250e-02
3.492834558057274913e-02 2.086921874956945006e-02 2.593735353350680797e-02
4.711112402657371273e-02 3.626254545223230041e-02 2.027088177613098688e-02
1.233894014353203450e-01 9.988801586800809262e-02 9.737078145725049094e-02
5.352367963351259417e-02 3.329944019513809278e-02 2.223184211767900015e-02
1.157183530955997464e-01 7.712813791535372276e-02 8.460102224708471175e-02
7.264124940955428433e-02 5.659026386173557355e-02 5.772376212354610181e-02
8.192217860833034271e-02 3.329967996370460093e-02 4.330971017574373333e-02
7.593124073180369804e-02 5.447550255544236081e-02 2.646762530572628613e-02
5.423268642637320974e-02 2.951929032306534889e-02 2.222661562676232078e-02
8.065187963449137187e-02 1.145067883279608095e-01 5.684690550024026207e-02
5.602077251593631096e-02 3.116416205427263025e-02 3.520293946017662851e-02
5.880853272284466277e-02 1.676966065580938817e-02 2.719343938579012188e-02
4.846515165599044050e-02 1.919565538823375314e-02 2.395552757152425924e-02
4.473263632392689843e-02 2.427271586052631713e-02 3.972061069686805279e-02
4.644507109721894567e-02 2.613248969326804200e-02 5.385078696108665242e-02
7.176891716119657150e-02 4.972677620238279139e-02 6.012044199196161370e-02
6.199868435400900796e-02 4.802439275277900488e-02 6.250481121493706160e-02
5.390805552306566356e-02 3.738244952353984851e-02 3.243284220365237613e-02
5.242844787380467747e-02 4.758289709455124777e-02 5.516204232703718346e-02
7.105418384520914565e-02 3.616700060288130514e-02 3.071705152738794103e-02
5.708710822931161583e-02 3.909216677518293631e-02 3.928907465396758170e-02
5.638015131567310906e-02 4.300634847281990802e-02 6.986600167061414457e-02
4.548466659932542955e-02 3.528185847693501159e-02 3.967528566621124353e-02
7.147503394452163483e-02 7.383687351352009876e-02 6.026965291992513601e-02
6.418791716236056655e-02 3.533164809533048678e-02 3.480282458330680173e-02
5.443028145287610170e-02 3.961391238650620317e-02 5.354405665211117715e-02
4.647141149845776531e-02 4.038402112081455886e-02 3.509174961279282190e-02
7.167252744011934351e-02 4.280878083794893707e-02 6.491296441103476533e-02
4.443609731869010981e-02 1.145298078748351045e-02 1.813855145107615488e-02
5.320295219356731276e-02 2.889777471441879950e-02 2.349907848518652254e-02
8.463998945025807963e-02 4.317241035457962395e-02 4.415480230502144554e-02
3.847001967673543271e-02 3.077150489192811977e-02 3.797263812677632855e-02
5.789852987482354413e-02 4.654335855506197550e-02 5.911400453922876358e-02
5.231482284865047322e-02 2.468123637252844435e-02 1.909257859496177323e-02
9.709895887273563286e-02 5.809111619359057233e-02 5.868789330936746013e-02
5.741623292950254892e-02 3.418149973710000317e-02 2.665122535852293764e-02
6.102142400156217172e-02 5.910657811589908883e-02 4.083690685810775767e-02
4.623792338267548874e-02 2.178291538171838598e-02 4.219834255307937376e-02
5.405855955125404844e-02 3.080081177733085679e-02 3.625049336349273066e-02
6.469248379963735140e-02 3.617487522606417649e-02 3.233477280668414083e-02
5.373123471172180227e-02 3.952475155340683804e-02 4.896010363365160128e-02
6.196301752604083807e-02 5.277826711281861233e-02 7.121432225747764688e-02
4.359201356557944329e-02 3.368813354422216244e-02 6.519544813388103432e-02
6.777501608729295801e-02 5.893823040973904248e-02 5.598847245448665411e-02
7.312167026919415280e-02 4.564753542640652417e-02 5.411242830075062293e-02
7.308836807041425854e-02 3.598787858168619319e-02 5.516386386710196710e-02
5.679017709429443755e-02 2.935378233884883628e-02 2.740209410581064334e-02
5.104607000166572206e-02 2.105551749477627480e-02 2.217704451226719733e-02
9.261185386479553472e-02 8.089863887921316943e-02 8.025213669892905521e-02
6.956794877846302072e-02 5.163975653962626922e-02 4.336561573483911636e-02
6.947478038507923226e-02 5.716436789100085708e-02 3.502238809944840936e-02
7.123250592503417578e-02 3.256730362584765032e-02 2.899349187585630386e-02
4.823394481792508265e-02 4.696191270753360958e-02 3.280593458542110236e-02
9.863717668855923049e-02 5.445598284003803913e-02 5.640060762726342714e-02
5.662410328166884999e-02 2.733527784416417070e-02 2.977266348642633106e-02
8.621232430106891276e-02 3.339477374531311937e-02 5.592650261732299427e-02
1.093032401825516781e-01 6.629648269582066877e-02 5.663465471452486244e-02
5.407441001180861295e-02 4.732580345557214213e-02 6.515657265517131591e-02
5.046429081068881661e-02 2.360164396153614785e-02 2.703927242760569699e-02
6.338839599327550367e-02 4.559148466632691188e-02 6.184455229250259561e-02
4.183811285385914680e-02 2.553208181424722681e-02 3.983993611113435113e-02
7.051736092863215843e-02 4.128375553849805008e-02 4.232834330237286030e-02
6.088905421953112740e-02 3.142594940931967701e-02 4.153210296650516192e-02
6.125107551250164040e-02 3.765689079961676011e-02 3.094589939815153845e-02
4.768482430128283267e-02 3.766641494897429721e-02 5.296620193175075042e-02
5.994336969408601418e-02 3.941696589563049857e-02 2.552625861430696599e-02
6.862357641070589154e-02 4.350168401955779862e-02 2.873131370354517489e-02
7.151578654515043654e-02 2.777088122267904607e-02 2.385119043608201206e-02
7.479360424856852652e-02 3.629638602526483182e-02 4.582037269675871133e-02
5.404828269877735153e-02 3.594272921789798403e-02 4.374799040183826454e-02
6.546414257728318253e-02 4.707699839274694792e-02 3.151622538008300167e-02
4.451332378452591693e-02 3.571206724912949493e-02 4.062973538179605326e-02
6.265956621432362816e-02 3.793636527157165372e-02 4.839170634794671966e-02
8.551309246602249725e-02 5.340753409464085721e-02 4.588893020042942444e-02
1.020034538005977626e-01 8.322156070187239352e-02 7.523987748602113668e-02
8.074452034477030971e-02 3.161113698604035155e-02 3.002716143961533038e-02
5.413948061182345672e-02 1.247086472962232427e-02 2.172669173338970944e-02
6.061005310156791781e-02 3.860078697799831926e-02 2.714871646249170795e-02
6.588909960206242034e-02 3.477358725204088286e-02 3.098286903777452972e-02
9.241849926397267823e-02 4.717781642373402445e-02 6.943508495307203210e-02
7.361085763414990102e-02 6.950013287018798336e-02 4.828046358045621350e-02
7.904743234091191062e-02 5.235824147973592441e-02 4.181027061536093242e-02
6.146635502272155410e-02 3.413119159569871774e-02 2.800918215273988376e-02
6.183734242013848997e-02 4.011913633926637163e-02 2.665136280445390762e-02
5.205913800325433216e-02 5.156619061603950893e-02 3.056734662415037940e-02
5.254011280036088860e-02 5.184039291762777835e-02 2.457781789223563440e-02
4.184185383220508786e-02 3.109790604753318727e-02 2.263309142727551806e-02
1.032748773934656500e-01 6.174985129295745140e-02 6.434357752151709242e-02
4.451049022982520725e-02 1.876021494589903693e-02 1.868681504946129168e-02
5.710687111546339234e-02 3.069779378466011566e-02 2.595614983120316660e-02
5.008229755119236737e-02 2.618602824012665822e-02 2.045270522069930069e-02
4.002013198632933810e-02 1.685079815081004517e-02 1.271558955835252851e-02
4.293628828293205579e-02 3.273025279924436648e-02 4.259754057809755912e-02
3.767480969674908559e-02 1.898118417931594221e-02 2.642271813115312437e-02
7.000290325431954286e-02 5.417291344546088655e-02 5.548753903748499666e-02
7.812651058516623115e-02 2.516133057741733181e-02 2.243575995788355329e-02
4.848073002641672263e-02 1.128096057242478911e-01 4.982007653531767694e-02
8.140469592746896188e-02 3.615559277772862484e-02 2.826566277113524289e-02
5.930287777543657296e-02 6.643598976833817171e-02 5.196174456915007844e-02
7.043371522329894274e-02 4.802269932924690954e-02 5.123338806551240576e-02
9.533187429861246509e-02 7.354620598013561494e-02 7.379561739168211121e-02
5.434798337095173709e-02 1.968573968039345409e-02 2.827259373991614089e-02
5.696242854746786516e-02 4.144050524223348575e-02 5.511996221504844584e-02
5.016938099940414925e-02 1.978796941940130782e-02 1.590188721051105994e-02
5.420599433138961060e-02 5.130366725797619321e-01 2.873520661911979635e-02
8.643044708499196538e-02 1.016348636295588137e-01 2.530438349019829836e-02
6.762337539455401392e-02 3.454087746826995514e-02 3.108356926506684881e-02
7.660384258862651397e-02 3.339523319421466852e-02 4.802212872453056475e-02
6.708487119125570997e-02 4.165828582624517967e-02 3.609684253691953365e-02
8.127252694869988026e-02 4.003745836206460545e-02 4.034891970907800857e-02
6.185800879387536033e-02 3.950301779801002056e-02 6.476397373949124847e-02
5.994774913187157078e-02 2.996126784188805903e-02 2.966476609619399935e-02
5.602174234466604508e-02 2.851580319801512442e-02 3.657333701307960427e-02
4.958131682485392849e-02 2.621805463181919177e-02 5.675281108320548440e-02
7.919415811020687201e-02 6.280797942194843442e-02 6.650743604156808542e-02
5.731948727501065544e-02 4.006638451048777361e-02 4.904518771680518863e-02
5.071677974781552134e-02 4.166323974307252487e-02 4.196036325698439956e-02
6.803250161394419626e-02 4.142806143303542910e-02 3.438326702429141818e-02
8.484052352254164986e-02 3.097600919746672232e-02 4.140733691296129976e-02
3.600813721721415894e-02 9.659151067405336022e-03 1.039983935256377431e-02
7.242141873863443269e-02 3.830756216894384836e-02 3.855199848591001066e-02
4.892362014753864202e-02 2.977523077938864712e-02 3.305106606769035726e-02
6.332751833813399234e-02 4.137661812089502705e-02 4.691518681234119192e-02
6.085652530746375743e-02 3.441467108451012891e-02 2.784779346683871615e-02
4.630884756141757236e-02 2.834554205868937068e-02 2.575085530293625899e-02
5.592389657074127440e-02 3.282398836801549147e-02 2.742609179236956199e-02
1.045980907011448968e-01 6.658852384096149157e-02 6.561472455900778378e-02
5.711386834246307692e-02 3.395515909520858966e-02 2.770277916195441545e-02
5.094386705600703613e-02 3.980743189879522304e-02 5.961201997784722900e-02
7.646178293847460949e-02 4.034609953205282179e-02 3.441588283591445752e-02
5.526692214866010811e-02 2.371844344344304495e-02 4.573177879685180747e-02
1.124754432184738029e-01 6.296268551429480553e-02 7.306116820311657489e-02
7.166379669768506433e-02 4.186794840400638595e-02 4.261920982550595344e-02
6.309296754056785417e-02 4.407900487576781046e-02 2.720045664979025765e-02
6.122162890776101235e-02 1.970619483997035348e-02 2.449689216919518839e-02
7.263033429358729809e-02 5.207550164928550357e-02 4.710544180444142803e-02
5.026312763527095162e-02 3.822444990385551189e-02 5.659211169155203836e-02
5.286703389436063494e-02 1.813526779096855390e-01 3.126755185297835221e-02
8.219135851659420400e-02 3.661882681771767845e-02 3.977660759949942781e-02
4.315928465361804772e-02 2.754978946370063506e-02 1.393783828737232139e-02
5.115486882638215632e-02 3.579760982264744429e-02 2.507417905842880199e-02
6.495910467894897011e-02 2.415149255866259545e-02 2.264720086065436302e-02
6.583995919601869085e-02 5.229949219724484843e-02 4.935811975099799187e-02
1.009334304646747199e-01 6.138436418669887540e-02 5.734834890570305460e-02
6.229575684094347532e-02 3.075755924789492710e-02 3.040122295744359868e-02
6.841363201276730310e-02 5.211790624355140678e-02 6.789012359859748769e-02
5.607634421405532227e-02 3.154710247819692004e-02 3.197145802731243824e-02
5.913647094581211960e-02 2.299801891820422647e-02 2.482180345270639660e-02
4.481281788754955947e-02 3.374350861344230235e-02 4.286446239590829821e-02
8.565420749258717548e-02 4.096023120735384215e-02 2.950339153890913987e-02
5.366237645028566067e-02 4.839078516487168441e-02 3.732065921053210472e-02
5.727427429769013645e-02 2.072074682984877125e-02 1.867043430487368844e-02
4.728633381025301036e-02 1.963210757107141519e-02 1.940799912546401287e-02
7.610695347862425630e-02 2.458172856320604838e-02 2.654861406387643008e-02
9.230555788239123982e-02 5.346756990122536468e-02 4.169565341700173788e-02
4.167665154565062396e-02 1.543155583151149292e-02 3.176619434823819976e-02
8.394233793524170928e-02 6.221942824554793638e-02 4.359710089195242139e-02
4.731136759911591660e-02 2.707839933769264767e-02 1.625847164533752304e-02
7.449715722991251399e-02 5.507482645847448788e-02 5.859964600386674549e-02
4.646165999133786140e-02 3.553014513758440129e-02 4.059215406901535428e-02
6.627879103090665580e-02 3.766354662965117062e-02 5.657006997039784602e-02
9.276534332751788792e-02 1.030490739905570025e-01 7.986221665263718017e-02
5.376833139581790183e-02 2.749205814646000362e-02 1.871212671686882725e-02
6.411317675370528657e-02 3.541729349278623096e-02 4.294022071020657527e-02
7.625781500734503393e-02 1.307409431605697780e-01 6.106398495696654244e-02
8.051658803385264296e-02 3.456744734887858689e-02 4.654471092542150634e-02
6.707109702075590707e-02 4.180610485536830762e-02 5.164553178081490031e-02
5.926588635020860196e-02 3.480110826603201313e-02 4.079686512641524099e-02
7.399075388811654497e-02 3.936532303331669036e-02 4.312308445756540126e-02
4.115139492806737381e-02 2.098455418238816608e-02 1.358613627888488953e-02
6.151695343452496384e-02 2.808606347553464083e-02 2.137226232267465040e-02
9.291259630721587781e-02 4.281978317359542291e-02 3.058977986810224384e-02
5.753428010268626241e-02 3.901776586248723033e-02 3.991862737908500464e-02
5.834229465926830255e-02 4.470696869590323058e-02 6.477483351385832089e-02
5.491961661818515333e-02 5.485782180894999832e-02 3.757444923504487527e-02
6.408171507398358058e-02 4.312345015414231764e-02 3.114085502933495314e-02
7.561845079966440786e-02 4.367425882608519383e-02 2.880723813266249447e-02
4.975432964277069076e-02 7.933186332171529576e-02 1.727194758235829630e-02
6.346807034360045507e-02 3.180095328066736421e-02 4.026821113098658783e-02
6.373579384954733418e-02 2.154631243830284343e-02 2.531704642591503518e-02
5.368648931842059241e-02 1.682342620378800280e-02 2.188963050094632976e-02
8.302982420707281930e-02 3.689602564474015606e-02 4.942279248280061904e-02
7.916049656993479067e-02 4.535695690581735551e-02 5.388053882412342094e-02
6.037635327563120602e-02 4.052192075404501687e-02 2.954303669968626200e-02
9.811779791841784837e-02 8.055334424918721148e-02 1.088153605285049619e-01
9.091546306560932544e-02 6.115063569186680870e-02 7.252812146630234491e-02
6.180830697150414138e-02 5.916106289383219613e-02 8.418098449546293494e-02
7.394661285305359488e-02 5.096750504288836275e-02 5.177644168893470039e-02
9.430928522461122510e-02 4.271560051039043071e-02 4.467482457226446685e-02
5.466973538526782167e-02 2.398006826061729185e-02 4.839894155034567963e-02
5.726397169192715825e-02 3.492173681051280454e-02 2.372121072721504464e-02
4.581742843337935356e-02 1.288920837803896047e-02 1.781707344057712264e-02
9.703174874181261234e-02 5.923367702122758760e-02 8.842481462021921368e-02
5.737155751522308306e-02 1.845893790537309065e-02 3.059001543439453935e-02
4.361704490271587492e-02 7.854232247376450107e-03 1.921043412606522963e-02
8.309375422632032937e-02 4.984484657536928515e-02 4.790065722222863059e-02
8.784912615355887355e-02 5.598591132009837767e-02 4.679687173858345511e-02
5.220634187706413298e-02 1.743620741291505155e-02 1.766550646648319678e-02
7.710513476225165641e-02 5.841653858075464278e-02 5.979190960569633756e-02
4.526378807350348032e-02 3.267702630589913726e-02 3.701972347789387469e-02
6.451029086526580136e-02 4.250440581233451420e-02 3.022102302710411026e-02
1.305362326798485961e-01 4.444401668947633305e-02 5.915405982869260948e-02
4.924387055231454341e-02 4.299140857963270473e-02 2.722476933296957141e-02
7.198424224762611789e-02 3.444631370668518183e-02 3.177401375134113193e-02
6.705524070002116810e-02 4.293467008527347001e-02 3.925802259022472679e-02
7.028250654116580121e-02 3.806167754192336938e-02 6.746228013936787782e-02
8.107650864014935566e-02 6.006629128912244903e-02 6.866049421215954240e-02
9.946498186928735830e-02 6.196212917507888662e-02 5.969840891181926734e-02
7.716178291286424074e-02 5.851835642952829541e-02 6.873105453694920708e-02
9.288802053448211304e-02 5.053717088836674753e-02 5.214241717642275481e-02
4.879469067165788376e-02 1.537026606027397206e-02 2.640034580042734114e-02
3.974801099056426285e-02 1.686273363055781557e-02 2.572866706340620410e-02
6.434697273594766620e-02 3.791441683001563895e-02 3.815015028799235985e-02
4.117614679972598363e-02 1.938709789015481688e-02 2.905726644505541786e-02
5.497266017586978359e-02 2.727193292291660992e-02 5.015677587242468871e-02
4.062340047018405537e-02 2.970274887000091263e-02 4.181718450272585430e-02
7.566082310955969670e-02 3.881041081864146369e-02 5.685878900895358773e-02
4.912889319673889588e-02 4.848569649696030104e-02 5.612925060695058560e-02
7.559969972738876665e-02 3.936689606462587254e-02 3.429084878829574690e-02
5.287607986888958472e-02 3.196111649976935559e-02 3.742390284854595073e-02
6.835219796694488870e-02 6.086711074152660605e-02 4.372429934024242570e-02
1.097072972301562505e-01 3.989653065551754252e-02 9.199925083804122439e-02
7.675411053634455250e-02 7.247809905677841946e-02 3.843403071877997401e-02
8.469274834624487824e-02 1.382839645700379219e-02 6.615715772702943087e-02
6.296298405080752447e-02 3.159522193038515059e-02 5.225673396136487625e-02
4.089534657472691098e-02 2.218756233536670411e-02 2.012951570015553138e-02
7.165489438004327138e-02 4.507057760479522140e-02 6.570511549262497697e-02
6.706978697195210837e-02 6.345176335735916440e-02 4.087189228214128250e-02
7.743513379919027273e-02 3.652752166188900917e-02 4.575524578918071378e-02
8.872178262413440986e-02 1.006861550495239122e-01 5.250082136022889839e-02
4.831426652517097770e-02 2.672089178053559805e-02 3.584679693356750824e-02
4.820456109497710945e-02 2.811622226203903951e-02 6.332831087437273965e-02
5.780671661110151766e-02 1.949183600031397304e-02 2.571343536213748296e-02
5.947963959430065117e-02 1.815136481662299114e-02 3.926634274898849197e-02
3.447922231918124775e-02 2.753972890365109782e-02 1.433133774890121490e-02
6.450470006288995528e-02 3.234780791569411007e-02 2.682365397671129109e-02
3.673630094030992665e-02 2.403660141179008933e-02 2.914748458841659104e-02
8.760544028957654994e-02 5.049795333913233153e-02 4.304820181351464575e-02
4.533326760653429155e-02 1.595771212552563045e-02 3.297683225995837186e-02
9.269397491809687473e-02 6.036059622261033542e-02 5.954154253564985372e-02
9.272407690208975262e-02 4.574812241366567334e-02 3.222321337818406101e-02
5.559622383586781957e-02 2.906205644469601543e-02 2.361846683456783266e-02
7.211792158811117237e-02 4.472751971476625343e-02 5.370048062417784318e-02
1.193554421675486615e-01 8.072777231231219319e-02 7.888898201550788303e-02
6.653007867988988688e-02 7.349848386820857782e-02 3.331896452452099561e-02
6.847260292350665356e-02 3.838765111239146599e-02 2.278158926435571233e-02
7.289232532871071923e-02 6.071241922936371910e-02 5.485404101896948492e-02
5.221396132262961370e-02 2.893490739042680823e-02 3.591785311764592037e-02
6.932097426780328697e-02 5.440798999798727303e-02 4.578079370154448241e-02
8.464821529768146169e-02 4.001549070102233124e-02 6.093679249831432387e-02
7.571363429183849969e-02 5.999180705485459425e-02 3.745050114879473757e-02
8.454471321359355307e-02 3.385619077365828455e-02 4.192860328417408883e-02
4.382811251252520524e-02 3.452232592843260117e-02 1.759370824584976373e-02
9.101504212682685890e-02 6.101495337320342327e-02 6.684847701601859260e-02
6.932377295954846030e-02 5.651072400071311536e-02 4.374041955363792283e-02
9.129924429392564933e-02 7.269975128622027660e-02 5.087812794228389890e-02
7.981948131837077187e-02 3.786936337181300016e-02 4.071962928442635077e-02
5.024880646281847801e-02 2.345478331035012048e-02 1.682551643150985779e-02
7.616196758068340122e-02 7.098529042472594142e-02 6.498910513380040666e-02
8.351740211174109307e-02 6.354706683323566030e-02 8.062924040185498464e-02
5.851582090945794956e-02 3.263744233307419584e-02 4.528073530084020248e-02
5.776663308733535895e-02 3.403081738543780460e-02 4.553424016593510953e-02
4.593046080311862650e-02 2.718941482206443938e-02 4.750074937683772952e-02
5.199261609510347215e-02 3.028443258071930946e-02 2.174215430571043578e-02
9.290221314562840949e-02 6.652880286420119471e-02 6.212910152649159246e-02
7.193774299961692986e-02 4.590256630440003871e-02 3.776535100519796961e-02
9.941957490814244680e-02 6.537860274780560310e-02 7.603829428955533043e-02
5.028298238425812916e-02 2.274487602638938094e-02 3.114073017807966401e-02
4.716744019416770767e-02 3.661882164624530311e-02 1.663266202946804898e-02
9.452355195985111258e-02 5.221108402402645926e-02 6.248972320360279831e-02
