1.657770040183619009e-01 1.878954338710574490e-01 9.183301897109234779e-02
4.027640130131442814e-02 2.876797445739335060e-02 2.643981398651507053e-02
7.314112842256209612e-02 5.378710275429935544e-02 1.997769107163297614e-02
8.800585568511665180e-02 9.385853880300534802e-02 5.246409866177873665e-02
1.241074159140673344e-01 1.183298598977237381e-01 5.592685335863667451e-02
1.138923704440489987e-01 1.172051469398436296e-01 2.053691245360420581e-01
1.520673574413470286e-01 1.438667132945912197e-01 9.251654697306163633e-02
9.688397954496233422e-02 9.643147558222511795e-02 4.821515324077611103e-02
1.902845279474409401e-01 1.593816986157742255e-01 9.134854037451368980e-02
5.649468632806141366e-02 9.856179248787490244e-02 2.971746593318433383e-02
1.203950480648960653e-01 9.590841744488093346e-02 5.071421006990848440e-02
6.799129779169711674e-02 4.936331413788516004e-02 2.747858621297107756e-02
8.274397787337574306e-02 6.190424603265805292e-02 3.415509545945247249e-02
1.110149532990407500e-01 7.812272306924537002e-01 3.428803104827266024e-02
7.129305969468438531e-02 6.919619952749535285e-02 5.274772564235329780e-02
1.030311878666069908e-01 4.966865432566935912e-02 4.201599204000347476e-02
1.386514008031402567e-01 1.215228284840964013e-01 8.764787147442999748e-02
1.614875321677856634e-01 1.667894584943706571e-01 1.155195984497622841e-01
9.689604508920922343e-02 7.247146669159744425e-02 5.625305313530379325e-02
1.002041974667749052e-01 9.645977294263320678e-02 4.700370932458809714e-02
1.202140779515489949e-01 1.297903164622414007e-01 7.029298385882480626e-02
1.118468769903135512e-01 9.174259541590014388e-02 7.674481428113094639e-02
1.134867451203429717e-01 7.851918997629089847e-02 3.266431601597098028e-02
1.171003043389563375e-01 5.103818214333609438e-02 3.841620889532107452e-02
1.170313679210838037e-01 1.839211900039008640e-01 6.832704131159095251e-02
9.492609589452259689e-02 8.817736207442404550e-02 4.898831576949651961e-02
9.181001217651073298e-02 8.176268695036570389e-02 4.141811976796878902e-02
1.524610564752075237e-01 1.613630487631328991e-01 1.067247887133158935e-01
7.627594064331701118e-02 7.873750806126644797e-02 4.391243057222189022e-02
1.091539852473297906e-01 5.149303953288448393e-02 4.322701077027248096e-02
8.434202723370637367e-02 5.968015771703057831e-02 4.103767457151989012e-02
2.425719184756663371e-01 1.680562609947702235e-01 1.042812927851592270e-01
7.628919385202793946e-02 3.452499297270360257e-02 2.050647929342180875e-02
9.261641452662375262e-02 8.344157764102516639e-02 5.975809590948509553e-02
8.489162446195991363e-02 5.272488779225626560e-02 2.483181865850555073e-02
1.182098320667730185e-01 1.012932042507855290e-01 6.532241907336909514e-02
1.010031598959430510e-01 1.297627274937818154e-01 6.891519243231557235e-02
8.343669634594101658e-02 4.662442608489296425e-02 2.412636421172417028e-02
8.288065322709525784e-02 3.818815759016079558e-02 1.942086156788427539e-02
1.513420681857961803e-01 1.181011788845790778e-01 8.279784833337390515e-02
8.712315798459240035e-02 5.977885765269074642e-02 3.167991769425365645e-02
1.048784032184441328e-01 1.725571105201980926e-01 7.645848547388559013e-02
1.013703602996433861e-01 8.821968187795355132e-02 3.877588491312028429e-02
9.284653931705287577e-02 6.891691088849506708e-02 2.520736483993211638e-02
2.007881676825213901e-01 1.412533120954504728e-01 6.942812672853938827e-02
9.945516731460288251e-02 1.147723752907285621e-01 5.349950269435173322e-02
9.698931758366753642e-02 1.017717036546323672e-01 3.968448917320465535e-02
1.318476163851859395e-01 1.391040454969791340e-01 6.374579031144606001e-02
9.291233026043274612e-02 6.504208239680329962e-02 3.320285908307192557e-02
1.098892505098779254e-01 1.394078409016322462e-01 4.745456138056792367e-02
1.199428575413561820e-01 8.427067618379438518e-02 3.914563642796253795e-02
1.082788210040100535e-01 1.253291102614368657e-01 4.842412444210257572e-02
1.135610313145044570e-01 6.760034742910289718e-02 6.333684132278528944e-02
7.408419267927099372e-02 5.036952236785403603e-01 4.939514593189797687e-02
1.102569502923820416e-01 1.050514221827444916e-01 7.582569796458259181e-02
8.639717704487161198e-02 7.443540348951896424e-02 5.686061660657142774e-02
8.066528321996944972e-02 6.604169093767385534e-02 3.481686200232514405e-02
8.616036996438228290e-02 7.213530999832948321e-02 5.267867469597325991e-02
1.272962012805263221e-01 1.387962617634147799e-01 1.060356062972104690e-01
1.154103892624182698e-01 7.945185035179401500e-02 4.163598793089172412e-02
7.942084107959496153e-02 1.055593263289903022e-01 4.349793655350195354e-02
9.975577541477724519e-02 9.946683456939435508e-02 4.082398645249760843e-02
1.126635737684139049e-01 5.445052473307092356e-02 3.838595039790216462e-02
1.266433164284563873e-01 7.445955102492801680e-02 4.151915703907899102e-02
1.694907275606995223e-01 3.517403553241624792e-01 4.801253266680839682e-02
9.854369193924686354e-02 1.051151497970211068e-01 8.142447387848170126e-02
1.065815336622620707e-01 4.884318130486500070e-02 2.970370740690357614e-02
9.585607872448642652e-02 7.998946844714333038e-02 4.630859871182056026e-02
1.778485517438356811e-01 1.708949160348947338e-01 6.145049370854890891e-02
1.191235620943025403e-01 1.189285805858750072e-01 5.537411449310192246e-02
1.455728407663510193e-01 1.016520280781117863e-01 1.048909247381241555e-01
1.134053977680279518e-01 9.179194648377302090e-02 5.930955579139359640e-02
3.697609180490939867e-02 1.997740550041340532e-02 1.628909482392985886e-02
6.329910151106261929e-02 2.412929077689155988e-01 2.073613307050206633e-02
8.367689607624073656e-02 6.396102570438157164e-02 2.606597358845456555e-02
1.023525393061077010e-01 1.254696344365504035e-01 5.888388122012911535e-02
1.445541386421246022e-01 8.921739660246183479e-02 6.047128404425804876e-02
8.299540097132648842e-02 7.099999091986800015e-02 2.948703753413131276e-02
2.614368266127433116e-01 1.667382507966751470e-01 1.249576415728134993e-01
9.081709017863455469e-02 1.373085210939442025e-01 4.469505952536974303e-02
7.703691252697852931e-02 5.973422822446693148e-02 4.821687181943870582e-02
4.757655751937149569e-02 2.430566528761305203e-02 7.457446725823174694e-02
1.270326444618862516e-01 9.619655190081022322e-02 2.771028069161215329e-02
1.501829208233147472e-01 7.007199108748593530e-02 6.255810155645213921e-02
6.232990084679703585e-02 8.195935275628229988e-02 5.071811445247480926e-02
1.205272617879505903e-01 7.760278030368732149e-02 4.484301687131121705e-02
5.257533770954732344e-02 4.502494178960257665e-02 2.853679886359836507e-02
1.193572642593391381e-01 1.302373735635308782e-01 6.322560619969487539e-02
1.373272276703012829e-01 9.744266817379507173e-02 4.762832108049632612e-02
1.297298108752806545e-01 1.211175458656044840e-01 5.380573827867730224e-02
6.453109537271974061e-02 4.560208300473845427e-02 2.159467082881092945e-02
2.093562434517789450e-01 2.761995432201309608e-01 1.780173209152363933e-01
4.943665803626456218e-02 5.913503195684999270e-02 4.822540412317442848e-02
5.544475461132677974e-02 5.385964580897775744e-02 3.956317888911148328e-01
7.226603148155812117e-02 1.153423959144540545e-01 4.040283417797330134e-02
1.054135587451470873e-01 1.022259512883431781e-01 5.814258678326467839e-02
4.850949244703501445e-02 4.982991904392188726e-02 1.679934169320114468e-02
5.206262790889364805e-02 3.891335184121984259e-02 2.200391454289766027e-02
7.459476331902453738e-02 5.690654903982894641e-02 3.521900856760716569e-02
5.074115220564989759e-02 3.759900318913270839e-02 3.173952231548050895e-02
4.830942069829224222e-02 4.181406638416698685e-02 2.904462159406647967e-02
6.316358340710052921e-02 4.510538334527942200e-02 3.467659530501061155e-02
6.717719623821812036e-02 3.356793329004273407e-02 7.405770365357403073e-02
1.491245182367596511e-01 9.508453677835403128e-02 7.514616655708006299e-02
4.314163253243851609e-02 8.790911659285408075e-02 3.894920331420610726e-02
2.023446489711372698e-01 5.051174822577763068e-01 1.260935532033065909e-01
1.879847997401015713e-01 1.978168379829378098e-01 7.027609154323609386e-02
1.277449013191162552e-01 1.333984447779414939e-01 1.066036056197145893e-01
4.993555078949375031e-02 6.680998874598732817e-02 2.738310152289889082e-02
1.059470300433265483e-01 1.545260275464718502e-01 7.572742426076921329e-02
6.712379320437528163e-02 4.422603446766738833e-02 2.221968731360716293e-02
1.236130560224597552e-01 1.661830511288307222e-01 7.091524464493244306e-02
1.583737945618620691e-01 1.175127695847062170e-01 7.525730063342529752e-02
1.335061926904120844e-01 8.983221259515368484e-02 6.482463975822487512e-02
1.134436496935443822e-01 9.934488782465997203e-02 5.699734397135127612e-02
9.385116565850933068e-02 6.265241250647130000e-02 2.752853547700078243e-02
8.377916434755645902e-02 8.152932908950948077e-02 4.449610820851860465e-02
8.703113209063126354e-02 8.869421957458585581e-02 4.281358009431220080e-02
1.029757177208167895e-01 3.598983891880101760e-02 3.047374895684205540e-02
3.782677839953614563e-02 4.564472303957075455e-02 2.790722791411160558e-02
1.688144398120590972e-01 1.445020650150116714e-01 1.033054536242143662e-01
1.654028583721002255e-01 2.934746138533489423e-01 9.907102276837456700e-02
1.416978571398451181e-01 1.659791720288064654e-01 8.809957054249327457e-02
3.920395660460140180e-02 3.437508605886065161e-02 1.979430665927468455e-02
9.950528285099330406e-02 1.105646801341448465e-01 5.390675540292078072e-02
2.029116443812050974e-01 1.177384617960958030e-01 5.159943115013057580e-02
8.212155754658000129e-02 5.625124617552360734e-02 2.420822183519260110e-02
1.232899756558430288e-01 1.439620251838144849e-01 4.831373423064035805e-02
7.710946919137291744e-02 5.190421364788889297e-02 2.616120078360532203e-02
8.390768891286405629e-02 7.303624829748653347e-02 5.720873970048080681e-02
8.794043263873208005e-02 1.083641287164480438e-01 5.069049887063710458e-02
9.941037553332235377e-02 7.562778414551368789e-02 4.149538487008873344e-02
6.051227875587469884e-02 6.856573736906713956e-02 4.616192897541276235e-02
1.134603614878262196e-01 1.781686132932425171e-01 8.489291776655007171e-02
7.524433042731891452e-02 1.390816643487022830e-01 4.759745428727835126e-02
7.789159983642499063e-02 6.495784443495407345e-02 3.762896143735999788e-02
3.820313328580392243e-02 4.856654611977603841e-02 2.432446540861149878e-02
8.976858750923026598e-02 1.163409788801375161e-01 4.637492570088000421e-02
8.333015564781399986e-02 1.239717406644250813e-01 6.276822893401656778e-02
9.660170765575279428e-02 1.032652578971567925e-01 5.885152604476636545e-02
1.133528680346677642e-01 7.926248012256059683e-02 5.517110148829075522e-02
4.209376409238391875e-02 3.174586758293634903e-02 7.912091063336652852e-02
1.067477914433695579e-01 1.022111434417949383e-01 6.302641628231103743e-02
8.214259311074481595e-02 1.002803802009658296e-01 4.880519268211935824e-02
3.398545412529820758e-02 2.557483912058360412e-02 1.328749209930603532e-02
9.050709430147857448e-02 5.325844308670732441e-02 2.665264391617530593e-02
5.329642535034030681e-02 5.855176100935231831e-02 3.134534973311845635e-02
1.154991821136722580e-01 8.108381114958822244e-02 3.580097283221438803e-02
1.796200545521469405e-01 1.259053329244572139e-01 6.223158089580684005e-02
1.437780997359088542e-01 1.279429614361537459e-01 8.117349263744308430e-02
1.045180792996924374e-01 1.368311688887225153e-01 8.589034115877143549e-02
1.365202270374865634e-01 2.406657275014679187e-01 7.768520372703931198e-02
1.243958044285822101e-01 1.450106998466921537e-01 7.819816450835781474e-02
8.074766679119307899e-02 9.288136113720221743e-02 5.330322182397883440e-02
1.244245240239156142e-01 1.395481125782107867e-01 7.399568441583324885e-02
1.107838274528774036e-01 6.621764876226438057e-02 5.381138472561945718e-02
6.308703584154562449e-02 6.743663568732523317e-02 3.458572178494117438e-02
1.125409095056005698e-01 1.162925939026274447e-01 6.100668549568592086e-02
6.296357287918138979e-02 9.487482339178766877e-02 3.701632716892363367e-02
6.394840951905471360e-02 5.680375443582100919e-02 3.465650784180604460e-02
6.838483927499136583e-02 6.462047284513865175e-02 4.289170807372703897e-02
1.229330273668498702e-01 1.359549635235103304e-01 1.146548322464655545e-01
1.091143379277643155e-01 8.764525697274042071e-02 6.164581392150192407e-02
9.616515044378082244e-02 7.077904210344705682e-02 3.848146693803169288e-02
9.918433513705915416e-02 1.353256741907226945e-01 8.393951650942851894e-02
4.475727424478583016e-02 3.116243487934125186e-02 2.441192762941226529e-02
7.180485804793235172e-02 9.069638374024377447e-02 4.298612497723813125e-02
6.864670567616694419e-02 6.999207740296553570e-02 3.619967839425059647e-02
1.201917069428553725e-01 1.582336831898957241e-01 9.803134214718556283e-02
7.009481483186828787e-02 1.124255862643015746e-01 3.230198523453125387e-02
1.240369879734356529e-01 1.325110172774400241e-01 8.324141480323210551e-02
6.954593633288341792e-02 4.345127455667149863e-02 2.253384724629621527e-02
7.101871345827044657e-02 7.453554988253824343e-02 4.553716698623931636e-02
1.187758998861584564e-01 1.265389118343322461e-01 6.389919825538722953e-02
1.334124478495483379e-01 1.310688731114065253e-01 9.246708487548821465e-02
9.135693824870443069e-02 6.887876606725522322e-02 5.726449328055473187e-02
7.239100815384350018e-02 5.115933022805274621e-02 4.983619685547947820e-02
9.505430861171650092e-02 9.048149334752038364e-02 8.730141731836410512e-02
5.504301214046646018e-02 2.416831183102885472e-02 1.039646032855490176e-02
1.337642034559654025e-01 1.313064992915727314e-01 4.914507081884652434e-02
8.097555290914894288e-02 6.701622869501940027e-02 4.601456178873898628e-02
6.948393390935310443e-02 3.044486024133999380e-01 3.158311623929714596e-02
9.362667456087062079e-02 7.814299264158870717e-02 5.801662729300113841e-02
6.368574900099029101e-02 7.290008338513129238e-02 2.313052893061394791e-02
1.113605646713019398e-01 9.062008450847457153e-02 5.998846964683834937e-02
1.388463641924436998e-01 1.369033972719130854e-01 7.830457057033050894e-02
1.486188554465792122e-01 1.456674202367204685e-01 5.960703747873571240e-02
5.550098443754686306e-02 4.885694911852335731e-01 4.976405433142625651e-02
5.498417501087526915e-02 8.065168643248879499e-02 3.650038255704073781e-02
1.193529865522659633e-01 1.058440798683762951e-01 6.293305030396699473e-02
1.236455807608588392e-01 1.093962939894923686e-01 8.966725962788806015e-02
1.185939506648231861e-01 1.013164295561119477e-01 3.899851139746504658e-02
5.790915781712449584e-02 4.702527697310736332e-02 3.913613926507817503e-02
1.030503133257224258e-01 7.539207245765289223e-02 3.605015460533178562e-02
1.576335620115451308e-01 1.581525476340996661e-01 9.510952591286730984e-02
1.094508699619782810e-01 1.011903020155340421e-01 4.664457500887680963e-02
1.534258130863584424e-01 1.271915151870354199e-01 9.528621022181148204e-02
9.989990687890223930e-02 3.703228804772178834e-02 2.216608628272869266e-02
1.316550229900206037e-01 1.268017636761482048e-01 7.523418582511043340e-02
1.271781863679070368e-01 1.946739107429953097e-01 1.090821099551235046e-01
7.374002306785006067e-02 1.009940167423978435e-01 4.784445017081075807e-02
1.141651186351862468e-01 7.976981312181449790e-02 5.798348454159810844e-02
7.392055858583365668e-02 7.545627254224161751e-02 4.624562222327392724e-02
8.596395233146927883e-02 2.206815109694381105e-01 4.437603215320237715e-02
7.381685169235532862e-02 5.371993087859821409e-02 3.192242630314930801e-02
1.244263110365441682e-01 1.578231867670458755e-01 8.254761897098436552e-02
1.381862900371437775e-01 1.424701420492946735e-01 7.977644567489194927e-02
6.190489238546896533e-02 6.821640512801287193e-02 2.790241295195103680e-02
8.619553406414240393e-02 2.252459339976539132e-01 5.804278646735721442e-02
1.227676244762087310e-01 1.075958991740206122e-01 7.506493959833146490e-02
9.446968707429362344e-02 7.324278357539770745e-02 4.702744849024956264e-02
8.928694561429149912e-02 1.254429874180371107e-01 8.423653338107874033e-02
5.921343122697009242e-02 6.592617795468901087e-02 4.072146249831207904e-02
5.391052753135140013e-02 4.394845084950492475e-02 2.838539532195834963e-02
6.738049408319868316e-02 9.246801966405771012e-02 2.391553094957929795e-02
1.066735336579913845e-01 7.439439157862842711e-02 5.310929656292218831e-02
8.082414012407890258e-02 1.562421444097800427e-01 5.437803488857238104e-02
1.095620163310743606e-01 3.745449370337043671e-02 3.695592374765516858e-02
1.857979868007942070e-01 2.772792857954609058e-01 7.877004301004096598e-02
8.015555578520558444e-02 5.748956660789581591e-02 4.147629491399577178e-02
1.339148112408987956e-01 6.766259394907640778e-02 2.793518652966607910e-02
9.553675177364535920e-02 6.394331211056922815e-01 5.093182598053968418e-02
1.301625914437894160e-01 7.991349909266309837e-02 4.648951071605336716e-02
1.035821939433204941e-01 6.125389404972155644e-02 5.897672168595091691e-02
1.131925801714583624e-01 1.326590117928360402e-01 6.697891600310056093e-02
7.034383332849057646e-02 9.116834555763364545e-02 6.448375868675337852e-02
1.009141388505620518e-01 1.023879495203410817e-01 6.748928126116128523e-02
6.593892190514838436e-02 5.650889361802050037e-02 3.744518457915099047e-02
1.459291612567133745e-01 1.254706969851828446e-01 7.139747276124486230e-02
1.009190109176608813e-01 5.483522309384336602e-02 3.390122040417119231e-02
9.360541301286862126e-02 9.377265332837489420e-02 5.116612076684508986e-02
8.124614655775126704e-02 9.592162430386574901e-02 6.711405238175499610e-02
1.538860255119210430e-01 1.627172461925244229e-01 7.499817938746064505e-02
1.397046617751128983e-01 7.439735164364676134e-02 5.156348859606126045e-02
1.113357288427525432e-01 8.950859782295436662e-02 5.291281578157078225e-02
1.359074788046422677e-01 1.120030170118158502e-01 6.368790776469183956e-02
9.537888210715760040e-02 8.940549716944500014e-02 5.766157855452596487e-02
9.354210898527465234e-02 9.558158844001721222e-02 4.615014818498163612e-02
7.125333695404187373e-02 6.311966108798701403e-02 3.939975055327459008e-02
4.928562121869129592e-02 2.312548308794994817e-02 1.638660538871913527e-02
7.714473305396750413e-02 8.594409955211995689e-02 6.265659682082175275e-02
5.538476899983644369e-02 2.566750790719833641e-02 1.789058051068232943e-02
7.904188615672823326e-02 7.986471326802208059e-02 5.324809361203985264e-02
9.914809621307510423e-02 4.680914993241570843e-02 4.084335915200849182e-02
1.060341819763048199e-01 1.171739466821522802e-01 8.549485795994349324e-02
4.698303286498612535e-02 3.853296102215778701e-02 2.815320785807765014e-02
1.059700764810796308e-01 9.539692112922033840e-02 5.334238040677276999e-02
6.115985222508993346e-02 6.742968558050961569e-02 3.140924912520026008e-02
1.150630047029638642e-01 9.154993901001740042e-02 4.709693951999804201e-02
2.336687824346529441e-01 1.328497082942342866e-01 8.741808885630594772e-02
8.640797669506951328e-02 6.529920375038535119e-02 4.957157577974102142e-02
1.264266759113804039e-01 1.223938041110813890e-01 5.825738784527795949e-02
4.819518451040741280e-02 9.350374157389415575e-02 2.032380948116890851e-02
1.250512682395668873e-01 1.411534019607843249e-01 7.007758955822938896e-02
6.154049513385868864e-02 3.824062370002476174e-02 2.137607215787410558e-02
1.475620336281169842e-01 1.124744605077712678e-01 5.244479834722320238e-02
1.109245887378155493e-01 6.881609474857137976e-02 3.009104419647443129e-02
5.944613626993083128e-02 5.247994684271411331e-02 6.892483048142888924e-02
1.511669125580063777e-01 1.000720386825391939e-01 6.342138992387585938e-02
1.181541819735637128e-01 7.813378996856013003e-01 6.789727562372042946e-02
8.433112688610022722e-02 6.962107196932752762e-02 4.126897736441625941e-02
1.192798062051725616e-01 8.679221935594257087e-02 4.440527029795211106e-02
8.687753564144151674e-02 2.908332432215005037e-01 4.433053922756972909e-02
1.266638132882783319e-01 1.814996089905248633e-01 1.128775004772727408e-01
6.904829660834371774e-02 7.874150144945804564e-02 5.626394634054943111e-02
4.113073602459394601e-02 5.290520788774920324e-02 2.668472619483521630e-02
1.545041213349635512e-01 1.842332770776946016e-01 5.714978932893018115e-02
1.854908615875769384e-01 3.560142811226625903e-01 6.627238621301967392e-02
1.250010967370402959e-01 7.131373497730904287e-02 7.499449235247285239e-02
9.315391524448361771e-02 7.960270937480196096e-02 4.587934973634076596e-02
7.235442663359308024e-02 6.773921125064308324e-02 3.140582960906691118e-02
1.173931974075625578e-01 4.386604253375943063e-01 7.608631442926501454e-02
1.926293172783232199e-01 1.871126289159823486e-01 1.292907157603048751e-01
6.172937288824414948e-02 7.615953206800463171e-02 4.357281607110927157e-02
1.001303326821595535e-01 8.144301260449636481e-02 5.299024042657583811e-02
8.363758727070011445e-02 6.370018676205137231e-02 3.357163063057858055e-02
1.052029301671469352e-01 6.021557344436773845e-02 6.444379388142137954e-02
7.009174412925048281e-02 6.826662867291082015e-02 3.338141948423011679e-02
1.057484916781705336e-01 1.095369590016810196e-01 5.905130448326519760e-02
5.177332061696664905e-02 3.457055007168381017e-02 2.413892670908446281e-02
9.567458050260496671e-02 7.564796084949282351e-02 3.758354685141922225e-02
7.885381511955447120e-02 4.747313017897207554e-02 2.609492537266426201e-02
1.281029699030949709e-01 1.071885905771517711e-01 7.362452327833463039e-02
1.515565140233869623e-01 1.000877140105137647e-01 8.003178306803294950e-02
2.205786113867865550e-01 1.059912134088960567e-01 8.559733862231358459e-02
1.267434019877584084e-01 1.181750859604588089e-01 4.457877041058836559e-02
1.752752905203985023e-01 1.840598931906532454e-01 7.861604704362504248e-02
7.262443057419766534e-02 8.441107627551130976e-02 4.049411413564441009e-02
9.330667796577404860e-02 1.312181143786710136e+00 3.741817247721750811e-02
1.142777463839325380e-01 1.279613221917121346e-01 9.709164205335242548e-02
6.918778677477287198e-02 5.420134618826659423e-02 2.973088959602570441e-02
1.133507108968933447e-01 1.012560507626452944e-01 5.259243238372578177e-02
8.581494635076906963e-02 1.085214495732013673e-01 6.753673883884581119e-02
7.745657969781190311e-02 7.389048164641012773e-02 3.823504264595818658e-02
1.081723606298872209e-01 1.216289538850963414e-01 7.630686545320422565e-02
9.662306416028830502e-02 1.029180718184286025e-01 5.120819159360640027e-02
1.552416863111517609e-01 1.531779281750777488e-01 9.265965478892308760e-02
1.592126663959210486e-01 1.693250046612957971e-01 1.013615027893472187e-01
9.376601969993995922e-02 7.743344586087821946e-02 5.444977950877502582e-02
7.148943467394719420e-02 6.940270463596880102e-02 8.963844444047880389e-02
1.466445205304606481e-01 8.455577900779541467e-02 5.503660916482504967e-02
7.290342572695200640e-02 6.201622138951649876e-02 3.771264037511139200e-02
5.176940761847414335e-02 3.011976004108501276e-02 1.961251682827696435e-02
1.021305866607863655e-01 1.095339118589646471e-01 7.041762788099777126e-02
1.066358617868589514e-01 7.126223198315860541e-02 4.177664669972876860e-02
1.458753096877428990e-01 1.329007469946586473e-01 6.752898229875882452e-02
1.249489625350748839e-01 6.876018569006842052e-02 4.850062431674950075e-02
5.565271330843839237e-02 7.422038529027805143e-02 3.624154484215153654e-02
1.191257004253028079e-01 1.353779265846202784e-01 5.552297669833382299e-02
1.134479073271968952e-01 5.946494026757019602e-02 4.281804849640798161e-02
2.945925755427930559e-02 2.311532627540194285e-02 9.773306577976547532e-03
8.204992847462895533e-02 1.288925385991519235e-01 2.247062731128881274e-01
1.003074920028593497e-01 9.099468017375277051e-02 7.658751428366854241e-02
7.596608286851122549e-02 3.005046414511049202e-02 1.662591411733852637e-02
9.283087693078190261e-02 6.679317885531529941e-02 4.265981004531681220e-02
9.591544518292337285e-02 1.042592544313840908e-01 6.871719654462442317e-02
8.769634779113637257e-02 9.612410422831504930e-02 3.464938684211234243e-02
9.093716669341318781e-02 8.039117495941719427e-02 8.311418592490220358e-02
2.024765521492019327e-01 1.869296684622204774e-01 2.741896475445039782e-01
5.857341596108664450e-02 1.409832789053393209e-02 1.540199202107555426e-02
1.187521017821059344e-01 6.196565366836178507e-02 4.618846432837830918e-02
4.749817779558315051e-02 5.245633949768867960e-02 4.311721819967202080e-02
9.696778789995531833e-02 8.657719113855044668e-02 7.135948652801663017e-02
1.293926476331719588e-01 9.920388762617332601e-02 7.528856857477705944e-02
4.875382274533144461e-02 2.640530206406647290e-02 1.642462471569021767e-02
4.092710528691376887e-02 2.667354374356942920e-02 1.178613471955141517e-02
1.384160477058651029e-01 8.500405154434817478e-02 3.669753952348485393e-02
1.112329683963756560e-01 1.603876311192632964e-01 5.274682122129079054e-02
1.394035387804353765e-01 1.168842567413864442e-01 6.773076249249646019e-02
1.694247059656238674e-01 1.297990873603226958e-01 7.459963725776976029e-02
1.581497299207874074e-01 1.278677986507224806e-01 1.053721879416775892e-01
7.332441321270916079e-02 5.469262697507167037e-02 2.823826964610095733e-02
9.754406193750990439e-02 7.815231748534502698e-02 3.856579359645003618e-02
1.780840337493529435e-01 1.057485982071000585e-01 7.475735189388191260e-02
6.047507697997515919e-02 7.887959029503877062e-02 2.647778791740052970e-02
1.359314806762695615e-01 1.094687655899172773e-01 7.536062657415397437e-02
1.129880046365776131e-01 5.853107619264850264e-02 3.790054046925686593e-02
1.017324664504325599e-01 1.067097693105200917e-01 6.375435945666152460e-02
1.622797189221215630e-01 1.152466272932810842e-01 8.133383201538044172e-02
6.225522272586933581e-02 5.362852032729074209e-02 2.239104297194546497e-02
5.312283479828505683e-02 9.773202463075343627e-03 2.068030238263046661e-02
8.909043232188293415e-02 7.328507695436480007e-02 3.855383131202391733e-02
7.157428840766280609e-02 4.684807545887442054e-02 2.415054016061219180e-02
9.291966399861803505e-02 6.509779565557435865e-02 2.636438660856275928e-02
6.317619089479434291e-02 2.972455037193116531e-02 2.384258259924067203e-02
7.360079889595007308e-02 9.290781458529803749e-02 4.063487768516851201e-02
8.384612323542400825e-02 7.030215991726940228e-02 4.844084943753027006e-02
7.133276597804623365e-02 9.153372810701332352e-02 8.340376875614673169e-02
1.290496771630389450e-01 1.506512759429457504e-01 8.636851783322545273e-02
5.185513548686100649e-02 3.841390487091338873e-02 1.918868747302895569e-02
1.122506686529692876e-01 1.010587830471790238e-01 1.183920471618292170e-01
2.052594947457619945e-01 1.572149837615703649e-01 1.018978944746791182e-01
2.055375219673327147e-01 1.299055263412612904e-01 1.218882763484221976e-01
1.543421388957688378e-01 1.325410526640542208e-01 7.446850745672300986e-02
7.118566410168609970e-02 4.236713560824036107e-02 3.697824204747314492e-02
1.592650551978326834e-01 1.524815978289191798e-01 1.830421667393620222e-01
1.474057858870232440e-01 1.428314700039178820e-01 2.396754575559228162e-01
6.098757648139713911e-02 4.948159050733495767e-02 2.482305083047836244e-02
6.185179731322473784e-02 5.046824729178425728e-02 2.811118303648443839e-02
1.987140728933307898e-01 2.073402815269127231e-01 1.238951559244311634e-01
1.490784230577750780e-01 1.388156112235080231e-01 1.091943359398867552e-01
6.745732369271083273e-02 5.562266202628707301e-02 3.941257127646589919e-02
1.214335495279129512e-01 8.536944226327786156e-02 4.466069913532987740e-02
6.460329886135264543e-02 6.364564617440669758e-02 3.461623865128473504e-02
7.816735958451613564e-02 9.479752640761546223e-02 6.728798707370642340e-02
8.552800903719011416e-02 7.176614237880864222e-02 3.042539888298752271e-02
1.563047228718227599e-01 1.008443339699291452e-01 5.038298682047361032e-02
7.030374207056395985e-02 4.630955433291724516e-02 6.043008415031542180e-02
6.651672083070080121e-02 8.060180490267319919e-02 5.959556670978115311e-02
7.330058865166853843e-02 8.476496137856250057e-02 4.401923337865865787e-02
8.826641667699766658e-02 1.141264268887874911e-01 5.419924204818563768e-02
5.743082178383489972e-02 7.400362524392324615e-02 3.970809554565685184e-02
6.466805483989887526e-02 5.174540761913536818e-02 4.032197515894121037e-02
1.599106879719954244e-01 3.434775495935338263e-01 7.775617302502206563e-02
8.451927523760928429e-02 7.469371600947347090e-02 6.216263789261887440e-02
6.339570322249418743e-02 7.296288796393433917e-02 3.360458787138882047e-02
6.717021677884341124e-02 5.352990312265690220e-02 3.949507726154082021e-02
1.090771062189926643e-01 9.631631837241605432e-02 4.921570980784043675e-02
1.372841684581761756e-01 1.619691970139189863e-01 5.463307200746228554e-02
9.341639804544259185e-02 8.827423154015838491e-02 3.993840939835907600e-02
6.043073590619299496e-02 6.899229144625737553e-02 2.574172208759588701e-02
7.438899919004730854e-02 6.104316312100864506e-02 3.258184052000186182e-02
9.101410999384328127e-02 5.020732902299731432e-02 2.438369792731907501e-02
6.358358344670884954e-02 1.341869229037075673e-01 4.375274857490213387e-02
1.432898625419285199e-01 1.133003044052531688e-01 8.013064920806819980e-02
1.430208850536028864e-01 1.310274449137956709e-01 6.830753120556315450e-02
1.258782251825616150e-01 1.121843246800303950e-01 5.591101253125491805e-02
1.037874386737429877e-01 8.928524069639573457e-02 6.494047264299160349e-02
1.991567150290945443e-01 1.035679021780967768e-01 6.303724166517707395e-02
9.005689226855551066e-02 5.746720166464396040e-02 3.538028262801155843e-02
1.097599823417542142e-01 8.621182795198495397e-02 3.619302499415814889e-02
1.555635472022709742e-01 1.140841757638308973e-01 9.863196389244066609e-02
2.084301209670892663e-01 1.359366630539991239e-01 1.067108719927315763e-01
8.371306573910732018e-02 7.600174935788109321e-02 4.485334706014183770e-02
2.649175064689676673e-01 1.915982882691720235e-01 1.285249312195402005e-01
8.406905921050464303e-02 1.090818959476428651e-01 7.225247375174015385e-02
8.088816038923678231e-02 8.821153711675498721e-02 5.744813582825033377e-02
1.284613589752606477e-01 8.633062424519828693e-02 4.490649365407349547e-02
8.253601860199583085e-02 7.994889152307529945e-02 4.612626314159946894e-02
7.779042466833817338e-02 2.264407554223528407e-02 9.911916919212089908e-03
6.300475589401959009e-02 7.769650074042735999e-02 4.339969721195313657e-02
6.791684196490874181e-02 7.334695319917418355e-02 3.217055895651207281e-02
8.330944723392348650e-02 5.275829564439751818e-02 3.878350190484059629e-02
1.054300813533417536e-01 8.665092157411827256e-02 7.351565643471939804e-02
9.174945118053308424e-02 6.894784087380992910e-01 4.829861803687295063e-02
6.273201700597978714e-02 4.197456558655020958e-02 2.777851852799264817e-02
8.694791846685480385e-02 7.983394716779391997e-02 5.399881586038643433e-02
6.712652550421777109e-02 5.471865892071366144e-02 3.455771460643279613e-02
1.588206282876985787e-01 1.054518043454080317e-01 5.632844794401064420e-02
1.474677130237819489e-01 1.839702008687802981e-01 9.300177601047812659e-02
9.771190084164209366e-02 1.087594491413087922e-01 5.411573239404808555e-02
6.759546522729491247e-02 6.636433891903831261e-02 3.004365445512002103e-02
9.181370532963122055e-02 5.879411274130879467e-02 2.899087845527736559e-02
8.766672010849672902e-02 1.432032005895527982e-01 6.509036712333977903e-02
1.192854706314678964e-01 1.080379018974129968e-01 4.426577417082610405e-02
1.020290914038820690e-01 7.329509646572288095e-02 5.014672326057387219e-02
9.854170214850097032e-02 9.637769461632449131e-02 7.212232354755956920e-02
9.909609717837222775e-02 1.165165024454315745e-01 5.270767304358633248e-02
8.830084050552917951e-02 7.547492551736013910e-02 6.535724082786974198e-02
1.206164090802362004e-01 1.120346352858728745e-01 7.647099845199646639e-02
5.802456650499568380e-02 5.016481691817320510e-02 2.648143121612762593e-02
5.920016448554701882e-02 2.630908601416891146e-02 1.391368721219790085e-02
9.924309344127037191e-02 1.249215884598553761e-01 6.723899084671947080e-02
1.408734002415965858e-01 1.534961455825786247e-01 8.295512412574787553e-02
6.657842717915503361e-02 5.806778830638287953e-02 2.901395409876462647e-02
1.591506863538651728e-01 1.103145388673039684e-01 6.389007441449268132e-02
1.048943311928097200e-01 1.173402722889140271e-01 5.146872613413486230e-02
1.864230649740573620e-01 1.399398182718242512e-01 1.011709946600660159e-01
1.682693885855667815e-01 1.476802137736878406e-01 1.120929283754390632e-01
5.137599881988696993e-02 3.646465886975730486e-02 2.204573533419876968e-02
9.291385204245049267e-02 9.351664340441540046e-02 3.872393611251086915e-02
7.330040972548380884e-02 7.598401080880419489e-02 3.247781456525609262e-02
8.185269335430010729e-02 5.723754947339000643e-02 3.707169461479598027e-02
1.008667865324081175e-01 1.464555263637400129e-01 4.307035167959784999e-02
7.276468661189088027e-02 8.443906647734802928e-02 4.506088043804924032e-02
9.292205653871209170e-02 6.175665507798433485e-02 8.659743687647211696e-02
8.303599090126675963e-02 1.027508742792943852e-01 6.570189094818389142e-02
7.207066965178490769e-02 9.345518331038135673e-02 5.178327324082666883e-02
1.362335290540917510e-01 1.878396624611187726e-01 7.119568187594740860e-02
6.080455276951175769e-02 3.723726523174621106e-02 2.505279754960277466e-02
8.158542441034509485e-02 4.711317902956260739e-02 3.259361610857090114e-02
1.358824102703909964e-01 1.088397112655140053e-01 1.099638552398299191e-01
8.226981942653335822e-02 8.822430711943368697e-02 5.184978720316026080e-02
7.941861739269449882e-02 7.581627061609888529e-02 4.526431201329888382e-02
7.830920325207640920e-02 3.968166225320090418e-02 7.297455295143219500e-02
8.976592090466178897e-02 8.518245877903357632e-02 4.452838763354197843e-02
6.279915531233978832e-02 7.184203375686395998e-02 3.589258370641710411e-02
7.968884194056853609e-02 7.027911392870730967e-02 5.280293857281302683e-02
9.670745442899832123e-02 1.024873700860269299e-01 8.867648610610644189e-02
1.324948539644424661e-01 7.884046176920664339e-02 3.934046516688526063e-02
1.072963409004702856e-01 8.519479288658099447e-02 6.241524425232106155e-02
1.301777684395934442e-01 1.071478905395796821e-01 5.727593645137182832e-02
1.445335627707453330e-01 1.275070903997426730e-01 4.814804591292432684e-02
7.922933116818890731e-02 9.454644328259835528e-02 5.045682405374730256e-02
7.678386510104891205e-02 3.912517755746879045e-02 4.495574568414038852e-02
9.040580721170241030e-02 7.943166985552524428e-02 3.852088665379932442e-02
1.464491553894781140e-01 1.149712995034785357e-01 8.837623382149123463e-02
9.969346829051679848e-02 9.232441040966074541e-02 4.739986170483859174e-02
1.464210183807203580e-01 1.296578325433224987e-01 6.952259248306029427e-02
1.468510391835269047e-01 1.221043125553701869e-01 6.338052819259075432e-02
5.585901314103810383e-02 5.464278925627461675e-02 2.558195417363825011e-02
1.267101790793285776e-01 8.096609147623737290e-02 5.077965191318548066e-02
6.225949270785914591e-02 5.820726036231809591e-02 2.600466680759264126e-02
1.261412978133568952e-01 1.068651233841295539e-01 6.077083690675670613e-02
1.039949961779226828e-01 1.451666580279301622e-01 5.765809909734629368e-01
8.949417087727953857e-02 1.299481302551165340e-01 3.873656008964825037e-02
1.558400832281458537e-01 8.047253950329956718e-01 9.820709683053911732e-02
2.143820441382289221e-01 2.051594731970383667e-01 1.624044606896883625e-01
7.455388539525646674e-02 4.766971811031484041e-02 3.233131418666725793e-02
8.668756872563150584e-02 9.458229541678120356e-02 3.888261371575298109e-02
7.278179449740608542e-02 6.618753843843853957e-02 3.572095985458281775e-02
1.098162126153773566e-01 1.168468358082954822e-01 5.557393278377338597e-02
1.717516117274981435e-01 1.372653546960378723e-01 6.554314160971244640e-02
8.931948149989681063e-02 7.526922529989574229e-02 4.344204070542544149e-02
1.226464003210807202e-01 7.900056324347656811e-02 5.117598762083788028e-02
1.075187899268789521e-01 9.711463142218115796e-02 4.230895825173332930e-02
1.182261943934630050e-01 1.462186186061985027e-01 5.742181710811142953e-02
9.588445295769407184e-02 6.303303239105949307e-02 3.869025397644480779e-02
9.328296422904694407e-02 8.719951874800078995e-02 4.617184792768273122e-02
1.009110108496914654e-01 8.231591312853048237e-02 6.161890292063457175e-02
6.895099152593982261e-02 4.479997492183911828e-02 2.868724936587315616e-02
8.474253252979660478e-02 8.762755272056044209e-02 4.558947684430934844e-02
9.444984571277174890e-02 4.735448953704192443e-02 2.010424347317287669e-02
1.559515664428405279e-01 1.521375444004171018e-01 1.467629754000333575e-01
8.623953614308593751e-02 8.510188063883482312e-02 9.118389541552542055e-02
1.765735257843882022e-01 3.088099691179255757e-01 7.722855417305850290e-02
1.144086694082087075e-01 1.096969025195286551e-01 6.226692338757725681e-02
1.056853545495728547e-01 1.462395861001140052e-01 3.967145488382235047e-02
7.391249978092910566e-02 3.397637056641666931e-02 2.053237123303855785e-02
1.216632886384692719e-01 7.019774448853378923e-02 3.694486400108774882e-02
7.505576497292960891e-02 7.239719759660664944e-02 3.996801602439485623e-02
4.786262054602701682e-02 3.780225700170708469e-02 1.082447240267829514e-02
4.630148655333767016e-02 3.642298628053061704e-02 2.859928353375288876e-02
9.649760947173964543e-02 3.106416352762936609e-02 5.529672914177532483e-01
8.298011368485069816e-02 1.198226090541092415e-01 6.294171784643026735e-02
1.562396208521300567e-01 1.304078426860066364e-01 7.489831184867216940e-02
8.701352834212043585e-02 9.998445619804378903e-02 5.199997185503659608e-02
1.042297541537780953e-01 1.944176003538656550e-01 3.212296541955386719e-02
8.625143025899160987e-02 5.615046247886432140e-02 2.626983613809237214e-02
1.694474180289414211e-01 1.632015342853058992e-01 1.517696034081137402e-01
